name,x,y
3110035E14Rik,6854.328859121013,14094.069031091538
3110035E14Rik,6836.857950064541,14099.475747669923
3110035E14Rik,6847.4505135108175,14095.842966594993
3110035E14Rik,6849.124490852159,14101.399721912025
3110035E14Rik,6852.746569736291,14114.328303586184
3110035E14Rik,6853.563769819044,14104.472795946991
3110035E14Rik,6842.387852394663,14235.54771608753
3110035E14Rik,6879.1618347770045,14468.276382536478
3110035E14Rik,6871.755516217029,14451.306504797096
3110035E14Rik,6869.2392903735845,14367.742836937743
3110035E14Rik,6862.737169166282,14375.110465632168
3110035E14Rik,6875.864289425796,14389.191875484787
3110035E14Rik,6877.721377513541,14623.485858042774
3110035E14Rik,6874.514529995305,14631.381898228548
3110035E14Rik,6871.995038796333,14620.897443425605
3110035E14Rik,6876.656903525522,14413.139166101611
3110035E14Rik,6864.648898228741,14429.999052956506
3110035E14Rik,6876.956082013644,14412.535402543122
3110035E14Rik,6876.13611207989,14408.24022150924
3110035E14Rik,6876.398875682454,13966.998912744772
3110035E14Rik,6879.2907418933455,13991.15086548064
3110035E14Rik,6880.229661914035,13991.238548105654
3110035E14Rik,6887.315354664075,13993.312125248485
3110035E14Rik,6874.665605395338,13989.25943086547
3110035E14Rik,6895.562544858405,13894.396888399004
3110035E14Rik,6889.310580177742,13739.22161621036
3110035E14Rik,6900.085299403267,13749.800471430643
3110035E14Rik,6901.8909311960315,14828.941930412082
3110035E14Rik,6887.082438922197,14233.256335020145
3110035E14Rik,6903.561053816552,14209.84177670629
3110035E14Rik,6912.20004687343,14216.825390013246
3110035E14Rik,6887.40927548984,14242.255655309404
3110035E14Rik,6894.325489079902,14606.077717507145
3110035E14Rik,6907.241794674967,14316.099197609015
3110035E14Rik,6895.17652138129,14327.864702027671
3110035E14Rik,6907.846670413985,13755.771413271314
3110035E14Rik,6907.558405846878,13762.82056787638
3110035E14Rik,6903.1413609270385,13789.997321635006
3110035E14Rik,6890.094682531377,13947.45194905449
3110035E14Rik,6921.568223528173,14366.479548705629
3110035E14Rik,6928.002178899742,14362.609547810562
3110035E14Rik,6920.948764280743,14387.583066693413
3110035E14Rik,6927.608068783914,14362.817174620192
3110035E14Rik,6926.628631176436,14370.082159853586
3110035E14Rik,6919.2053227249635,14376.343765949054
3110035E14Rik,6906.489031587839,14622.797226947554
3110035E14Rik,6932.275618501007,14636.8976652648
3110035E14Rik,6922.72720900899,14174.36835380695
3110035E14Rik,6921.333400323504,14183.086027961019
3110035E14Rik,6911.337170069001,14579.398821845278
3110035E14Rik,6925.436745875469,14577.150717920678
3110035E14Rik,6918.3406022670615,14566.678610772111
3110035E14Rik,6930.397301304092,13669.781562473538
3110035E14Rik,6934.660243630343,13673.323091729191
3110035E14Rik,6929.262778599598,14535.79556396874
3110035E14Rik,6936.024176473852,14520.34251420927
3110035E14Rik,6943.005310829328,13908.394008835217
3110035E14Rik,6943.136048037951,13905.972639547266
3110035E14Rik,6928.621294709247,13911.910343277337
3110035E14Rik,6935.805635187272,13910.362258179315
3110035E14Rik,6938.2014830099715,13914.003595307267
3110035E14Rik,6936.262919778708,13915.213469699507
3110035E14Rik,6939.619331174661,14231.857934769214
3110035E14Rik,6920.664273028242,14257.080864402575
3110035E14Rik,6935.80378480209,14487.771408098773
3110035E14Rik,6939.246325859936,14476.322011254604
3110035E14Rik,6944.69671653902,14491.094948787271
3110035E14Rik,6931.923295621703,14148.495561733696
3110035E14Rik,6935.8407572106225,14164.749809753603
3110035E14Rik,6965.724373299981,14049.454324785936
3110035E14Rik,6950.304438551543,14255.928874685913
3110035E14Rik,6967.35668501293,13795.51002582289
3110035E14Rik,6951.448377074763,14679.906912238777
3110035E14Rik,6940.51932244465,14547.64311675737
3110035E14Rik,6968.431455542826,14543.285623035885
3110035E14Rik,6971.380931397685,14637.097451050175
3110035E14Rik,6971.35129079211,14655.76773420965
3110035E14Rik,6974.621097693283,14661.704450999583
3110035E14Rik,6980.069314365489,14638.256379075876
3110035E14Rik,6969.118710418003,14659.758860448972
3110035E14Rik,6970.897134238877,14648.495094270047
3110035E14Rik,6965.025675176533,14880.531441424493
3110035E14Rik,6952.404286111622,14857.85553936027
3110035E14Rik,6965.070912170647,14306.707188014187
3110035E14Rik,6976.009209206519,14312.503413597777
3110035E14Rik,6977.348261231583,13761.094463815876
3110035E14Rik,6959.786976912674,13836.020407193793
3110035E14Rik,6957.381982334667,13839.761518923793
3110035E14Rik,6944.981756571099,13829.779376074432
3110035E14Rik,6987.780080102598,14123.906358380698
3110035E14Rik,6963.389313762138,14120.545611435664
3110035E14Rik,6965.508133175499,14467.794494088588
3110035E14Rik,6987.514490509102,14481.719755511424
3110035E14Rik,6983.662691062122,14108.417598435148
3110035E14Rik,6965.275487224458,14123.028776913001
3110035E14Rik,6971.028996028029,13901.631807450676
3110035E14Rik,6986.81669830195,13890.943817305255
3110035E14Rik,6992.699132744528,14402.310608438302
3110035E14Rik,6969.377644997141,14391.854758234262
3110035E14Rik,6979.780558417885,14280.573492793588
3110035E14Rik,6974.411744094653,14270.267566211012
3110035E14Rik,6999.981062612633,14273.270089728416
3110035E14Rik,6980.168000877005,14884.373453435734
3110035E14Rik,6997.461019527974,14206.068974631538
3110035E14Rik,6989.583957041451,13942.49021990234
3110035E14Rik,6986.408251713471,13972.736848736065
3110035E14Rik,6956.636643418079,14817.017092030948
3110035E14Rik,6987.399544271734,14832.491013585954
3110035E14Rik,6977.1229697317085,14824.503657628042
3110035E14Rik,6989.744687211155,14971.69811000991
3110035E14Rik,7003.536639395144,14966.38774637273
3110035E14Rik,6998.598678718656,14953.129843986433
3110035E14Rik,6982.283274183101,14970.909289865536
3110035E14Rik,6996.047812575518,14972.97062161604
3110035E14Rik,6985.009329552306,14969.538999311511
3110035E14Rik,6985.952224270242,14424.535350852797
3110035E14Rik,6971.4375445531805,14408.5465458418
3110035E14Rik,6993.0576556977785,14239.234807643097
3110035E14Rik,6982.648185587837,14230.553112703494
3110035E14Rik,6983.619170768439,14182.144765076813
3110035E14Rik,6987.140256298328,14431.170880097201
3110035E14Rik,6996.470016183194,14440.06044288185
3110035E14Rik,6997.876434597554,14429.103431803758
3110035E14Rik,6982.872960497207,14566.871541538212
3110035E14Rik,6991.345629962479,14353.878414349017
3110035E14Rik,7009.967708816092,15015.234137011546
3110035E14Rik,6994.661897316169,15033.52206924566
3110035E14Rik,7016.612408576542,15013.499914840382
3110035E14Rik,7019.91379573642,15030.62485021746
3110035E14Rik,7012.1624415486995,14326.142930631107
3110035E14Rik,7026.960073289078,14329.260859930464
3110035E14Rik,7035.919536437528,14331.267822859672
3110035E14Rik,7019.237534130658,14061.189604174006
3110035E14Rik,7024.008344389034,14040.425482412036
3110035E14Rik,7028.858781118583,14068.302888645272
3110035E14Rik,7007.74930911091,14530.26246697884
3110035E14Rik,7033.044237840345,14530.086876661602
3110035E14Rik,7012.308238414949,14514.868345089748
3110035E14Rik,7025.315021272021,14635.324626048603
3110035E14Rik,7033.251638606037,14559.096190138062
3110035E14Rik,7038.342423622811,14564.524219651874
3110035E14Rik,7027.77008652574,14540.713632277251
3110035E14Rik,7027.770372203104,13852.112686490293
3110035E14Rik,7020.370529592878,14083.060094465094
3110035E14Rik,7028.953037364549,14085.821629859935
3110035E14Rik,7026.084407616965,14765.892350783468
3110035E14Rik,7031.283396387427,14763.381132935425
3110035E14Rik,7025.250243806903,13677.249860039554
3110035E14Rik,7041.490898445195,13688.542709218074
3110035E14Rik,7021.070793098211,13681.811940393842
3110035E14Rik,7024.15806880271,13689.842564305469
3110035E14Rik,7019.5558164602,13676.808835265245
3110035E14Rik,7020.140142742679,13682.105212327106
3110035E14Rik,7036.795198837821,14349.42414240158
3110035E14Rik,7025.398631726066,14384.573604191215
3110035E14Rik,7035.942706762267,14356.746228813121
3110035E14Rik,7049.583924229363,14824.501446926595
3110035E14Rik,7062.060351002888,13834.4821806902
3110035E14Rik,7056.063305623751,13818.788717207352
3110035E14Rik,7040.954007728791,13842.567214362427
3110035E14Rik,7047.8073125684605,14180.165109178015
3110035E14Rik,7043.5183905091935,13737.687884853452
3110035E14Rik,7059.4023725505795,14794.94411832699
3110035E14Rik,7050.0641511416,14763.245737314748
3110035E14Rik,7061.801924760282,14780.316492847898
3110035E14Rik,7042.749458611728,14784.780799583044
3110035E14Rik,7037.457021600981,13909.929120030594
3110035E14Rik,7063.901108431205,13903.794765718601
3110035E14Rik,7058.015671676,13911.705515186592
3110035E14Rik,7062.118905519953,14917.070235303901
3110035E14Rik,7066.431320152777,14932.768046431129
3110035E14Rik,7061.460687370226,14911.914859722945
3110035E14Rik,7062.472946154036,14793.503564148952
3110035E14Rik,7051.860249904562,14796.148278799365
3110035E14Rik,7061.809875226041,14472.145068941361
3110035E14Rik,7055.068082815969,14469.05003876517
3110035E14Rik,7043.680793778731,14463.52345867209
3110035E14Rik,7081.730997808839,14557.061083036293
3110035E14Rik,7071.715297343289,14350.797632490758
3110035E14Rik,7041.3582604723415,14359.02144136744
3110035E14Rik,7062.755339053127,14424.6213353023
3110035E14Rik,7066.893364101327,14425.480454592223
3110035E14Rik,7070.96250503673,14318.996851310863
3110035E14Rik,7079.217368509497,14339.936998079867
3110035E14Rik,7066.9315770287385,14334.709845493435
3110035E14Rik,7065.233692771705,14318.32987569157
3110035E14Rik,7074.045307735703,14316.703171779205
3110035E14Rik,7073.684829419608,14318.251170911799
3110035E14Rik,7081.991817743062,14497.42799288059
3110035E14Rik,7075.269511466542,14473.175757865003
3110035E14Rik,7079.078313553495,13899.19237653906
3110035E14Rik,7072.187499427596,14862.856080554957
3110035E14Rik,7073.495624866357,14864.526829569364
3110035E14Rik,7102.580676634058,14858.432923349996
3110035E14Rik,7084.697725883859,14121.090468927105
3110035E14Rik,7094.289871576711,14139.414702356344
3110035E14Rik,7098.297480135797,14132.922533572098
3110035E14Rik,7057.678909774808,14848.287940272909
3110035E14Rik,7085.074806899336,14814.956139173175
3110035E14Rik,7097.757849317521,14663.435610579665
3110035E14Rik,7101.128248827105,14647.78789244918
3110035E14Rik,7105.617795640321,14624.827595104243
3110035E14Rik,7100.51826929152,14643.271068491837
3110035E14Rik,7089.663982646744,14172.390866654763
3110035E14Rik,7111.799352005021,14167.80555687002
3110035E14Rik,7101.890434064768,14180.666097526419
3110035E14Rik,7114.411884956025,14177.114401149565
3110035E14Rik,7083.470763247701,13880.511831447599
3110035E14Rik,7099.432037880797,13852.901367472727
3110035E14Rik,7100.2475840021925,13813.387606409884
3110035E14Rik,7112.772305954734,14509.481698374524
3110035E14Rik,7112.337817178605,14502.756157658165
3110035E14Rik,7129.958254789259,14517.41898447227
3110035E14Rik,7119.580941320991,14504.290659116607
3110035E14Rik,7076.27581207878,14769.50532361037
3110035E14Rik,7111.198674514357,14762.316566676796
3110035E14Rik,7100.003997135822,14769.685156039872
3110035E14Rik,7089.171831966448,14778.40338796186
3110035E14Rik,7112.223266295712,14908.376647847588
3110035E14Rik,7102.563874540997,14919.24596153164
3110035E14Rik,7125.030118201654,13894.534388111144
3110035E14Rik,7115.715678594454,13895.031549885169
3110035E14Rik,7112.830395161067,13887.142786985292
3110035E14Rik,7127.213162752678,14932.597375928714
3110035E14Rik,7100.062821999022,13773.534747241118
3110035E14Rik,7113.827161067536,14989.209463400855
3110035E14Rik,7125.7406479861065,14987.667315728559
3110035E14Rik,7137.386862395516,14992.397426408583
3110035E14Rik,7120.684498298524,13860.810329788586
3110035E14Rik,7149.346430590766,13860.120405450098
3110035E14Rik,7113.860556497128,15248.964478079892
3110035E14Rik,7122.259249099753,13988.079194336051
3110035E14Rik,7151.357248080363,13975.021854127182
3110035E14Rik,7135.994515446527,13979.466654831125
3110035E14Rik,7125.634100618378,13993.517853984657
3110035E14Rik,7156.329854757188,14303.049006181207
3110035E14Rik,7137.148360699843,14302.726903516548
3110035E14Rik,7124.46299372464,14308.63572018378
3110035E14Rik,7142.84455496111,14319.748871649672
3110035E14Rik,7142.395588841398,14313.232272427253
3110035E14Rik,7147.96821271675,16255.549133247103
3110035E14Rik,7141.7034644760415,15152.96318419232
3110035E14Rik,7176.492741208015,15142.169530680967
3110035E14Rik,7151.701954475751,15129.868456434077
3110035E14Rik,7150.793339312022,15024.183204199755
3110035E14Rik,7129.292039508717,15030.416631264943
3110035E14Rik,7155.764786780043,15052.699070454264
3110035E14Rik,7162.954327128601,15258.071250712932
3110035E14Rik,7160.116776336205,15259.386640153967
3110035E14Rik,7147.656960769447,15246.602340717824
3110035E14Rik,7173.275618138659,15251.345710245652
3110035E14Rik,7167.436527607769,15272.21267632575
3110035E14Rik,7162.686717208945,15253.76528481265
3110035E14Rik,7169.826278566318,15256.060108287584
3110035E14Rik,7167.338111992957,15244.481001532944
3110035E14Rik,7168.783777801603,14815.975423688596
3110035E14Rik,7175.443768273875,14814.23612853959
3110035E14Rik,7167.868889505652,14817.815179546162
3110035E14Rik,7165.432846134419,14816.475471715814
3110035E14Rik,7143.145064365723,14808.692560844642
3110035E14Rik,7166.553493017177,13783.213513787407
3110035E14Rik,7179.471571481461,14862.19313676003
3110035E14Rik,7168.289987128909,14870.892819020675
3110035E14Rik,7177.039879208083,14861.421610435691
3110035E14Rik,7174.803693717519,13775.638024258898
3110035E14Rik,7162.605502284624,14535.481228811139
3110035E14Rik,7158.605596395366,14955.552240541427
3110035E14Rik,7180.9210275477,14964.606309090565
3110035E14Rik,7158.4557934275035,14941.13677348045
3110035E14Rik,7178.156793931915,14955.590290935455
3110035E14Rik,7190.877534565907,15028.888923481123
3110035E14Rik,7192.864188161846,15043.425980267684
3110035E14Rik,7182.856996247151,15033.219460794846
3110035E14Rik,7183.333684005236,15455.841688887005
3110035E14Rik,7177.837814507808,15439.541275854635
3110035E14Rik,7184.783045045268,15447.462389430202
3110035E14Rik,7189.116724294752,14758.806700629844
3110035E14Rik,7188.7076372687225,14767.590625406265
3110035E14Rik,7214.781166207529,14780.391366730353
3110035E14Rik,7200.08748468351,14786.120924985531
3110035E14Rik,7189.259079649614,14772.39643987669
3110035E14Rik,7190.134404706552,15300.804130177494
3110035E14Rik,7188.7004105681,15279.506360929845
3110035E14Rik,7207.901188719793,13816.95649399123
3110035E14Rik,7202.401438696241,13819.606504006353
3110035E14Rik,7190.934888201962,13815.445392378306
3110035E14Rik,7209.698212347851,14510.331700253042
3110035E14Rik,7204.354204201758,14877.300319141588
3110035E14Rik,7219.27380142723,15197.288401573016
3110035E14Rik,7205.156862722389,15217.712525491235
3110035E14Rik,7198.88168693225,14918.842509461336
3110035E14Rik,7201.416260775188,14941.961801241605
3110035E14Rik,7206.46343474644,14924.12143259096
3110035E14Rik,7212.813096949464,15407.37248807143
3110035E14Rik,7253.72997865728,15375.073506178656
3110035E14Rik,7250.562589404003,15385.253868014097
3110035E14Rik,7235.294161132154,15397.888742855765
3110035E14Rik,7245.578689932947,15514.730544022499
3110035E14Rik,7243.591977565181,15514.59792478698
3110035E14Rik,7261.614543807149,15512.105687204625
3110035E14Rik,7239.51548307311,15143.466218744092
3110035E14Rik,7248.185477136906,15136.24041366843
3110035E14Rik,7253.398201666551,15232.082605224745
3110035E14Rik,7238.498517267493,15231.662047383348
3110035E14Rik,7234.094902762043,15041.173691627422
3110035E14Rik,7243.132311284737,15039.039967920247
3110035E14Rik,7261.207941565034,15300.101544902604
3110035E14Rik,7252.68591521711,15304.67065013688
3110035E14Rik,7251.425458296354,15437.86041795381
3110035E14Rik,7250.780171848752,15440.934397695622
3110035E14Rik,7263.502912214346,15441.059293054068
3110035E14Rik,7268.9264034283215,15435.108119468121
3110035E14Rik,7246.427112564998,15341.059466112172
3110035E14Rik,7245.854623343427,15274.028030534833
3110035E14Rik,7266.28025508056,15202.368383145897
3110035E14Rik,7265.998039602098,15197.834657666528
3110035E14Rik,7293.99064318015,15326.57207698232
3110035E14Rik,7285.965815831135,15329.711332427307
3110035E14Rik,7309.8254096627315,15279.033750310882
3110035E14Rik,7300.495427388745,15263.55205728544
3110035E14Rik,7322.03152122201,15329.76717805304
3110035E14Rik,7334.399444904979,15515.483697133306
3110035E14Rik,7336.565069727189,15487.77724195275
3110035E14Rik,7337.064246677503,15512.239237949487
3110035E14Rik,7333.426233909855,15265.451929756071
3110035E14Rik,7361.906467895769,15394.540337850214
3110035E14Rik,7337.664701555073,15380.652343629596
3110035E14Rik,7366.136427977273,15364.123088151093
3110035E14Rik,7359.186291925998,15389.145145451843
3110035E14Rik,7356.187802289919,15603.685065561196
3110035E14Rik,7361.353124367084,15458.262276001231
3110035E14Rik,7354.87959986843,15661.990956136377
3110035E14Rik,7366.420238566018,15494.102802180601
3110035E14Rik,7368.108068665539,15505.356329575083
3110035E14Rik,7354.008611260726,15708.292015351157
3110035E14Rik,7357.135909838551,14831.444549848326
3110035E14Rik,7400.595573892807,15422.043684213473
3110035E14Rik,7392.661229352697,15415.048626667118
3110035E14Rik,7374.260033152063,15419.089514167188
3110035E14Rik,7378.410594787919,15432.874889366849
3110035E14Rik,7390.569720780792,15405.348335456703
3110035E14Rik,7392.05744949701,15414.928838778455
3110035E14Rik,7363.833629533624,15422.580306025253
3110035E14Rik,7385.2567828879555,15421.377787446052
3110035E14Rik,7396.7286666386135,15403.090020812944
3110035E14Rik,7391.974556196504,15424.623253609672
3110035E14Rik,7398.68651635532,15420.702764588536
3110035E14Rik,7396.8482899314195,15427.182642637928
3110035E14Rik,7386.90404058732,15136.274803438611
3110035E14Rik,7374.038629744778,15136.689486275802
3110035E14Rik,7379.030186885547,15121.492617063157
3110035E14Rik,7403.328291521093,15571.46688890333
3110035E14Rik,7392.843886826645,15570.726844239736
3110035E14Rik,7387.65164557281,15796.187080461501
3110035E14Rik,7395.718718816741,15719.027693402439
3110035E14Rik,7388.678989361629,15738.441323379355
3110035E14Rik,7407.291785052266,15538.784049490168
3110035E14Rik,7396.23311559778,15636.92981229023
3110035E14Rik,7405.100132548152,15626.095779547495
3110035E14Rik,7417.355796028545,15623.405210820998
3110035E14Rik,7405.78705951335,15469.053322948566
3110035E14Rik,7418.506678306738,15288.16043956129
3110035E14Rik,7428.3806060301495,15271.691238749596
3110035E14Rik,7407.296382805667,15282.805329951638
3110035E14Rik,7414.732666394436,15271.359272256492
3110035E14Rik,7425.057881250575,15287.357452820375
3110035E14Rik,7409.423801382953,15294.419960896925
3110035E14Rik,7410.165205798105,15288.290563614197
3110035E14Rik,7411.446012962013,15285.939627501946
3110035E14Rik,7430.383575705085,15283.236972780787
3110035E14Rik,7422.194035151897,15682.314178272885
3110035E14Rik,7412.60227036482,15790.012092937162
3110035E14Rik,7418.918798965483,15525.012865275101
3110035E14Rik,7413.99536262182,15837.585527022227
3110035E14Rik,7445.206197777922,15547.99608002449
3110035E14Rik,7428.527851797671,15556.005127912878
3110035E14Rik,7415.520388412221,15585.622968549073
3110035E14Rik,7424.673269452287,15603.123453373346
3110035E14Rik,7409.402790396797,15587.748187772135
3110035E14Rik,7439.397688481991,15642.874036018611
3110035E14Rik,7434.4118916274665,15636.863158554892
3110035E14Rik,7454.951509370565,15319.592095211809
3110035E14Rik,7424.809179135091,15324.46034065566
3110035E14Rik,7445.382445946978,15322.08754975032
3110035E14Rik,7432.968202173339,15415.882768764135
3110035E14Rik,7448.552808226502,15701.749610800889
3110035E14Rik,7458.446205078386,15696.728637766631
3110035E14Rik,7461.423056371369,15701.26181382603
3110035E14Rik,7462.654080831053,15705.063697584848
3110035E14Rik,7459.707593545058,15846.116988326135
3110035E14Rik,7445.532697440591,15569.81017164812
3110035E14Rik,7449.180264583228,15564.819665557377
3110035E14Rik,7468.55425913784,15645.188427762483
3110035E14Rik,7445.379328512706,15641.537911891875
3110035E14Rik,7472.561520099081,15819.481757416588
3110035E14Rik,7533.71891308197,15846.29111145792
3110035E14Rik,7510.47485210787,15689.563061808123
3110035E14Rik,7527.092546840589,15754.64997746128
3110035E14Rik,7552.097977048023,15816.861187831917
3110035E14Rik,7532.469332221051,15890.29786806081
3110035E14Rik,7528.8861526707515,15881.751354681059
3110035E14Rik,7545.792052499959,15917.526234138828
3110035E14Rik,7517.653794123239,16012.984298982872
3110035E14Rik,7530.011576019202,16012.665869175176
3110035E14Rik,7530.975507919835,16014.458176517142
3110035E14Rik,7547.29404373876,15873.35800884805
3110035E14Rik,7541.908087329468,15852.063100562194
3110035E14Rik,7543.139005111359,15968.444864937697
3110035E14Rik,7574.870154395459,15930.294786704373
3110035E14Rik,7581.4205509312005,15916.373433809978
3110035E14Rik,7582.105182955189,15939.856751971567
3110035E14Rik,7572.797436356185,15848.480159169614
3110035E14Rik,7589.473354116583,16626.375386247913
3110035E14Rik,7586.358364315534,16626.779723142598
3110035E14Rik,7588.350343188795,16629.953694425007
3110035E14Rik,7610.75020230468,15956.255930299258
3110035E14Rik,7608.521233872882,15938.57755777399
3110035E14Rik,7592.267595026069,15964.830458364017
3110035E14Rik,7604.394044762374,15907.123601489595
3110035E14Rik,7604.332549045424,16128.403976808771
3110035E14Rik,7623.161261083325,16008.307881152483
3110035E14Rik,7617.154394863452,16001.35975735683
3110035E14Rik,7643.63625109424,15998.156150480825
3110035E14Rik,7656.947274789796,15967.234678116598
3110035E14Rik,7650.554544532489,15976.217312794837
3110035E14Rik,7641.873963034198,15972.647862107773
3110035E14Rik,7636.656485431601,16144.542013291737
3110035E14Rik,7645.24750784436,16139.798802038007
3110035E14Rik,7663.331915760042,16163.964140554246
3110035E14Rik,7671.221362545361,16168.240083174624
3110035E14Rik,7667.365823562108,16018.293999836802
3110035E14Rik,7696.205050720394,16055.588781920718
3110035E14Rik,7667.65180440602,16057.11893561783
3110035E14Rik,7676.539230951038,16029.498168718079
3110035E14Rik,7692.263768655469,16127.416923470773
3110035E14Rik,7695.456862616067,15975.016935000893
3110035E14Rik,7686.706167580644,16226.838736967155
3110035E14Rik,7697.314806959427,16223.67467767301
3110035E14Rik,7708.79759427806,16219.62365758431
3110035E14Rik,7682.496863511384,16237.206017419205
3110035E14Rik,7686.835466873469,15953.644848151833
3110035E14Rik,7690.827926072751,15975.69432297784
3110035E14Rik,7686.718903608739,15957.614374803916
3110035E14Rik,7689.338327193965,16155.872424790687
3110035E14Rik,7683.243937727966,16192.274584070496
3110035E14Rik,7660.765879804,16195.243948847916
3110035E14Rik,7686.780430089788,16182.308537561448
3110035E14Rik,7688.3962878878465,16166.921336410094
3110035E14Rik,7679.387456960675,16179.768327729029
3110035E14Rik,7687.844309132051,16193.363023861766
3110035E14Rik,7710.724360694271,16266.887058511727
3110035E14Rik,7690.9090588003655,16254.023482046052
3110035E14Rik,7716.521053232554,16026.06499400746
3110035E14Rik,7714.892356499378,16136.686903298643
3110035E14Rik,7730.480381557103,16133.57568021257
3110035E14Rik,7718.653429501668,16211.780749583617
3110035E14Rik,7746.034715391049,16201.46879085886
3110035E14Rik,7734.196516424697,16180.32461666248
3110035E14Rik,7747.742200385901,16099.275526639647
3110035E14Rik,7739.6667740395405,16090.010814657813
3110035E14Rik,7725.55770081854,16080.109430550814
3110035E14Rik,7739.4539085814,16140.10656046558
3110035E14Rik,7732.90691486312,16148.730626854482
3110035E14Rik,7754.359667747496,16139.463935592581
3110035E14Rik,7756.266509306415,16170.922877265633
3110035E14Rik,7761.32915396768,16169.298253476753
3110035E14Rik,7759.427459902492,16248.495412375021
3110035E14Rik,7766.120039249599,16044.162983532908
3110035E14Rik,7763.451469626076,16100.282308264466
3110035E14Rik,7752.997270371694,16338.036299405443
3110035E14Rik,7749.430020283773,16332.156494001436
3110035E14Rik,7752.280765773265,16339.51304473727
3110035E14Rik,7786.019416654388,16370.901747449385
3110035E14Rik,7786.665449574801,16361.408898502319
3110035E14Rik,7804.635661737585,16135.71229525068
3110035E14Rik,7805.632829758842,16213.404415621557
3110035E14Rik,7789.891305437199,16221.35439671136
3110035E14Rik,7825.701386485105,16395.944086822976
3110035E14Rik,7818.848575187962,16384.831510658416
3110035E14Rik,7830.142735961594,16375.76481362453
3110035E14Rik,7824.525852715653,16265.551192896264
3110035E14Rik,7810.767664108498,16255.202836928811
3110035E14Rik,7818.848898450026,16237.79285438394
3110035E14Rik,7817.782666341917,16252.95605535309
3110035E14Rik,7832.318669597497,16280.663834666198
3110035E14Rik,7820.549998689943,16265.988619755408
3110035E14Rik,7828.787702179025,16198.153422446463
3110035E14Rik,7855.3555991675275,16281.288786365807
3110035E14Rik,7888.694506570474,16445.037453493936
3110035E14Rik,7874.215432657215,16518.232988965443
3110035E14Rik,7882.172087274018,16505.970067675156
3110035E14Rik,7904.503241257477,16389.030376032253
3110035E14Rik,7894.385066080304,16391.34783852156
3110035E14Rik,7919.464916770187,16305.797854664383
3110035E14Rik,7901.331962253264,16293.646927189166
3110035E14Rik,7899.492938245016,16352.320920632701
3110035E14Rik,7903.833438714723,16352.79616659136
3110035E14Rik,7905.164903395775,16350.071457867016
3110035E14Rik,7900.084485463849,16510.236046482096
3110035E14Rik,7900.894329597752,16506.21195569906
3110035E14Rik,7918.800717786727,16467.99887995577
3110035E14Rik,7937.1054850772325,16422.329083628552
3110035E14Rik,7917.481697408786,16463.261744617426
3110035E14Rik,7939.269904301103,16385.093364052413
3110035E14Rik,7955.236025649001,16433.39102241681
3110035E14Rik,7978.037908519711,16432.71184340634
3110035E14Rik,7978.680556427486,16445.48273654948
3110035E14Rik,7986.802892966978,16390.277516837166
3110035E14Rik,8014.3842684092615,16558.808088323785
3110035E14Rik,8036.987051840937,16553.420417469984
3110035E14Rik,8002.259917699474,16558.181292933714
3110035E14Rik,8006.059620592615,16636.177551641922
3110035E14Rik,8009.447149052129,16613.78069743183
3110035E14Rik,7996.497807755578,16630.050528846863
3110035E14Rik,8004.200631958201,16361.1966210215
3110035E14Rik,8003.264101495784,16386.766520607747
3110035E14Rik,8003.601802927185,16370.83576013
3110035E14Rik,7994.051819158641,17255.78311675793
3110035E14Rik,8004.986615775629,16386.666997856144
3110035E14Rik,8000.929384227706,16420.358993631864
3110035E14Rik,7992.327365388838,16513.05309882112
3110035E14Rik,8030.885755278165,16578.557731856425
3110035E14Rik,8051.867420862952,16573.05413742297
3110035E14Rik,8035.788174913006,16557.098967947306
3110035E14Rik,8015.236416276163,16531.900856925662
3110035E14Rik,8042.796856179781,16615.091619261035
3110035E14Rik,8061.161942119564,16610.43964717752
3110035E14Rik,8048.530923202774,16588.622291947126
3110035E14Rik,8045.584663318747,16504.268974074253
3110035E14Rik,8070.20967589986,16653.58249738457
3110035E14Rik,8073.3541059960135,16656.211232550173
3110035E14Rik,8054.752826452727,16659.498668945478
3110035E14Rik,8070.991527787142,16657.19609941634
3110035E14Rik,8075.252324285979,16440.437711223687
3110035E14Rik,8099.350262993205,16579.25306003856
3110035E14Rik,8090.054315218813,16574.953432098635
3110035E14Rik,8092.381988006051,16566.931784426906
3110035E14Rik,8093.707159232347,16534.9884093656
3110035E14Rik,8097.582455140897,16464.842118778415
3110035E14Rik,8080.97443246908,16692.247284565314
3110035E14Rik,8099.858094913931,16696.57842660368
3110035E14Rik,8083.2435416912895,16702.261012583407
3110035E14Rik,8090.040714156365,16722.63827013697
3110035E14Rik,8085.836968787533,16522.669998049376
3110035E14Rik,8120.193124607011,16595.192088748878
3110035E14Rik,8121.889733202259,16576.252298794643
3110035E14Rik,8132.049897345685,16710.336401635228
3110035E14Rik,8127.191355250461,16722.499205957793
3110035E14Rik,8125.437000513118,16526.319317085407
3110035E14Rik,8150.271299359726,16669.470898782572
3110035E14Rik,8136.985074428011,16786.912558680087
3110035E14Rik,8147.358038206823,16597.194318522244
3110035E14Rik,8151.685478634646,16553.565077868963
3110035E14Rik,8166.164071360259,16563.86835674196
3110035E14Rik,8147.017507089679,16556.921541180596
3110035E14Rik,8198.588566879349,16682.416394008935
3110035E14Rik,8206.988323832751,16574.913033855366
3110035E14Rik,8214.620295878076,16711.673244371603
3110035E14Rik,8213.201260041873,16639.54051599408
3110035E14Rik,8230.023879591152,16630.285129695894
3110035E14Rik,8220.658503072324,16609.457599628782
3110035E14Rik,8209.064849304745,16601.15526133509
3110035E14Rik,8238.280518737905,16599.533521222453
3110035E14Rik,8231.557787677668,16580.045774742866
3110035E14Rik,8236.339660272602,16855.361158497053
3110035E14Rik,8240.87901747187,16872.059062968176
3110035E14Rik,8252.57842863578,16727.38405837276
3110035E14Rik,8227.826174673753,16731.851542531764
3110035E14Rik,8225.315704454026,16730.604768270317
3110035E14Rik,8263.626292358933,16650.468934230295
3110035E14Rik,8243.529445023882,16663.417255954024
3110035E14Rik,8263.093558117644,16642.877417260206
3110035E14Rik,8252.470438899261,16645.121860471783
3110035E14Rik,8258.423316782146,16694.63345230298
3110035E14Rik,8249.532322639603,16774.406792238737
3110035E14Rik,8266.318297052207,16758.778413534194
3110035E14Rik,8268.704479365331,16737.513122846376
3110035E14Rik,8285.583032946799,16738.36036554491
3110035E14Rik,8262.163994730901,16750.135188209555
3110035E14Rik,8275.491873697969,16740.672448485497
3110035E14Rik,8276.554974397748,16744.01243069635
3110035E14Rik,8274.500841428753,16734.98442822256
3110035E14Rik,8298.727662937408,16939.35766013764
3110035E14Rik,8286.32908026676,16924.334646284406
3110035E14Rik,8296.895512442263,16926.407306940226
3110035E14Rik,8294.675561945076,16928.306664874675
3110035E14Rik,8295.88735757634,16931.451111735296
3110035E14Rik,8288.81652916257,16936.760925245024
3110035E14Rik,8271.665822510698,16941.106537347907
3110035E14Rik,8278.381641454085,16796.05370431929
3110035E14Rik,8285.229842020384,16785.708144068663
3110035E14Rik,8273.053657390563,16781.47348184275
3110035E14Rik,8329.917092312553,16812.402423507498
3110035E14Rik,8336.23483685339,16802.003169800108
3110035E14Rik,8306.092055933437,16771.793725428273
3110035E14Rik,8332.38537320496,16737.552995675203
3110035E14Rik,8355.435589486031,16858.868665152746
3110035E14Rik,8372.34100170309,16745.331744992436
3110035E14Rik,8367.410107831733,16741.75344089667
3110035E14Rik,8374.031290113735,16885.247174251446
3110035E14Rik,8383.16379829313,16903.072162425422
3110035E14Rik,8360.977630224665,16884.2368057634
3110035E14Rik,8375.993239042906,16829.824348800437
3110035E14Rik,8440.08389484356,16768.78732520286
3110035E14Rik,8424.657594546397,16769.186544464344
3110035E14Rik,8456.52699261833,16844.241469039618
3110035E14Rik,8440.557456535886,16847.607602552667
3110035E14Rik,8456.688175422103,16860.581109046878
3110035E14Rik,8446.168448965791,16991.694871707547
3110035E14Rik,8463.555942918385,16987.792103953783
3110035E14Rik,8463.160513526842,16713.95355124972
3110035E14Rik,8475.66016866099,16824.90699181838
3110035E14Rik,8454.21239161504,16931.00697797691
3110035E14Rik,8498.436675417484,16855.728643577117
3110035E14Rik,8490.025920758628,16895.457777833788
3110035E14Rik,8502.884604773039,16912.82137175815
3110035E14Rik,8505.724250462885,17017.87361742401
3110035E14Rik,8495.281868558446,17036.74117600914
3110035E14Rik,8502.21604212688,16939.467402406437
3110035E14Rik,8504.826382650988,16962.126395828807
3110035E14Rik,8533.709998371953,16942.632751413395
3110035E14Rik,8533.043123228315,16938.9019599957
3110035E14Rik,8525.90946174158,16950.091654039326
3110035E14Rik,8539.909057347802,16895.338940355745
3110035E14Rik,8557.575752878312,16906.908485334254
3110035E14Rik,8562.29835947157,16889.11269234314
3110035E14Rik,8524.980703967552,17060.57539134412
3110035E14Rik,8551.071044124852,17105.832995457815
3110035E14Rik,8556.359073411359,16988.362462412857
3110035E14Rik,8556.00027629376,17077.75436029275
3110035E14Rik,8550.74647307989,17078.10777520149
3110035E14Rik,8565.61541964707,17065.75942639842
3110035E14Rik,8602.594482729899,17146.33704547671
3110035E14Rik,8619.180457747845,17003.94993966514
3110035E14Rik,8639.03365779384,17172.10581877963
3110035E14Rik,8638.32602493931,17116.612633288354
3110035E14Rik,8666.944273766165,16999.15695750754
3110035E14Rik,8667.217140796645,17007.432910161155
3110035E14Rik,8639.640922455324,17061.86555145487
3110035E14Rik,8668.503367140902,17221.18101030209
3110035E14Rik,8648.270031622287,17224.285328040623
3110035E14Rik,8673.984333741351,17217.336664182392
3110035E14Rik,8704.669265630024,17036.725632137524
3110035E14Rik,8675.369803460191,17022.27102254896
3110035E14Rik,8675.763312012934,17093.024218898667
3110035E14Rik,8680.417077280916,17074.98082339991
3110035E14Rik,8689.81994934154,16928.09302308892
3110035E14Rik,8681.546759510955,17222.444307308833
3110035E14Rik,8689.759937090566,16954.790119563015
3110035E14Rik,8685.636525522717,17108.214527173914
3110035E14Rik,8684.743513502863,17111.962390300923
3110035E14Rik,8679.385963303113,17125.063002219053
3110035E14Rik,8689.813059262311,17098.594040392654
3110035E14Rik,8694.996601128607,17104.679518790057
3110035E14Rik,8690.315322267536,16996.68428378643
3110035E14Rik,8720.159718346085,17223.5587166991
3110035E14Rik,8720.59167445548,17065.290658155292
3110035E14Rik,8730.06589754769,17118.87901290649
3110035E14Rik,8731.847329293076,17140.08036972313
3110035E14Rik,8729.776139187623,17172.786687215892
3110035E14Rik,8747.742047618925,17173.714726372633
3110035E14Rik,8722.280258969047,17173.927850880074
3110035E14Rik,8749.686909276403,17082.865498354735
3110035E14Rik,8730.23895535846,17085.371118075913
3110035E14Rik,8743.422592658806,17090.853077065236
3110035E14Rik,8789.25051272558,17262.004253267634
3110035E14Rik,8812.868251790678,17121.32143575214
3110035E14Rik,8826.018929024824,17238.142225183725
3110035E14Rik,8826.937844341992,17235.951803422195
3110035E14Rik,8824.263404744677,17729.47591287294
3110035E14Rik,8833.66129058644,17265.306133113718
3110035E14Rik,8846.227993475539,17274.376494832224
3110035E14Rik,8840.52899952995,17198.0312406379
3110035E14Rik,8841.262576427966,17140.484745427235
3110035E14Rik,8890.781323785395,17189.658071755348
3110035E14Rik,8872.585967420899,17203.271584549446
3110035E14Rik,8911.590829994933,17287.748329121005
3110035E14Rik,8907.029018279161,17283.85093770929
3110035E14Rik,8899.94012202799,17306.95122615019
3110035E14Rik,8920.251248343848,17270.629762833185
3110035E14Rik,8916.867745958401,17305.610459810716
3110035E14Rik,8918.823514578424,17300.24096580273
3110035E14Rik,8914.422189183206,17245.970443935435
3110035E14Rik,8918.117449942833,17257.484787368754
3110035E14Rik,8952.138378915066,17365.140652973725
3110035E14Rik,8961.255048108382,17389.54453110122
3110035E14Rik,8951.324046090222,17376.43354412721
3110035E14Rik,8946.255434076433,17373.8496016277
3110035E14Rik,8958.822542367876,17368.42360878211
3110035E14Rik,8986.221257007564,17330.762866697
3110035E14Rik,8986.188167014463,17349.255300741235
3110035E14Rik,8984.084575671808,17345.14227441458
3110035E14Rik,8997.433750207876,17298.616490007396
3110035E14Rik,8973.213527294549,17283.68292174983
3110035E14Rik,8977.880058083174,17265.983855738385
3110035E14Rik,9002.224007214158,17275.03394165014
3110035E14Rik,8983.233248913692,17270.264070019864
3110035E14Rik,9003.59550896365,17259.640085942887
3110035E14Rik,9005.099032720302,17436.391811713893
3110035E14Rik,9020.44274755317,17440.33388136035
3110035E14Rik,9000.08863414483,17393.085585916488
3110035E14Rik,9034.726617628008,17400.556220709677
3110035E14Rik,9041.054286161047,17394.903390673393
3110035E14Rik,9047.116505188487,17338.621338611774
3110035E14Rik,9071.525690088973,17281.67848929948
3110035E14Rik,9084.515058805733,17295.123615103723
3110035E14Rik,9073.680034295927,17351.863451753256
3110035E14Rik,9102.211827860954,17251.930069281174
3110035E14Rik,9121.241821828966,17366.68907617816
3110035E14Rik,9122.68802869244,17373.93696515637
3110035E14Rik,9153.863246975425,17349.863726987318
3110035E14Rik,9145.311892373427,17361.05991911528
3110035E14Rik,9172.657159236658,17326.967914067565
3110035E14Rik,9176.150935848287,17318.317386719908
3110035E14Rik,9157.163008310597,17498.640267675604
3110035E14Rik,9183.629375878909,17577.86759617902
3110035E14Rik,9180.101941616997,17579.800829412314
3110035E14Rik,9193.582994688073,17580.834193525574
3110035E14Rik,9203.476903021156,17339.83863643042
3110035E14Rik,9181.986875288638,17453.787943150655
3110035E14Rik,9194.974542805066,17453.18222091366
3110035E14Rik,9212.02188255856,17376.98656238194
3110035E14Rik,9249.529035303154,17396.28500843665
3110035E14Rik,9244.147907494795,17419.978299893435
3110035E14Rik,9238.800445144245,17430.18576632472
3110035E14Rik,9249.5097621665,17422.616405301047
3110035E14Rik,9289.610707675207,17521.94313122556
3110035E14Rik,9287.682044599327,17516.890227077005
3110035E14Rik,9291.682709935321,17514.634276192413
3110035E14Rik,9306.533966748522,17519.685062434404
3110035E14Rik,9274.788393086248,17517.16769142506
3110035E14Rik,9280.712948418812,17475.03424785826
3110035E14Rik,9288.320342808396,17471.150512153887
3110035E14Rik,9294.087862689163,17390.107275727845
3110035E14Rik,9317.129237789306,17389.367461563506
3110035E14Rik,9305.262995343075,17397.521892346642
3110035E14Rik,9312.010731427872,17467.289881117264
3110035E14Rik,9309.426639189887,17459.180859377157
3110035E14Rik,9315.513162665666,17470.164517216796
3110035E14Rik,9313.702272204266,17489.612941390333
3110035E14Rik,9334.946427939285,17500.043929134652
3110035E14Rik,9333.565901884345,17500.030588597474
3110035E14Rik,9345.455121180437,17550.644384301988
3110035E14Rik,9350.107733984521,17540.063996730532
3110035E14Rik,9383.792166619489,17578.39376086417
3110035E14Rik,9397.59546093768,17569.259645618717
3110035E14Rik,9389.585079284276,17588.34219558032
3110035E14Rik,9394.56532530721,17510.90413459329
3110035E14Rik,9392.04525376743,17486.051039941114
3110035E14Rik,9399.566358916854,17529.490517923132
3110035E14Rik,9416.174596094488,17435.908080697725
3110035E14Rik,9435.802368018865,17501.247409710642
3110035E14Rik,9421.637232451263,17555.659304152738
3110035E14Rik,9422.20340547579,17566.503163601126
3110035E14Rik,9471.640078732333,16892.88348203034
3110035E14Rik,9445.788753982155,16887.350006403565
3110035E14Rik,9466.263173909336,16866.568179713184
3110035E14Rik,9489.70365948316,17498.683199080642
3110035E14Rik,9456.822598454271,17497.32247733897
3110035E14Rik,9476.684903339099,17490.964630132894
3110035E14Rik,9490.996130316287,17571.844937499995
3110035E14Rik,9464.044777800666,17560.557704860825
3110035E14Rik,9487.351874974487,17578.5337957705
3110035E14Rik,9515.919732414242,17602.66558594093
3110035E14Rik,9506.848197491026,17596.371035440654
3110035E14Rik,9517.40712473637,17599.631660304476
3110035E14Rik,9500.026818161843,17521.33931736358
3110035E14Rik,9495.189646786088,17521.88830815483
3110035E14Rik,9511.028375949983,17544.63821659677
3110035E14Rik,9497.878345041656,17548.78529509252
3110035E14Rik,9515.820326329289,17568.781099136027
3110035E14Rik,9518.148387824707,17542.824668788853
3110035E14Rik,9520.755170185525,17684.89838700711
3110035E14Rik,9530.807601390017,17573.440326231554
3110035E14Rik,9542.728687178957,17564.68927165038
3110035E14Rik,9535.031267207387,17565.933026821425
3110035E14Rik,9522.963489931111,17557.168921798373
3110035E14Rik,9549.653514900396,17552.977306355773
3110035E14Rik,9558.388943492724,17627.705507917628
3110035E14Rik,9570.639174231881,17545.6292345812
3110035E14Rik,9564.950368734742,17544.233123508933
3110035E14Rik,9548.072468082823,17598.732867887018
3110035E14Rik,9603.108311742693,17575.40302069797
3110035E14Rik,9597.281989527197,17577.246881030092
3110035E14Rik,9585.188031898388,17565.502099840356
3110035E14Rik,9581.655850426083,17578.64779407134
3110035E14Rik,9591.422220976803,17555.774224392426
3110035E14Rik,9583.63701930877,17554.727290617444
3110035E14Rik,9598.094540759052,17955.378025360424
3110035E14Rik,9607.930901687825,17700.400908543295
3110035E14Rik,9618.428705822724,17584.231393978294
3110035E14Rik,9609.831358302043,17568.2716969569
3110035E14Rik,9618.136353452115,17609.27809751703
3110035E14Rik,9632.844266674047,17629.20753874351
3110035E14Rik,9621.67804022843,17610.40184852662
3110035E14Rik,9636.577117899144,17606.692878414327
3110035E14Rik,9627.90850509207,17602.454825774963
3110035E14Rik,9639.551964210497,17530.512992029202
3110035E14Rik,9634.20464052909,17548.413666169523
3110035E14Rik,9640.35960897322,17535.18567741672
3110035E14Rik,9657.063971539932,17729.86108264308
3110035E14Rik,9677.692215168738,17592.995912483646
3110035E14Rik,9654.98936813824,17622.5619818789
3110035E14Rik,9663.657894338196,17600.106548719818
3110035E14Rik,9684.195149492012,17588.430727176805
3110035E14Rik,9713.379037513905,17545.803420234144
3110035E14Rik,9688.769231266358,17711.716119259298
3110035E14Rik,9745.570244986562,17631.282312162693
3110035E14Rik,9746.433775813122,17674.90136448064
3110035E14Rik,9757.930749937404,17604.974438321227
3110035E14Rik,9765.403778384987,17619.30866980734
3110035E14Rik,9752.608639815791,17607.243641943456
3110035E14Rik,9760.09998176743,17583.570763861488
3110035E14Rik,9756.105674752438,17561.461856957896
3110035E14Rik,9752.47556967893,17572.134510874715
3110035E14Rik,9775.73456644743,17644.58476869671
3110035E14Rik,9763.43827773694,17708.0660543017
3110035E14Rik,9791.234161189117,17692.909678401513
3110035E14Rik,9793.557947531399,17711.424533661615
3110035E14Rik,9811.611751263104,17633.76418810276
3110035E14Rik,9801.590939346343,17600.58876131653
3110035E14Rik,9820.109437574018,17780.9814443577
3110035E14Rik,9842.124965439667,17779.412474788707
3110035E14Rik,9864.662875546632,17761.472758064825
3110035E14Rik,9870.04706467789,17650.592280390076
3110035E14Rik,9897.494728966823,17691.547928833304
3110035E14Rik,9909.225731033088,17677.85265026765
3110035E14Rik,9870.639158665483,17696.710506655596
3110035E14Rik,9909.236537781719,17762.543467435706
3110035E14Rik,9884.460425682195,17745.42865323735
3110035E14Rik,9915.421008494059,17715.7934164571
3110035E14Rik,9917.258556631987,17708.110249224377
3110035E14Rik,9964.31459045547,17664.111695063188
3110035E14Rik,9948.73748036478,17659.08252645824
3110035E14Rik,9927.220402874773,17783.533623715866
3110035E14Rik,9980.058252732118,17731.909982176378
3110035E14Rik,9969.911943882156,17730.489761717177
3110035E14Rik,9982.240699342487,17765.344564325816
3110035E14Rik,10007.858380625628,17752.41520749601
3110035E14Rik,9997.695462599539,17759.43398124813
3110035E14Rik,9991.991122406289,17830.505074297802
3110035E14Rik,10003.702703647137,17689.034141839922
3110035E14Rik,10011.958040650816,17753.837755918204
3110035E14Rik,10020.778759648316,17781.42639397932
3110035E14Rik,10025.006423368828,17760.750091605856
3110035E14Rik,10028.896547843045,17849.91430576788
3110035E14Rik,10028.317761537299,17850.448409375364
3110035E14Rik,10044.641802747088,17844.332930619934
3110035E14Rik,10039.175831630968,17789.77744115758
3110035E14Rik,10031.213518311875,17776.50583365461
3110035E14Rik,10044.179734231027,17772.21650601407
3110035E14Rik,10032.22771590606,17784.992758413606
3110035E14Rik,10041.820491395038,17765.17756810422
3110035E14Rik,10070.398009698789,17813.182488458082
3110035E14Rik,10087.039354622033,17750.350707173744
3110035E14Rik,10071.04332919521,17779.0057076287
3110035E14Rik,10075.827462710102,17748.65146316876
3110035E14Rik,10068.20078799401,17750.876386972457
3110035E14Rik,10076.873863030798,17765.640984590973
3110035E14Rik,10070.22269869815,17760.958474878742
3110035E14Rik,10082.154800868168,17748.232046619425
3110035E14Rik,10079.098992615882,17764.64251222512
3110035E14Rik,10062.236057557733,17750.461302011194
3110035E14Rik,10075.026685070361,17759.456316543186
3110035E14Rik,10087.751271944364,17760.32155838055
3110035E14Rik,10061.171173533501,17765.88846477051
3110035E14Rik,10082.073372643064,17638.632932782923
3110035E14Rik,10073.835947273416,17725.307766306243
3110035E14Rik,10121.954870970709,17737.895410035606
3110035E14Rik,10132.027943079538,17741.99717306406
3110035E14Rik,10107.63403843501,17813.652621914916
3110035E14Rik,10136.34089407391,17799.92005125832
3110035E14Rik,10119.799144261826,17821.044316176558
3110035E14Rik,10126.071170466425,17818.013575500427
3110035E14Rik,10115.394387557413,17827.860878274612
3110035E14Rik,10125.089381215132,17809.356684644375
3110035E14Rik,10131.937578988169,17821.352345882864
3110035E14Rik,10150.59010943894,17848.187398720227
3110035E14Rik,10164.319811645337,17793.534855093316
3110035E14Rik,10159.415494768984,17798.365808040526
3110035E14Rik,10149.366929423017,17802.041426608514
3110035E14Rik,10156.352400038213,17807.000363972416
3110035E14Rik,10156.11562736808,17933.469186132334
3110035E14Rik,10183.7836194682,17714.37793938672
3110035E14Rik,10191.422090614129,17706.450819245456
3110035E14Rik,10172.775265413373,17708.26045828436
3110035E14Rik,10209.450693189901,17783.572199769926
3110035E14Rik,10200.53386400942,17882.4248382384
3110035E14Rik,10231.439189273719,17762.19484729499
3110035E14Rik,10242.47214430095,17769.27894542373
3110035E14Rik,10212.238611875584,17753.92552227531
3110035E14Rik,10248.07676550527,17774.212065002495
3110035E14Rik,10207.078274307514,17811.833320425652
3110035E14Rik,10236.467815831518,17726.51604576124
3110035E14Rik,10264.664001839483,17798.68260830821
3110035E14Rik,10263.171185258809,17798.68158444372
3110035E14Rik,10269.815555707408,17749.45790921649
3110035E14Rik,10259.803014805426,17734.061868819717
3110035E14Rik,10255.832626153466,17730.488750240453
3110035E14Rik,10305.342064146034,17779.350967793383
3110035E14Rik,10282.194704999332,17837.601886285524
3110035E14Rik,10330.185077059054,17911.66263952277
3110035E14Rik,10358.029213766598,17802.14826747408
3110035E14Rik,10372.086212868891,17807.32275793981
3110035E14Rik,10369.330876340224,17926.47772627741
3110035E14Rik,10369.23324818025,17925.87878947874
3110035E14Rik,10360.491249268181,17924.735252234455
3110035E14Rik,10368.182411531183,17917.248638864767
3110035E14Rik,10354.238566694801,17914.967354188415
3110035E14Rik,10350.693756339007,17863.871808153715
3110035E14Rik,10359.752941432736,17875.42261593978
3110035E14Rik,10386.488046856688,18042.200659687383
3110035E14Rik,10370.825505314271,18046.44830458786
3110035E14Rik,10381.63562708864,18041.128998539323
3110035E14Rik,10387.051037203924,18019.677614985452
3110035E14Rik,10376.170632211242,17789.93048353101
3110035E14Rik,10379.893120039314,17782.697563330832
3110035E14Rik,10380.801152062742,17797.172664796395
3110035E14Rik,10400.585938845807,18105.0687763239
3110035E14Rik,10386.247515273815,18087.24540574104
3110035E14Rik,10396.612479427587,18075.661055562407
3110035E14Rik,10371.996924725048,18115.533542413
3110035E14Rik,10386.804018979188,18099.39785024062
3110035E14Rik,10409.821164058425,16934.328722281534
3110035E14Rik,10418.483500427123,17831.789614155114
3110035E14Rik,10424.094878810844,17794.20885182186
3110035E14Rik,10424.554318552167,17799.92652201411
3110035E14Rik,10420.097393439613,17789.20190406893
3110035E14Rik,10426.908850626936,17968.132923513276
3110035E14Rik,10433.635011827408,17968.116915808936
3110035E14Rik,10421.552354694273,17973.957662857752
3110035E14Rik,10474.564118685028,17821.189056994182
3110035E14Rik,10487.149114053771,17821.72520735802
3110035E14Rik,10529.849617128835,17802.751935214055
3110035E14Rik,10521.464359639811,17829.629686758115
3110035E14Rik,10532.330013811314,17810.845556292083
3110035E14Rik,10533.392052472867,17893.07568290977
3110035E14Rik,10555.936140832577,17876.886738602236
3110035E14Rik,10538.850202799315,17891.467329334708
3110035E14Rik,10543.428615160448,17933.28765348066
3110035E14Rik,10559.532252461018,17957.573068120746
3110035E14Rik,10541.057118477102,17941.030243243753
3110035E14Rik,10576.975893910196,17877.332832028358
3110035E14Rik,10596.120306283454,17954.676636732493
3110035E14Rik,10606.295755900252,17917.42186577905
3110035E14Rik,10639.107025022158,17951.460142187916
3110035E14Rik,10634.675217098607,17948.34268448574
3110035E14Rik,10621.540663365493,17952.30513968264
3110035E14Rik,10630.782991785713,17942.355216756827
3110035E14Rik,10656.633494369242,17893.036428636547
3110035E14Rik,10666.307042135773,17884.45664179472
3110035E14Rik,10660.607045931909,17855.254000590947
3110035E14Rik,10654.458923954066,17876.24982708358
3110035E14Rik,10663.646224429876,17869.374145657923
3110035E14Rik,10647.186554033233,17872.794869938974
3110035E14Rik,10653.279112074937,17885.566080198838
3110035E14Rik,10712.81077490132,17917.58514505717
3110035E14Rik,10715.869173325556,17928.912069740454
3110035E14Rik,10712.041487888897,17930.230184213637
3110035E14Rik,10707.067951151204,17942.431780532526
3110035E14Rik,10712.4873500429,17874.40477559947
3110035E14Rik,10733.203975918095,17869.529538163333
3110035E14Rik,10730.136520415073,17866.760026058902
3110035E14Rik,10749.034348967121,17839.00000412824
3110035E14Rik,10783.432409610057,17948.079623970316
3110035E14Rik,10780.00086015831,17937.012606393444
3110035E14Rik,10776.419472473786,17951.427578152325
3110035E14Rik,10778.866999461432,17952.76769389247
3110035E14Rik,10810.4715631815,17853.784007766757
3110035E14Rik,10813.414268836035,17889.99641325867
3110035E14Rik,10815.644931348123,17890.95354329739
3110035E14Rik,10850.128708920085,17846.36436794506
3110035E14Rik,10831.72916806253,17840.30317364853
3110035E14Rik,10840.365404302886,18000.502961155897
3110035E14Rik,10878.493896091746,18002.760819440417
3110035E14Rik,10849.541926892443,17992.503446854076
3110035E14Rik,10870.301172651736,18012.248825649847
3110035E14Rik,10849.08698169424,17987.808780202868
3110035E14Rik,10889.012406161717,17937.350791332956
3110035E14Rik,10870.766784252639,17815.94583182321
3110035E14Rik,10904.199688576115,17857.00395190487
3110035E14Rik,10890.478437415153,17851.221799327897
3110035E14Rik,10895.841233275847,17956.151653714438
3110035E14Rik,10921.636273965347,17865.00706711017
3110035E14Rik,10928.164215230827,17928.95039439277
3110035E14Rik,10920.97524608651,17936.4465945352
3110035E14Rik,10983.439908472586,17988.630222926593
3110035E14Rik,10970.105734458022,17974.62228200331
3110035E14Rik,10978.732161435964,17984.46182366904
3110035E14Rik,11002.279765822079,17929.02290119095
3110035E14Rik,10992.93990621356,17909.056581549197
3110035E14Rik,11045.663834847323,17964.925098509804
3110035E14Rik,11044.303997373068,17916.13721402971
3110035E14Rik,11034.348322924696,17914.93687159462
3110035E14Rik,11035.092873799875,17918.584288543836
3110035E14Rik,11052.077303327316,17886.804007189945
3110035E14Rik,11051.228461979177,17884.360265754538
3110035E14Rik,11058.987606401432,17919.65395521224
3110035E14Rik,11091.692776648428,17916.370459656377
3110035E14Rik,11082.23975552094,17851.90577241108
3110035E14Rik,11103.39586709488,17822.029454861116
3110035E14Rik,11155.154720403376,17809.1920558062
3110035E14Rik,11161.576664644152,17889.380368561197
3110035E14Rik,11154.659953273102,17879.310066993163
3110035E14Rik,11161.826740930326,17879.408305386885
3110035E14Rik,11184.955781640432,17844.84886099904
3110035E14Rik,11199.173421995292,17844.5596216794
3110035E14Rik,11214.98304994852,17829.17900164773
3110035E14Rik,11213.992260836203,17861.676874847977
3110035E14Rik,11237.232610525703,17883.43742372474
3110035E14Rik,11242.77144460332,17862.100723137322
3110035E14Rik,11248.276940131716,17811.09598624876
3110035E14Rik,11251.390097852052,17836.858790821985
3110035E14Rik,11248.831392679365,17829.811779150994
3110035E14Rik,11288.696496842162,17757.85837537256
3110035E14Rik,11275.237629820445,17852.0477007266
3110035E14Rik,11259.251719250124,17867.314561149244
3110035E14Rik,11270.772689241126,17871.460684966813
3110035E14Rik,11275.462595645533,17902.849519036856
3110035E14Rik,11269.148826213206,17916.89469529176
3110035E14Rik,11295.210492995582,17857.737894420923
3110035E14Rik,11290.228150460012,17862.38875171327
3110035E14Rik,11320.742136415887,17759.290060633313
3110035E14Rik,11301.453592934145,17856.32984528895
3110035E14Rik,11310.21731477048,17849.3255434321
3110035E14Rik,11300.459260013959,17803.89570816337
3110035E14Rik,11325.720599841121,17787.410442222343
3110035E14Rik,11332.519505678129,17871.337497186098
3110035E14Rik,11359.236233002432,17777.67505875433
3110035E14Rik,11356.118693050586,17785.01595454856
3110035E14Rik,11359.744084372445,17756.060814637054
3110035E14Rik,11384.992804121235,17896.41378118301
3110035E14Rik,11369.11223518804,17766.86196092754
3110035E14Rik,11380.335729845008,17770.51505449078
3110035E14Rik,11372.10017964002,17775.99441699065
3110035E14Rik,11407.522637502141,17983.51435386346
3110035E14Rik,11416.9511629333,17740.124046958073
3110035E14Rik,11420.634550882663,17757.664548642846
3110035E14Rik,11424.738001133968,17754.8298811002
3110035E14Rik,11423.03172302526,17747.288796776636
3110035E14Rik,11437.035431927303,17810.505411140486
3110035E14Rik,11442.72516321819,17826.19730325663
3110035E14Rik,11460.466527138864,17837.453875717463
3110035E14Rik,11453.783940671508,17818.404198907883
3110035E14Rik,11453.580589977402,17765.880049871266
3110035E14Rik,11486.334751104227,17797.46843191011
3110035E14Rik,11470.379216558389,17786.04364219561
3110035E14Rik,11466.602436542302,17792.06371335227
3110035E14Rik,11514.69868351796,17722.221550627153
3110035E14Rik,11495.374252356158,17765.11773553319
3110035E14Rik,11497.160858112484,17772.787085240183
3110035E14Rik,11536.882798577599,17720.067345650063
3110035E14Rik,11539.7788005938,17709.931573326183
3110035E14Rik,11551.578543208296,17741.960197898028
3110035E14Rik,11545.134725639753,17773.77006140287
3110035E14Rik,11576.426090297451,17736.568278812356
3110035E14Rik,11561.75022198202,17724.591769705446
3110035E14Rik,11588.625086500957,17578.094408091572
3110035E14Rik,11613.40298168148,17740.056119425924
3110035E14Rik,11593.266382999464,17750.749755009427
3110035E14Rik,11610.066337041448,17649.01114752578
3110035E14Rik,11611.361014854288,17650.938105053072
3110035E14Rik,11635.227150211675,17777.204719556987
3110035E14Rik,11627.778587581219,17784.66599148632
3110035E14Rik,11611.994233866233,17769.892721954187
3110035E14Rik,11638.797533198105,17692.07473212779
3110035E14Rik,11625.02300572589,17670.3695309402
3110035E14Rik,11679.21135642188,17630.32651473634
3110035E14Rik,11691.737014193526,17620.434088969167
3110035E14Rik,11671.104215641783,17643.012765505795
3110035E14Rik,11666.474100623642,17670.509679275092
3110035E14Rik,11679.578234990688,17664.108000463522
3110035E14Rik,11720.140448461485,17665.02731769887
3110035E14Rik,11714.872886022456,17764.140709698382
3110035E14Rik,11698.634669242341,17763.605982742014
3110035E14Rik,11715.852027051751,17769.91795812196
3110035E14Rik,11706.505643806246,17766.283154937573
3110035E14Rik,11727.449131743846,17609.85981794666
3110035E14Rik,11699.1284566476,17614.20290766321
3110035E14Rik,11719.74045190754,17602.869190441335
3110035E14Rik,11714.758905769559,17616.46933372248
3110035E14Rik,11696.756599902348,17599.511492883208
3110035E14Rik,11693.604732255526,17614.597618654938
3110035E14Rik,11735.562922320869,17674.83481981281
3110035E14Rik,11726.38850054421,17661.83761817211
3110035E14Rik,11739.071502134468,17586.20223266839
3110035E14Rik,11753.747887943811,17605.322502178926
3110035E14Rik,11750.82528378643,17643.405272048407
3110035E14Rik,11727.139540329727,17660.377572657613
3110035E14Rik,11756.7270817602,17651.601723878928
3110035E14Rik,11744.78526576367,17636.909097226446
3110035E14Rik,11758.391073853418,17657.689038393575
3110035E14Rik,11731.671331312731,17657.920416673594
3110035E14Rik,11758.113390974588,17638.378036080372
3110035E14Rik,11757.071553811207,17762.048262867687
3110035E14Rik,11771.228282003634,17681.550844821893
3110035E14Rik,11797.378133872613,17799.430626665882
3110035E14Rik,11799.903492655829,17783.3137616524
3110035E14Rik,11809.802535047165,17577.85077930228
3110035E14Rik,11809.586674434799,17582.65633108698
3110035E14Rik,11793.370374931414,17594.519347061316
3110035E14Rik,11814.237198261577,17638.30947937657
3110035E14Rik,11814.835581997528,17669.4672295693
3110035E14Rik,11817.47359710663,17657.140967466716
3110035E14Rik,11818.901654131698,17679.20201342021
3110035E14Rik,11845.24941346594,17557.21213042173
3110035E14Rik,11865.372914160786,17688.04680271949
3110035E14Rik,11882.951770869478,17501.553647289427
3110035E14Rik,11888.997365261104,17483.36069555706
3110035E14Rik,11894.0213132115,17486.175372315534
3110035E14Rik,11874.600063315918,17500.306697601503
3110035E14Rik,11911.280710866244,17484.89367475657
3110035E14Rik,11893.598248224469,17485.33228391937
3110035E14Rik,11901.024237284038,17545.507604630056
3110035E14Rik,11892.841677313087,17539.86411290224
3110035E14Rik,11886.128088706319,17526.34673494188
3110035E14Rik,11889.281427022159,17563.91310225869
3110035E14Rik,11903.085662549736,17679.31731464224
3110035E14Rik,11890.232316033382,17701.572483600903
3110035E14Rik,11896.274372792277,17660.35186424259
3110035E14Rik,11909.708606906872,17645.229835759506
3110035E14Rik,11919.726169618325,17562.600601099246
3110035E14Rik,11915.327466399041,17567.070101132584
3110035E14Rik,11919.589750024106,17615.726862457046
3110035E14Rik,11908.947056215131,17610.2532006393
3110035E14Rik,11921.857201129573,17641.612203339737
3110035E14Rik,11907.67016135786,17618.731777960496
3110035E14Rik,11929.744690540421,17623.649540974482
3110035E14Rik,11917.41092134802,17534.639578033617
3110035E14Rik,11962.371160206414,17587.975104780682
3110035E14Rik,11940.324368912356,17500.322721077046
3110035E14Rik,11983.978676315546,17281.57071364409
3110035E14Rik,11978.380613234556,17284.98539913286
3110035E14Rik,11995.83070069438,17572.02491645776
3110035E14Rik,12002.905336628348,17504.542087313406
3110035E14Rik,12012.334149363984,17536.387611843842
3110035E14Rik,12053.665411754158,17898.66186941748
3110035E14Rik,12076.154284143018,17549.772197512873
3110035E14Rik,12092.0527396772,17546.162449153293
3110035E14Rik,12087.599064729444,17488.093258065932
3110035E14Rik,12081.055674092775,17444.106978275428
3110035E14Rik,12083.35251896283,17467.825774849884
3110035E14Rik,12073.854829930617,17460.96418357793
3110035E14Rik,12089.10977804106,17510.824076730893
3110035E14Rik,12126.733330521409,17482.151187961645
3110035E14Rik,12135.371223251508,17452.778210765482
3110035E14Rik,12144.546042662854,17614.392115254737
3110035E14Rik,12145.346593912478,17620.325558830125
3110035E14Rik,12137.425794668176,17601.952047214214
3110035E14Rik,12137.571837631853,17604.737466395174
3110035E14Rik,12170.549801761745,17498.565729330297
3110035E14Rik,12169.67868829024,17477.814251062002
3110035E14Rik,12178.272469942855,17491.014371622627
3110035E14Rik,12176.138768732077,17497.46272962754
3110035E14Rik,12166.112313621152,17347.159377121036
3110035E14Rik,12179.321852276427,17350.817427134654
3110035E14Rik,12176.307827909111,17385.029466291446
3110035E14Rik,12190.364245221017,17427.883678542847
3110035E14Rik,12180.512334789231,17435.191271246746
3110035E14Rik,12176.885172833348,17429.859600246444
3110035E14Rik,12179.22773517334,17434.661153301036
3110035E14Rik,12182.775147317476,17425.88578776392
3110035E14Rik,12207.13638169552,17640.490742626556
3110035E14Rik,12204.957133941318,17652.456534989582
3110035E14Rik,12210.391658014814,17572.317879628798
3110035E14Rik,12219.642524904153,17443.45801235964
3110035E14Rik,12236.848662958313,17405.697035174308
3110035E14Rik,12243.222894181163,17283.092921395888
3110035E14Rik,12252.938633783799,17338.396384876538
3110035E14Rik,12245.200266837543,17354.514918496734
3110035E14Rik,12242.606711329214,17328.306911837895
3110035E14Rik,12252.43518271671,17292.540551238253
3110035E14Rik,12263.757517391152,17300.41867264939
3110035E14Rik,12244.662679193745,17299.08025294482
3110035E14Rik,12259.25221968787,17152.714111498906
3110035E14Rik,12261.535540723065,17173.624356956472
3110035E14Rik,12259.621307729622,17156.515183399533
3110035E14Rik,12253.2877078555,17261.08385593784
3110035E14Rik,12284.824062770225,17193.46965427903
3110035E14Rik,12292.558459796983,17209.703817231188
3110035E14Rik,12301.081625150435,17205.33142193299
3110035E14Rik,12274.126074313213,17296.83432351043
3110035E14Rik,12281.605758034475,17279.677569289182
3110035E14Rik,12312.104478281608,17287.32388857822
3110035E14Rik,12285.113049987942,17311.28975394436
3110035E14Rik,12310.078775528964,17717.71238782289
3110035E14Rik,12295.67787225173,17715.622315132954
3110035E14Rik,12309.503025579988,17720.809146801133
3110035E14Rik,12304.23885915867,17730.7402145531
3110035E14Rik,12310.200111260505,17724.182387203302
3110035E14Rik,12302.510037916354,17731.392513255483
3110035E14Rik,12311.093875575862,17180.12299854682
3110035E14Rik,12319.963650026464,17148.746645461888
3110035E14Rik,12313.160651691596,17265.66197534941
3110035E14Rik,12326.15375128451,17280.86009756703
3110035E14Rik,12317.989810698009,17286.840694956783
3110035E14Rik,12337.881985057413,17225.312782573343
3110035E14Rik,12329.875341343335,17192.78257849783
3110035E14Rik,12319.435444810015,17204.91948760098
3110035E14Rik,12325.40305336051,17210.5340502269
3110035E14Rik,12342.532347188651,17309.98501478325
3110035E14Rik,12339.724656442228,17301.314027184304
3110035E14Rik,12335.288314147234,17308.95530176164
3110035E14Rik,12338.107950707417,17302.76728384575
3110035E14Rik,12335.092050357403,17316.181747544408
3110035E14Rik,12333.551781863394,17321.29351350074
3110035E14Rik,12343.321500454105,17308.771247480156
3110035E14Rik,12342.455371031077,17305.696039912513
3110035E14Rik,12337.292914242058,17298.035142046665
3110035E14Rik,12366.89805685719,17177.04495668282
3110035E14Rik,12369.895714732946,17338.12114041412
3110035E14Rik,12387.057470120493,17257.82005258042
3110035E14Rik,12387.635007638537,17231.931415227955
3110035E14Rik,12385.74004823107,17246.023734867176
3110035E14Rik,12364.61915637045,17223.09082146492
3110035E14Rik,12370.982640223114,17094.09261752078
3110035E14Rik,12397.067621747316,17097.15179126543
3110035E14Rik,12410.345207963965,17131.597353967125
3110035E14Rik,12384.284580812557,17120.608619054576
3110035E14Rik,12397.252105017671,17114.141566425784
3110035E14Rik,12410.44237636364,17065.78652758944
3110035E14Rik,12437.950410248986,17154.2064594446
3110035E14Rik,12440.72073217122,17089.617091545264
3110035E14Rik,12431.720019331044,17090.91170897145
3110035E14Rik,12426.696013389977,17112.82818085974
3110035E14Rik,12473.987696232221,17041.845172076075
3110035E14Rik,12460.147932548067,17038.992971592987
3110035E14Rik,12477.206518485145,17046.464262749385
3110035E14Rik,12475.015873333556,17069.32544586334
3110035E14Rik,12459.197398513566,17006.291086222973
3110035E14Rik,12477.804764963705,17007.098015612333
3110035E14Rik,12470.218318804482,16990.54072359988
3110035E14Rik,12471.695660332767,16978.134600653466
3110035E14Rik,12474.889773374054,17169.960262479115
3110035E14Rik,12484.10898623008,17036.760675435682
3110035E14Rik,12511.499231503205,17039.30669913154
3110035E14Rik,12492.3171645527,17035.130076014048
3110035E14Rik,12527.39130464016,17175.586177270303
3110035E14Rik,12557.25349360056,17170.82249893071
3110035E14Rik,12563.360864947344,17064.983713232745
3110035E14Rik,12570.804416988902,17084.307322341097
3110035E14Rik,12580.603435678378,17072.847349571814
3110035E14Rik,12572.168040372571,16892.78384042319
3110035E14Rik,12604.48992599829,16944.334769461246
3110035E14Rik,12592.87289453146,16973.70346983894
3110035E14Rik,12603.456973755177,16951.42298706157
3110035E14Rik,12610.762572501984,16949.65715393069
3110035E14Rik,12597.44041980089,16922.148832803618
3110035E14Rik,12616.473547963638,16861.911823086844
3110035E14Rik,12643.955051375528,16893.45300502187
3110035E14Rik,12635.656453888412,16875.363485736365
3110035E14Rik,12630.079544264987,16868.91442262103
3110035E14Rik,12635.85923565031,17841.68557876775
3110035E14Rik,12625.731148414778,17818.989564730437
3110035E14Rik,12628.335235934192,16932.785412794838
3110035E14Rik,12632.227982142835,16906.058830706348
3110035E14Rik,12638.994445219605,16921.825657103233
3110035E14Rik,12643.727797832149,17134.215563771173
3110035E14Rik,12635.509798811061,17126.683684822074
3110035E14Rik,12665.009943989646,17453.845697992627
3110035E14Rik,12656.385667760534,17456.156253033554
3110035E14Rik,12651.206589694972,17431.822178342463
3110035E14Rik,12660.347986377492,17446.885668799878
3110035E14Rik,12652.579873427727,16852.537966714994
3110035E14Rik,12667.739952305608,17020.150799056977
3110035E14Rik,12672.541570373205,17026.71216374643
3110035E14Rik,12697.813682434049,17116.108202607647
3110035E14Rik,12706.953214477606,17399.326644785066
3110035E14Rik,12696.817468244499,16792.607351237304
3110035E14Rik,12701.291260301385,16671.600938872096
3110035E14Rik,12757.967389117372,16678.71549708705
3110035E14Rik,12757.174645397907,16673.055047527156
3110035E14Rik,12773.08960700298,17006.559143081286
3110035E14Rik,12775.342486247635,16711.763737203706
3110035E14Rik,12768.851218911614,16649.269757428392
3110035E14Rik,12770.680944575744,16637.33649911686
3110035E14Rik,12777.441889506563,16648.160612513082
3110035E14Rik,12779.798940720179,16633.605915094344
3110035E14Rik,12781.5296141608,16635.218956081684
3110035E14Rik,12792.216223249297,16951.705818825692
3110035E14Rik,12801.72401169951,16958.323359987182
3110035E14Rik,12818.625574289941,16568.040824206535
3110035E14Rik,12797.772738227368,16591.99240304242
3110035E14Rik,12806.309014699169,16572.42541826018
3110035E14Rik,12812.992952843373,16660.16581219724
3110035E14Rik,12855.873628104813,16561.05861667661
3110035E14Rik,12839.526848291336,16840.473472469086
3110035E14Rik,12853.070726079368,16849.695800533525
3110035E14Rik,12857.072294363377,17196.57278741829
3110035E14Rik,12895.270938741747,16787.342221056693
3110035E14Rik,12885.036607452976,16784.17276720489
3110035E14Rik,12917.263557199347,17113.98264955827
3110035E14Rik,12940.07104572416,16608.362076541925
3110035E14Rik,12952.06617545011,16619.846091194788
3110035E14Rik,12938.535563272002,16659.13095658658
3110035E14Rik,12975.842737377498,16747.001332482523
3110035E14Rik,12999.700873440255,16509.944028135375
3110035E14Rik,12989.563192084168,16582.421465972966
3110035E14Rik,13012.746384635102,16498.273488544517
3110035E14Rik,13010.612670076547,17311.866280289123
3110035E14Rik,13007.45147965733,16556.30837607263
3110035E14Rik,13020.85757866611,16566.00034521428
3110035E14Rik,13035.029901052383,16582.393982127203
3110035E14Rik,13036.38821066742,16564.136835459
3110035E14Rik,13023.821156820997,16419.339151678443
3110035E14Rik,13031.95074345727,16418.73510971305
3110035E14Rik,13035.436204287302,16406.870842263048
3110035E14Rik,13040.226414765348,16516.624397319447
3110035E14Rik,13039.139478342335,16526.6202786236
3110035E14Rik,13063.998335885817,16527.64324914213
3110035E14Rik,13046.700990780359,17011.332396455145
3110035E14Rik,13070.186001298498,16374.786061066507
3110035E14Rik,13064.643142684396,16378.477183489502
3110035E14Rik,13076.622873921244,16400.753993770802
3110035E14Rik,13083.190257232376,16538.65178590134
3110035E14Rik,13079.356936138642,16526.188109397073
3110035E14Rik,13092.140944736037,16514.92405629786
3110035E14Rik,13098.565554291556,16599.362035930495
3110035E14Rik,13128.411600021165,16495.50943106495
3110035E14Rik,13135.557935671317,16584.111336213507
3110035E14Rik,13164.375449792196,16399.20372166183
3110035E14Rik,13181.355296018797,16408.278911741203
3110035E14Rik,13210.058875380331,16475.236791580817
3110035E14Rik,13352.75378168417,17092.86037084772
6330403K07Rik,6159.930884573185,14155.76737693031
6330403K07Rik,6166.795786480801,14158.18226564972
6330403K07Rik,6163.5187576728895,14159.791540358865
6330403K07Rik,6172.939863251128,14162.920632022051
6330403K07Rik,6160.00928230038,14161.068153710685
6330403K07Rik,6723.247672399648,14086.614871442947
6330403K07Rik,6722.251916777291,14093.429986824023
6330403K07Rik,6726.045401459327,14113.195628302583
6330403K07Rik,6843.871156660892,14100.321588101915
6330403K07Rik,6863.064642958692,14089.299426525704
6330403K07Rik,6884.570243561864,14623.725879560878
6330403K07Rik,6902.291035667187,14306.778958381848
6330403K07Rik,6901.050599637763,14311.831621302206
6330403K07Rik,6899.106180934063,14311.292032594036
6330403K07Rik,6917.289517375713,14624.682714492481
6330403K07Rik,6961.7594246760345,14469.440479982359
6330403K07Rik,6998.719152934227,14464.393144094405
6330403K07Rik,6969.636305484786,14113.55170555742
6330403K07Rik,6981.930625055976,14828.505968027415
6330403K07Rik,6990.631999317644,15908.543512705053
6330403K07Rik,6984.205998902552,15887.231765741974
6330403K07Rik,6993.577809790302,15912.345020727556
6330403K07Rik,6993.498615075545,14806.072456976437
6330403K07Rik,7024.4396359402635,13706.791012691756
6330403K07Rik,7043.784012530365,14442.76103070462
6330403K07Rik,7014.4238121660455,13883.148858679073
6330403K07Rik,7050.758675670309,14509.066315002272
6330403K07Rik,7051.013316310625,14882.348905229192
6330403K07Rik,7056.524791606895,14121.129203414735
6330403K07Rik,7065.557757720818,14362.835253201794
6330403K07Rik,7038.319262349551,14490.339763324611
6330403K07Rik,7092.293068461779,13968.261144031889
6330403K07Rik,7080.29842932688,13916.301970193277
6330403K07Rik,7077.756977588936,13904.537688022863
6330403K07Rik,7093.257692243161,13905.645090797756
6330403K07Rik,7083.364251826893,14137.383650284679
6330403K07Rik,7095.875968610412,14131.254641753496
6330403K07Rik,7079.053799517489,15003.125782128021
6330403K07Rik,7066.035539147165,14987.40517895344
6330403K07Rik,7084.975472625949,15017.449424356735
6330403K07Rik,7095.259855379036,15000.813847159823
6330403K07Rik,7079.039736419047,14992.562338248043
6330403K07Rik,7099.7533786157555,14779.944127502478
6330403K07Rik,7092.194977830336,14395.11035519907
6330403K07Rik,7110.651758853211,14805.591822245262
6330403K07Rik,7096.513961375725,14825.760890572616
6330403K07Rik,7126.305706291244,15255.992240363841
6330403K07Rik,7126.9066949136495,15247.042502870403
6330403K07Rik,7111.039479727766,15267.822496938737
6330403K07Rik,7126.450974798401,15150.464345862627
6330403K07Rik,7139.186633949009,15042.432098729681
6330403K07Rik,7159.655448153944,14811.364356100394
6330403K07Rik,7168.359682824971,14796.91936852294
6330403K07Rik,7178.246558102417,15358.381013680535
6330403K07Rik,7178.157397412762,14845.32587620843
6330403K07Rik,7174.645687028402,14840.24277900794
6330403K07Rik,7188.261826293473,16129.390114744674
6330403K07Rik,7200.510536245171,15290.7197319125
6330403K07Rik,7217.127017223531,14932.170030023246
6330403K07Rik,7260.13947242439,15109.030996026117
6330403K07Rik,7264.2237172198975,15103.845591019126
6330403K07Rik,7259.830786073047,15173.419756485573
6330403K07Rik,7284.9338946673715,15433.679647166975
6330403K07Rik,7347.101217546468,16300.61961774188
6330403K07Rik,7344.660885939836,16303.494255139705
6330403K07Rik,7361.404959977066,16313.375012991457
6330403K07Rik,7368.106467344846,14248.254707829727
6330403K07Rik,7396.092795136422,15528.863874724193
6330403K07Rik,7411.057948285346,15511.015018729211
6330403K07Rik,7417.801582198753,15512.215625282048
6330403K07Rik,7478.970324904212,15662.825577529415
6330403K07Rik,7626.442069160666,15812.412891497905
6330403K07Rik,7616.531501249572,16019.482081745957
6330403K07Rik,7650.8990779147925,16053.134469949595
6330403K07Rik,7891.082794503526,16352.613048567806
6330403K07Rik,7955.821947265217,15241.720198459328
6330403K07Rik,7954.520449947816,15245.13731913148
6330403K07Rik,7993.06252170722,16452.766077087763
6330403K07Rik,7992.786788214,16464.161432471617
6330403K07Rik,7982.911041493696,16483.0143132653
6330403K07Rik,8014.307162058352,16479.550959000513
6330403K07Rik,8004.210131813014,16461.03419419641
6330403K07Rik,8194.025849139109,16792.521048527407
6330403K07Rik,8183.80049132845,16759.904057524618
6330403K07Rik,8206.558182802723,15207.674138838582
6330403K07Rik,8219.442297433516,16729.853878119407
6330403K07Rik,8223.87056425827,16680.70460432127
6330403K07Rik,8270.607466657033,16653.85578270157
6330403K07Rik,8270.230850042286,16786.211595312307
6330403K07Rik,8296.136600721391,16738.496996612663
6330403K07Rik,8360.962240182647,16789.235463759727
6330403K07Rik,8409.28684746082,17036.635481130805
6330403K07Rik,8408.062768351903,16936.812214239766
6330403K07Rik,8413.898622820443,16932.207211350582
6330403K07Rik,8403.404655615994,16888.308506781905
6330403K07Rik,8418.398024725499,15020.906657549187
6330403K07Rik,8522.922972239483,16990.281873521897
6330403K07Rik,8587.484486699292,15039.400922404031
6330403K07Rik,8589.66402140265,17146.417147151737
6330403K07Rik,8617.479472607583,16865.440553088047
6330403K07Rik,8601.276067405794,16869.649499312392
6330403K07Rik,8628.732406085022,16864.874117814175
6330403K07Rik,8616.435936644515,16870.34374699482
6330403K07Rik,8673.659042076673,15469.157229006403
6330403K07Rik,8738.17513985328,17268.853779169614
6330403K07Rik,8845.851237267336,17770.656121562555
6330403K07Rik,8853.331268712735,17383.61089768361
6330403K07Rik,8894.587142740884,17246.577761899625
6330403K07Rik,8915.64356310753,15667.493502554244
6330403K07Rik,8920.89046236203,17293.836857601447
6330403K07Rik,8909.407660509436,17296.81846656752
6330403K07Rik,8899.185158310833,17347.13846923761
6330403K07Rik,8941.355961197778,17204.667332228357
6330403K07Rik,8940.719631732192,17207.448534440722
6330403K07Rik,8943.413993309192,17189.68928901701
6330403K07Rik,8990.999444853112,17377.130830531307
6330403K07Rik,9103.842803684458,17459.66409819308
6330403K07Rik,9114.9099810866,17163.751368119665
6330403K07Rik,9144.983341721585,17325.70557547322
6330403K07Rik,9167.877004306778,17387.263163960495
6330403K07Rik,9202.501989191633,17581.471610148314
6330403K07Rik,9198.288752700724,17580.906634230403
6330403K07Rik,9206.065029959656,17338.783997265702
6330403K07Rik,9210.647413477423,17322.955936954357
6330403K07Rik,9306.492556042505,17398.318432074604
6330403K07Rik,9305.759250368115,17473.6130977814
6330403K07Rik,9310.71006487799,17472.784367401408
6330403K07Rik,9322.883043381791,16227.361762785727
6330403K07Rik,9324.851522317485,16223.59724005451
6330403K07Rik,9335.33605051142,16201.18979616901
6330403K07Rik,9358.589315692258,17473.71452306185
6330403K07Rik,9353.228329000249,17662.416549108413
6330403K07Rik,9406.75820849645,17474.85071018868
6330403K07Rik,9398.0600658678,17470.51787766243
6330403K07Rik,9457.06489461222,17490.204470973436
6330403K07Rik,9505.086828532154,17608.530827376257
6330403K07Rik,9561.536425016795,17569.907324066837
6330403K07Rik,9540.720063982626,17553.74656356958
6330403K07Rik,9538.724796250443,17565.672539055933
6330403K07Rik,9586.331193260705,17486.921147474055
6330403K07Rik,9577.742159850392,17479.36975335325
6330403K07Rik,9588.348229943787,17494.821123355345
6330403K07Rik,9586.856019699777,17376.308292796766
6330403K07Rik,9607.263618445737,17696.389890439335
6330403K07Rik,9602.148358601966,17690.38680012447
6330403K07Rik,9633.020725778568,17646.349677426515
6330403K07Rik,9628.497481672763,17652.815484520845
6330403K07Rik,9652.24174427803,17516.012355164712
6330403K07Rik,9652.461747600051,17667.64863639052
6330403K07Rik,9729.138395582106,17643.717428876716
6330403K07Rik,9763.87498905602,17501.971511369207
6330403K07Rik,9768.318546551232,17656.816437768794
6330403K07Rik,9783.157168212807,17639.100537455193
6330403K07Rik,9784.196553953318,17644.295648850017
6330403K07Rik,9766.584241793296,17639.94012721989
6330403K07Rik,9824.801153561237,16207.688410409226
6330403K07Rik,10023.062298710218,17649.278233718283
6330403K07Rik,10050.026708112631,17804.020599020983
6330403K07Rik,10073.981310449799,17818.354792362854
6330403K07Rik,10156.03499437538,17785.88149066857
6330403K07Rik,10153.904593681564,17800.975284489028
6330403K07Rik,10158.564632312287,17949.16250676635
6330403K07Rik,10212.744642263451,17745.68361209623
6330403K07Rik,10223.714320556843,18266.61752297722
6330403K07Rik,10250.081133812759,17827.20752378929
6330403K07Rik,10383.359054475322,18037.622998633982
6330403K07Rik,10395.544671833237,18038.876260546713
6330403K07Rik,10425.312196422126,16911.569151143423
6330403K07Rik,10448.287689928824,17880.34324188962
6330403K07Rik,10443.57047626986,17878.797540896474
6330403K07Rik,10441.579422039478,16873.875986803083
6330403K07Rik,10544.475064105898,17949.73978576781
6330403K07Rik,10554.305177895689,17826.716007876523
6330403K07Rik,10744.696614295159,17944.05290160878
6330403K07Rik,10787.424718668557,17891.59529995586
6330403K07Rik,10780.259745890731,17880.548692716795
6330403K07Rik,10812.899113409554,17537.912299849526
6330403K07Rik,10828.801329872542,16602.50084818028
6330403K07Rik,10835.739703655589,17949.903329624005
6330403K07Rik,10856.54082134819,17978.62248248048
6330403K07Rik,11092.76532831349,17850.45416586703
6330403K07Rik,11097.614441684158,17827.560944014036
6330403K07Rik,11161.77954329973,16983.453645372367
6330403K07Rik,11157.591107106615,17936.024907928066
6330403K07Rik,11237.060635158232,16939.095742599045
6330403K07Rik,11283.81320928376,17806.920402091895
6330403K07Rik,11308.630550002019,17840.746216667205
6330403K07Rik,11339.142999078114,16894.130659505638
6330403K07Rik,11339.879782721246,16914.53468415022
6330403K07Rik,11338.14899804935,18108.630329605618
6330403K07Rik,11318.354930496744,18118.198353728436
6330403K07Rik,11344.862943451297,17780.98223946889
6330403K07Rik,11389.133885120444,18334.799708009257
6330403K07Rik,11574.222193526775,17796.766181405164
6330403K07Rik,11567.431326964403,17813.185379576447
6330403K07Rik,11583.640237102998,17655.67889585014
6330403K07Rik,11614.4598351512,17659.69536128395
6330403K07Rik,11593.959659202079,17661.186518793933
6330403K07Rik,11653.599422668602,17636.71795042748
6330403K07Rik,11631.70190294618,16455.082275414705
6330403K07Rik,11692.610056598563,17678.032700123622
6330403K07Rik,11689.15350607298,17681.609882003526
6330403K07Rik,11789.52912380373,17801.957971914733
6330403K07Rik,11824.965892023105,17732.338949859
6330403K07Rik,11883.444436044736,16306.094746983008
6330403K07Rik,11898.108016410644,16304.73803333218
6330403K07Rik,11904.573271660776,16318.199750948363
6330403K07Rik,11883.105979030763,17495.71935349467
6330403K07Rik,11910.17871257658,17598.341548521657
6330403K07Rik,11960.903482579146,16285.403386903195
6330403K07Rik,11960.356147618628,18253.381307824762
6330403K07Rik,12151.45772071937,17396.70849555339
6330403K07Rik,12219.695195793714,16488.478153003936
6330403K07Rik,12218.701779699155,16497.084877146335
6330403K07Rik,12309.24307879213,17296.59950221271
6330403K07Rik,12281.047142892294,17288.237594604467
6330403K07Rik,12291.187330960436,17300.71812860214
6330403K07Rik,12344.316588867589,16354.643901572455
6330403K07Rik,12365.565291789022,17722.286178030048
6330403K07Rik,12440.151205441858,17168.295896885833
6330403K07Rik,12443.806320800091,17156.764331740218
6330403K07Rik,12476.456480842036,17125.939639662713
6330403K07Rik,12635.825089300435,17545.49819940186
6330403K07Rik,12639.002629011793,17534.318696005197
6330403K07Rik,12628.576350182291,17527.616407414323
6330403K07Rik,12661.498840008837,16890.35222660418
6330403K07Rik,12708.803090152249,17387.72028909392
6330403K07Rik,12706.909964892395,17191.960040653714
6330403K07Rik,12727.064190282923,16817.225149575013
6330403K07Rik,12797.555633732465,16591.160018265324
6330403K07Rik,12799.967518142366,16574.339705223156
6330403K07Rik,12819.637909638588,16659.440685955127
6330403K07Rik,12818.791224954733,16674.5492447531
6330403K07Rik,12862.150591713023,16669.00377908119
6330403K07Rik,12933.986086582923,17088.420038904504
6330403K07Rik,12948.272787552174,17152.99883919944
6330403K07Rik,13060.931377083612,16977.588436661714
6330403K07Rik,13062.450195141366,16389.601509196178
6330403K07Rik,13132.853188153462,16378.019057285701
6330403K07Rik,13316.362368272263,16876.140892395753
Adgrl2,6582.169219797042,14777.127033067743
Adgrl2,6918.51196321277,14361.955544997269
Adgrl2,6922.9992324744,14620.272035476644
Adgrl2,6910.15672317794,14582.001609029085
Adgrl2,6929.140832190439,14570.863642900866
Adgrl2,6964.030020819222,15477.717767787373
Adgrl2,6968.726670750168,15473.100535748963
Adgrl2,6962.153159738689,14425.359476878422
Adgrl2,7008.379362773019,13708.00174555423
Adgrl2,6985.104448631327,13702.060023955888
Adgrl2,7036.641458842939,14963.091901728914
Adgrl2,7048.31905911332,14258.836408495481
Adgrl2,7068.495594619705,14043.648773073985
Adgrl2,7061.028988954632,14055.908709794201
Adgrl2,7099.199181252123,14841.75239996614
Adgrl2,7138.77637558513,13878.76883472995
Adgrl2,7160.228292962677,14732.198536853202
Adgrl2,7179.877748223315,14719.070353806263
Adgrl2,7263.435256117613,15312.195390102946
Adgrl2,7417.194258400271,15523.51869956538
Adgrl2,7438.994383890441,15807.74831984153
Adgrl2,7723.374693441013,16046.471721399668
Adgrl2,7778.644763170813,16284.872936558466
Adgrl2,8182.286547367331,16753.092705600146
Adgrl2,8516.20742202064,16896.095831185132
Adgrl2,8691.625357566962,17117.589945288302
Adgrl2,9669.976298481104,17657.90641440465
Adgrl2,9826.586484997742,17611.31382336533
Adgrl2,10227.6045056135,17803.925322898995
Adgrl2,12042.663885333179,17443.078881250713
Adgrl2,12191.819385511068,17401.800577930284
Adgrl2,12285.684379879563,17310.94234075384
Adgrl2,12282.770862008903,17717.19466799535
Adgrl2,12673.076512860507,16790.95014976495
Adgrl2,12851.140719366447,16517.019670550097
Aldoc,6247.182151817546,13653.343182615994
Aldoc,6218.893385989755,13648.344322860372
Aldoc,6216.158389783198,13626.159565672822
Aldoc,6306.970292353393,13479.377795500774
Aldoc,6301.161403266555,13502.035831889845
Aldoc,6280.837255879222,13499.90423727763
Aldoc,6311.870293978581,13500.176167831667
Aldoc,6308.870153695797,13501.944998601748
Aldoc,6295.751388474822,13476.005675921942
Aldoc,6388.708025733156,14526.337872037067
Aldoc,6584.307513495168,14790.032768536643
Aldoc,6579.523894048195,14771.809068463619
Aldoc,6561.101089084254,14783.977898105793
Aldoc,6729.786910896883,14104.110144191733
Aldoc,6725.4149856547165,14088.439044515882
Aldoc,6713.62226248266,14098.958463486611
Aldoc,6699.829807831227,14113.871092846368
Aldoc,6729.902516370295,14115.945359387353
Aldoc,6740.130055636275,14091.015527082101
Aldoc,6722.6904551866855,14093.162441576185
Aldoc,6706.901208300614,14104.382693058666
Aldoc,6723.340794778207,15452.97516282577
Aldoc,6762.213661981444,15309.473724904008
Aldoc,6739.856472216722,13987.96849833158
Aldoc,6757.7673147321475,13985.630940992867
Aldoc,6762.811498720251,14007.283409123496
Aldoc,6760.189357424713,13975.252423500413
Aldoc,6772.808033250648,13654.434338582754
Aldoc,6764.811974798366,13654.931120571948
Aldoc,6753.692465930624,13636.045919230402
Aldoc,6748.90721695899,13631.587095500456
Aldoc,6800.545323586036,13959.491198798749
Aldoc,6791.8080431919325,13961.033250895542
Aldoc,6817.240752452675,15827.65359036554
Aldoc,6814.3022886018825,15817.931938796324
Aldoc,6826.33350167641,15832.363958951433
Aldoc,6810.380092754101,15822.419934673559
Aldoc,6801.7546256949845,15823.309398415506
Aldoc,6823.628523400097,13809.141372723008
Aldoc,6834.384830848593,13777.237507694857
Aldoc,6827.2128038452,13790.917457770865
Aldoc,6826.75514940217,13773.85511608875
Aldoc,6825.652237135325,13787.707719974262
Aldoc,6842.202204400009,13798.106064944923
Aldoc,6844.113005548251,13525.082342833088
Aldoc,6829.371639806497,13508.063513146548
Aldoc,6841.573141519902,13533.791097488991
Aldoc,6832.175965090386,14682.529080726583
Aldoc,6837.303455932673,14690.922196480416
Aldoc,6846.393061045538,14682.76311815409
Aldoc,6845.751411209243,14681.862345972073
Aldoc,6835.944921661705,14680.987912626168
Aldoc,6851.998004360958,13840.442881944691
Aldoc,6845.922654385472,13830.869208629654
Aldoc,6864.040375616682,13831.178303251725
Aldoc,6869.995381718533,13829.351359766231
Aldoc,6869.1906819552805,13812.99273581067
Aldoc,6853.161057981863,13834.342318975177
Aldoc,6846.106049855727,13831.170880318172
Aldoc,6913.98259711209,15315.310752198304
Aldoc,6880.602234482528,15311.39741279857
Aldoc,6894.192969060609,14944.009041031684
Aldoc,6896.171589500281,14925.45530671993
Aldoc,6883.301554976173,14953.493648597016
Aldoc,6897.544124851877,14945.129102214985
Aldoc,6915.451332735195,16000.377879575371
Aldoc,6907.66890640882,14525.894680122583
Aldoc,6907.124522591755,14549.937810525691
Aldoc,6903.078408293018,14529.346596099951
Aldoc,6901.802344028786,14542.827895868935
Aldoc,6888.967560505273,14552.377054425
Aldoc,6905.385134341895,14530.225416964253
Aldoc,6903.499374321035,14531.479524032728
Aldoc,6901.817379075077,14555.283237912347
Aldoc,6897.070828603028,14537.99504016613
Aldoc,6962.131406092282,13786.58661805779
Aldoc,6977.630546125623,15912.282629980158
Aldoc,7005.698893715367,15653.215584243248
Aldoc,7010.492203881957,15637.560222503425
Aldoc,7065.535237969704,14557.964832567777
Aldoc,7198.397205336352,16134.79635197822
Aldoc,7191.578996026652,16158.383466473571
Aldoc,7189.143736798484,16159.842558763637
Aldoc,7198.108133856621,16164.352614972335
Aldoc,7281.5720524171775,15064.974899565566
Aldoc,7290.244670271761,14019.821501409957
Aldoc,7322.709224482096,16609.300483380204
Aldoc,7319.620394306583,16627.22386178492
Aldoc,7329.324658465819,16607.447737731163
Aldoc,7332.850124920942,16607.533277870512
Aldoc,7352.951640249916,14281.136458414592
Aldoc,7345.808241598867,14260.595315521205
Aldoc,7383.935273199595,14855.481722835879
Aldoc,7392.585322563724,14831.725315078098
Aldoc,7364.980274047197,14857.195815264104
Aldoc,7378.97256215302,14854.362856411111
Aldoc,7390.514623212409,16326.318761095108
Aldoc,7398.204952828669,16348.928157206046
Aldoc,7382.650244038779,16328.782280730924
Aldoc,7389.162017174453,16331.741241623295
Aldoc,7473.229567477282,15037.931788660539
Aldoc,7473.4906338906085,15028.162649081483
Aldoc,7456.611144831922,15033.891582679855
Aldoc,7467.619788955921,15042.242986112982
Aldoc,7510.388852218824,16872.58615676672
Aldoc,7513.255532573895,15632.6899599971
Aldoc,7512.305925965964,15615.47601336204
Aldoc,7500.1376475795805,15627.184984336767
Aldoc,7529.072911940626,14210.236370822116
Aldoc,7548.771575292051,14198.144784588394
Aldoc,7556.087964308701,14195.066822038789
Aldoc,7576.106168656308,14652.440940828974
Aldoc,7602.010233957958,16089.38293623639
Aldoc,7601.184304069764,16089.777087015287
Aldoc,7598.823515904066,16100.837750635335
Aldoc,7588.990542900299,16102.61018724403
Aldoc,7582.767615601973,16091.760952044098
Aldoc,7583.613721929303,16090.776754470864
Aldoc,7598.453314528213,16073.222727489132
Aldoc,7618.422991166484,15040.816175860346
Aldoc,7629.657179344911,14403.142855446307
Aldoc,7621.921017330813,14414.835757043953
Aldoc,7631.05588720511,14417.139838488634
Aldoc,7734.50736996678,14820.578828017105
Aldoc,7707.822737674309,14808.61200733509
Aldoc,7766.12582722643,17013.044254445886
Aldoc,7755.96400833619,17021.806443044905
Aldoc,7764.214724119132,17017.077642725126
Aldoc,7779.157462503991,15572.470744519813
Aldoc,7777.454225387279,15584.706979665249
Aldoc,7781.213505452796,15559.774465654344
Aldoc,7784.753521987831,16752.76437208348
Aldoc,7772.0160855158865,16745.42859396165
Aldoc,7783.078169192735,16750.89032201584
Aldoc,7786.787479317115,16748.4291002324
Aldoc,7786.813127998385,17197.248034583805
Aldoc,7827.473567714239,16290.7913637779
Aldoc,7840.418228131211,16304.441825129552
Aldoc,7831.904494095927,15703.90419507877
Aldoc,7862.259177874802,17083.72227210567
Aldoc,7859.279203003454,17101.052993684847
Aldoc,7876.285691384973,17091.15196353719
Aldoc,7947.725722679984,15252.322462528355
Aldoc,7940.3775223996345,15241.197724899443
Aldoc,7943.2406759136,15262.910227314116
Aldoc,7940.064392123989,15245.179356529547
Aldoc,7948.414707285079,15240.746538612246
Aldoc,7968.463149890763,14701.647673887403
Aldoc,7958.906140940849,14687.175292567617
Aldoc,7964.449958266872,14691.749308038352
Aldoc,7964.772692123247,14912.829135926606
Aldoc,7979.1840601124595,16608.139422004624
Aldoc,7975.058722358827,16606.47087765006
Aldoc,7977.131080784587,16596.374903187367
Aldoc,7959.495882092568,16612.3806181389
Aldoc,7953.948112573568,16608.940886292345
Aldoc,7966.1068380178185,16600.08614622282
Aldoc,7968.431986292172,16605.4587844696
Aldoc,7988.104355446391,15198.47879810667
Aldoc,8001.6991028137145,15195.906465614104
Aldoc,7999.05893716906,15207.215161211796
Aldoc,8028.991372818715,16272.756152172022
Aldoc,8032.320173133236,16268.875957677279
Aldoc,8031.383451668289,16278.615848183326
Aldoc,8048.661915831787,17415.08856463883
Aldoc,8062.081354711286,17404.77791766886
Aldoc,8076.266674367985,15371.606777970763
Aldoc,8099.519211727473,15988.312873631252
Aldoc,8091.644238998704,15992.509341965382
Aldoc,8080.140280280655,15988.108992650104
Aldoc,8099.949682018842,14604.01426421759
Aldoc,8113.650970981318,14607.11109222362
Aldoc,8106.008547054739,14601.817525136214
Aldoc,8127.275472195618,16568.20967026081
Aldoc,8172.042576457064,16412.229187166806
Aldoc,8176.726327691813,16426.5107884434
Aldoc,8162.628763588402,16413.348016831336
Aldoc,8168.620263230796,16425.766982090023
Aldoc,8174.924534371613,16418.29388271581
Aldoc,8160.227755025783,16428.410346319823
Aldoc,8174.15553283291,16425.35905764867
Aldoc,8164.2739747658925,16403.366881462873
Aldoc,8179.7499447546115,16415.510743339535
Aldoc,8202.574699299439,14928.968231712677
Aldoc,8202.59235609973,14942.179200141118
Aldoc,8213.153302617538,14942.49270974319
Aldoc,8198.315316471793,15081.001056748079
Aldoc,8197.705632741845,15071.295571486726
Aldoc,8210.817224061124,15064.158537069066
Aldoc,8213.680215271064,15077.852028496402
Aldoc,8209.356855224896,15080.143494936052
Aldoc,8205.913206955294,15064.981003155437
Aldoc,8267.705680649551,15167.742578616298
Aldoc,8251.152601077358,15186.970251938941
Aldoc,8259.194496611644,15180.540085722077
Aldoc,8260.137752941795,15181.798333364355
Aldoc,8310.745923498358,16688.76984099746
Aldoc,8300.11871100418,15000.029043033
Aldoc,8294.692278144565,15002.543330430795
Aldoc,8299.790079595903,14983.959664104708
Aldoc,8311.843263798422,14972.272663438522
Aldoc,8301.008122430043,14960.34236828496
Aldoc,8319.624705432543,17205.34950848789
Aldoc,8313.320120494467,17191.166129761885
Aldoc,8365.714074071911,15135.7831143606
Aldoc,8377.832119437406,15360.379730809518
Aldoc,8388.39584018499,15355.94614086084
Aldoc,8393.808517535186,15378.569790030651
Aldoc,8424.808806535355,17571.52645695242
Aldoc,8422.316304505648,17579.406156422847
Aldoc,8399.818633548886,17557.89931892886
Aldoc,8429.578869967536,15030.8485315855
Aldoc,8432.924543934667,15028.296954214164
Aldoc,8426.217192314949,15023.647966202827
Aldoc,8447.968119602148,15300.998975620798
Aldoc,8470.517586487846,15294.320772431663
Aldoc,8445.052744013365,15304.98750258299
Aldoc,8457.477230346523,15324.841097135319
Aldoc,8519.299870588338,17096.980127185645
Aldoc,8535.82487285632,15136.240911828105
Aldoc,8521.870725477782,15129.904570818695
Aldoc,8531.132496226772,15115.198740044201
Aldoc,8554.643176897102,17126.528832449807
Aldoc,8535.21806473714,17140.649830003833
Aldoc,8554.027053603846,17141.93387521536
Aldoc,8597.240943927474,15035.208618072329
Aldoc,8581.661446096825,15042.462077874112
Aldoc,8615.268482660636,15042.01490302449
Aldoc,8592.269752675806,15023.002151385412
Aldoc,8579.905774148474,15064.948858834468
Aldoc,8613.71535574973,15275.454591484615
Aldoc,8599.718785017632,15285.045964377376
Aldoc,8595.26208904525,15273.702160017387
Aldoc,8609.160358220399,16856.80519599838
Aldoc,8629.459946378585,15174.479511221174
Aldoc,8640.864220068614,15168.545432322304
Aldoc,8627.482851491648,15177.669019269695
Aldoc,8625.449827881124,15176.554150257387
Aldoc,8619.655496446207,15156.96043550748
Aldoc,8631.042205625894,16789.953227356775
Aldoc,8634.536528376495,16797.400914096193
Aldoc,8647.462760677285,15599.943830628352
Aldoc,8662.08019070047,15560.655134220182
Aldoc,8648.589448432182,15586.851730199149
Aldoc,8655.361160740611,15601.513538636304
Aldoc,8641.132881750378,15569.266861580783
Aldoc,8637.984905360396,15583.91268238662
Aldoc,8671.755514819071,15474.569961348332
Aldoc,8660.569862088307,15469.600827748356
Aldoc,8682.171641007897,15470.198602744631
Aldoc,8671.25387616361,15479.780142375317
Aldoc,8675.048946855839,15458.049206951311
Aldoc,8687.746813719263,15475.753272984412
Aldoc,8701.498287978891,15734.549250629996
Aldoc,8700.905032010114,15734.49370652183
Aldoc,8702.735583930878,15740.091500328075
Aldoc,8737.990312141426,17607.61226227329
Aldoc,8734.711266755881,17596.2820224607
Aldoc,8731.938357610643,15252.84888463855
Aldoc,8738.843989691171,15803.345782775657
Aldoc,8726.616262151207,15803.685867511824
Aldoc,8745.095962135332,15822.236114764974
Aldoc,8798.015046527502,15520.878189476309
Aldoc,8854.255231482912,16293.830271923911
Aldoc,8823.57787717249,16291.35572693887
Aldoc,8839.604456274115,16308.851751637818
Aldoc,8841.4319168859,16290.870050275094
Aldoc,8859.699558861967,17913.878300550634
Aldoc,8863.451937355465,17932.521301541132
Aldoc,8877.711646846381,17933.739451396606
Aldoc,8873.529759268724,15915.890490597267
Aldoc,8880.438480774297,15922.112255707036
Aldoc,8874.316130269912,15922.11917740756
Aldoc,8876.797107888542,15913.930561068057
Aldoc,8894.423820361835,15668.453426413702
Aldoc,8898.816680114136,15683.1730953893
Aldoc,8886.520359894406,15682.178566402126
Aldoc,8929.796937529576,15335.0254146551
Aldoc,8909.039069012591,15325.620409388135
Aldoc,8916.785425291731,15359.420430354512
Aldoc,8919.580537348327,15330.037494409273
Aldoc,8947.310832498273,16099.182980656997
Aldoc,8965.373004224688,16081.091251698568
Aldoc,8951.245727393827,16093.89825061335
Aldoc,8977.836284365181,16108.211620345885
Aldoc,8980.993471822734,15915.892173838884
Aldoc,8995.282738550704,15904.65223494818
Aldoc,9031.866406125555,15642.70998567528
Aldoc,9027.052117098761,15621.533991967322
Aldoc,9033.90736691039,16688.029856849153
Aldoc,9030.910823384605,16681.72026573044
Aldoc,9045.488527027976,16674.719710356232
Aldoc,9091.583740435048,16162.458737192272
Aldoc,9095.991632996416,16169.914372383597
Aldoc,9090.496193129933,16178.64292123975
Aldoc,9106.57195300477,17155.128177507948
Aldoc,9145.227530367069,15942.904982306818
Aldoc,9142.705810790572,15944.075134929912
Aldoc,9128.043071888065,15942.956056310337
Aldoc,9120.561297578257,15941.83168689916
Aldoc,9137.598121113553,15946.015855001539
Aldoc,9153.336345408925,17022.91841523512
Aldoc,9134.034343393845,17021.945451244443
Aldoc,9133.414239161613,17014.095309662793
Aldoc,9156.922150298493,15596.075436115694
Aldoc,9144.987482213459,15608.812526123877
Aldoc,9148.265190189366,15598.91915430243
Aldoc,9216.964060739047,15968.226134528863
Aldoc,9318.264877053929,16220.559704449879
Aldoc,9348.340089148665,17520.53497211655
Aldoc,9330.043136380522,17517.247959668344
Aldoc,9339.717422964542,17514.84729889409
Aldoc,9358.512411286281,17629.300509785633
Aldoc,9579.285333964228,16281.786021277827
Aldoc,9582.833394800175,16267.632646094165
Aldoc,9642.91020312806,16622.375780533373
Aldoc,9647.703203464569,16631.499448870705
Aldoc,9644.557430314751,16632.335382098678
Aldoc,9765.244293290309,16738.353232512658
Aldoc,9760.045710575467,16729.96588748078
Aldoc,9810.070840606293,16194.093638299768
Aldoc,9814.769067312896,16195.961218180013
Aldoc,9802.03885347706,16190.045097547225
Aldoc,9810.906124911095,16485.09879882143
Aldoc,9807.032849045401,16499.525732085465
Aldoc,9821.814193116592,16474.215644636784
Aldoc,9847.846224802943,18165.889523753456
Aldoc,9842.043754960217,18162.219857673645
Aldoc,9825.937745205862,18168.98436762453
Aldoc,9895.817610776185,17515.754483166358
Aldoc,9892.552985932016,17525.88617188468
Aldoc,9904.705675319312,17520.017173033673
Aldoc,9915.094364915087,17283.242608146276
Aldoc,9935.532232508833,17280.364077584018
Aldoc,9939.609048466904,16357.739874509543
Aldoc,9942.57791053313,16338.880030903269
Aldoc,9950.091081536719,16332.873550530254
Aldoc,9971.02242863363,16763.989833235315
Aldoc,9949.364375277777,16771.906096918134
Aldoc,9969.974787753099,17676.116283542902
Aldoc,9995.179590941925,16433.100087149025
Aldoc,10004.097197407138,16437.44961975003
Aldoc,9986.220845228456,16436.285347014786
Aldoc,9990.322063083435,16449.08603514
Aldoc,9977.911680729565,16447.573228877736
Aldoc,9977.441578697277,16424.446286027887
Aldoc,10022.1500504989,16401.880219785842
Aldoc,10004.350090213764,16402.660644301945
Aldoc,10007.851286130573,16408.958976325586
Aldoc,10047.354486567308,18245.956908294444
Aldoc,10059.756518501505,18235.942481872444
Aldoc,10071.701268690662,16364.320114698008
Aldoc,10155.579245014842,16535.853325793654
Aldoc,10234.127992070982,18273.245536097707
Aldoc,10209.939665627224,18272.949706840034
Aldoc,10212.81252641072,18272.288106145883
Aldoc,10226.193007965625,17332.070969136796
Aldoc,10213.937415511014,17329.86814916524
Aldoc,10263.391706284532,16804.647347272356
Aldoc,10250.240173944308,16807.36869245759
Aldoc,10337.866535254498,16506.842059418697
Aldoc,10357.419139456451,16847.933133566083
Aldoc,10370.240029770697,16824.94771949881
Aldoc,10374.224967022186,16867.832757058743
Aldoc,10388.374453138022,17466.54758557877
Aldoc,10370.558122301858,17463.217965608543
Aldoc,10404.263368650723,16506.63580195585
Aldoc,10466.370615927603,16881.951029237378
Aldoc,10468.966070865385,16758.633040017197
Aldoc,10479.205505794203,16731.505911254146
Aldoc,10547.98601507044,16549.160551012385
Aldoc,10554.344402670566,16557.877956557862
Aldoc,10560.51097810905,16549.581918139786
Aldoc,10571.996498890698,16548.137430685467
Aldoc,10548.617197908272,16554.221235692734
Aldoc,10616.09927993809,17661.640405066584
Aldoc,10613.085637426004,17646.35345984108
Aldoc,10614.296769477398,17646.038512847135
Aldoc,10636.287182050624,16688.892917517853
Aldoc,10597.459636185771,16683.87555761074
Aldoc,10622.203456002297,16677.854826441206
Aldoc,10714.220627843684,17888.78835574278
Aldoc,10733.475533777702,16495.66267711637
Aldoc,10726.654171928596,16489.382230224845
Aldoc,10746.809320480386,16486.869080826873
Aldoc,10739.997871476226,16497.64281726544
Aldoc,10734.98761264643,16499.315998324477
Aldoc,10735.987834891946,16496.581357931234
Aldoc,10743.862804853128,16495.64899847175
Aldoc,10740.180560344072,16498.837524899867
Aldoc,10732.35243665132,16506.11631370702
Aldoc,10727.486317248351,16502.76697771284
Aldoc,10814.743625179493,17533.419167916043
Aldoc,10841.523792947663,16662.159421314722
Aldoc,10816.977544776575,16657.094534547246
Aldoc,10810.513547859577,16654.557699944024
Aldoc,10825.772228796619,16600.970257533714
Aldoc,10847.236182743909,16612.13454085856
Aldoc,10829.728557519666,16611.756554369014
Aldoc,10849.926228503207,17670.50734924326
Aldoc,10846.61366924957,17664.422090387172
Aldoc,10854.345009455094,17657.26129685317
Aldoc,10832.936954410947,18231.61961681929
Aldoc,10916.949224326345,16618.379483715024
Aldoc,10896.25960394635,16623.379453243324
Aldoc,10908.52238300987,16626.838325032037
Aldoc,10951.40137206897,17861.024143613544
Aldoc,10941.927976914583,17870.56729049211
Aldoc,10933.757255776765,17872.101084467966
Aldoc,10996.120997223567,18319.4624299833
Aldoc,11006.350037398475,18328.91168356549
Aldoc,11001.779679498622,18335.55431873708
Aldoc,11009.611217751828,16716.006445870436
Aldoc,11000.146856669648,16693.08228903987
Aldoc,11068.965491825951,16635.814636952433
Aldoc,11062.970022961365,16610.91768177185
Aldoc,11059.534210787657,16633.46147711714
Aldoc,11106.606507695942,16897.315087473788
Aldoc,11181.289102173865,16924.317234184524
Aldoc,11183.645295442684,16929.874441291253
Aldoc,11167.36501761718,16930.689965291072
Aldoc,11237.260142290823,16913.24958885112
Aldoc,11240.187499395519,16929.382385916262
Aldoc,11234.695966531046,16922.563214796526
Aldoc,11267.590984105087,16909.20496180485
Aldoc,11243.713900693074,16921.59778226488
Aldoc,11287.044356172642,18262.333521908335
Aldoc,11294.316934350984,18280.166178182833
Aldoc,11290.75008173353,18286.312087746475
Aldoc,11288.525239834671,18269.133059993823
Aldoc,11308.673436833817,16819.057362565465
Aldoc,11312.610203670081,16813.7900579138
Aldoc,11327.114603405938,16835.475642748457
Aldoc,11338.268964495712,17820.378135676954
Aldoc,11343.606309954372,16618.843899544034
Aldoc,11332.856153885052,16620.903283697317
Aldoc,11341.307501900623,16601.35829969602
Aldoc,11345.986095106045,16560.993937778283
Aldoc,11331.233775383991,16540.562847452326
Aldoc,11339.100666173841,16561.80313684173
Aldoc,11396.588971040917,16885.039895336296
Aldoc,11394.848710404829,16877.876269946133
Aldoc,11397.77655107813,16889.65512281816
Aldoc,11387.397420999552,16861.14429947395
Aldoc,11381.674919160918,16891.016447484017
Aldoc,11395.297625450332,16862.40043775567
Aldoc,11395.310639699012,18327.023736502342
Aldoc,11396.50418848054,18328.404223728754
Aldoc,11388.557622594091,18355.51078057852
Aldoc,11396.994476792146,16785.589223792376
Aldoc,11403.537591648836,16774.563606692496
Aldoc,11394.105796270904,16783.559874331797
Aldoc,11392.374002404715,16769.61183288897
Aldoc,11400.149280888843,16772.00771554725
Aldoc,11485.772361378378,17099.506264027346
Aldoc,11483.149758742671,17094.716823674327
Aldoc,11480.387469721336,17089.211135573427
Aldoc,11493.068590683539,17847.603619406043
Aldoc,11644.645682279714,16785.651407931677
Aldoc,11647.327045250915,16784.7972974228
Aldoc,11647.76673189095,16797.086389979053
Aldoc,11635.056614982983,16776.170538935934
Aldoc,11642.737406270291,16781.351074599082
Aldoc,11650.585102448485,16797.050967570038
Aldoc,11688.226948565974,16476.432893472196
Aldoc,11703.786719806965,16479.41013022661
Aldoc,11715.900871310461,16493.663035061603
Aldoc,11725.077049938871,16399.74629563246
Aldoc,11709.161065093504,16400.353359888428
Aldoc,11695.086911306666,16409.6801488593
Aldoc,11714.534674345374,16414.548788796572
Aldoc,11739.939244302952,16717.722669478302
Aldoc,11754.795409228982,16733.094082824373
Aldoc,11742.226249439456,16717.141455860674
Aldoc,11804.517283173962,16493.17292016185
Aldoc,11798.69485338157,16495.488763698653
Aldoc,11795.877724911574,16496.12706374371
Aldoc,11864.926627938712,16859.507773041554
Aldoc,11863.101716520332,16869.44875300563
Aldoc,11880.932667975438,16867.227149047456
Aldoc,11877.76603821688,16694.418172614303
Aldoc,11903.972735056248,16265.840989736453
Aldoc,11917.408270513246,16282.124468770779
Aldoc,11924.381452015778,16276.88654480641
Aldoc,11903.865474779559,16275.233094093472
Aldoc,11931.300993944757,16285.82555299738
Aldoc,11923.472311068947,16290.211969129943
Aldoc,11942.262957686245,16268.93064581138
Aldoc,11967.198676088623,16376.84473612324
Aldoc,11968.128997574753,16384.30486991615
Aldoc,12065.820856845814,16610.076893927464
Aldoc,12064.516730159887,16628.751108190143
Aldoc,12103.564289293105,16381.600049251263
Aldoc,12097.162530821028,16369.96902924204
Aldoc,12085.959964556387,16362.80145932578
Aldoc,12125.642299530095,17100.65008573121
Aldoc,12184.918521502008,17843.092536477456
Aldoc,12184.069398003285,17825.574680818703
Aldoc,12181.015448107783,17828.482810450103
Aldoc,12266.696628410067,16532.43931517403
Aldoc,12297.56494493501,18076.074154941867
Aldoc,12334.882211092588,17352.84171519783
Aldoc,12360.786597894277,17742.942077132706
Aldoc,12353.012794384309,17738.41456299186
Aldoc,12346.00686883897,17734.30199392553
Aldoc,12363.372979430738,17717.04216732395
Aldoc,12334.260494271122,17722.090388669032
Aldoc,12355.84322193973,17731.47598088165
Aldoc,12375.974468920036,16336.795888642753
Aldoc,12373.193543577874,16329.32853244352
Aldoc,12370.56478040291,16330.435275413054
Aldoc,12418.532669695926,15929.615291279908
Aldoc,12406.288053203,15915.744318495856
Aldoc,12416.64881179351,15912.033288333823
Aldoc,12407.445044062786,15920.95273162009
Aldoc,12408.933393054194,15926.925707871655
Aldoc,12427.658932117425,15932.26669507118
Aldoc,12424.610336898166,16182.885005168131
Aldoc,12418.724824491183,16175.35514713038
Aldoc,12594.523763036847,16292.964581972135
Aldoc,12604.390964876997,16416.54511271489
Aldoc,12603.032176130884,16429.412377929377
Aldoc,12611.547665652839,16423.05117719303
Aldoc,12627.290355034544,15745.650904653847
Aldoc,12623.051711147964,15753.272434079123
Aldoc,12623.268293865154,15749.928686370591
Aldoc,12616.331390044388,15993.934739978948
Aldoc,12625.62567990054,15988.366984604241
Aldoc,12703.510768875867,16036.967074123715
Aldoc,12703.715320153753,16009.670592720306
Aldoc,12683.943289817656,16022.842341839922
Aldoc,12696.801088512946,16010.05619207267
Aldoc,12713.18861821004,16008.336885273677
Aldoc,12751.375748374612,17265.885812659155
Aldoc,12745.960586229481,17276.238068374987
Aldoc,12766.126411503157,17261.41403891487
Aldoc,12769.76094581789,16792.159111520476
Aldoc,12766.01238616331,16783.254854364404
Aldoc,12763.908716028092,16772.480424393023
Aldoc,12761.636560170107,16772.34823499856
Aldoc,12768.62450517,16782.03008966325
Aldoc,12763.516401198825,16792.633308785607
Aldoc,12752.55500258876,16783.85114127962
Aldoc,12823.031884902155,16429.401457659085
Aldoc,12814.59982552351,16442.858137664403
Aldoc,12817.723844454587,16423.139599435166
Aldoc,12902.198829156325,16230.236726628578
Aldoc,12907.82843627896,16229.923679541878
Aldoc,12904.833867431782,16226.130857926151
Aldoc,12991.038378532357,17201.69225621261
Aldoc,13010.983991698042,16813.74963043885
Aldoc,12992.25203690933,16816.96566875974
Aldoc,13002.763139251892,16834.72183454604
Aldoc,13174.945006230231,16367.05878134036
Aldoc,13167.660002753111,16362.527021657477
Aldoc,13250.531595559629,16668.664809522408
Aldoc,13243.849074617625,16679.619369612792
Aldoc,13245.835856807924,16664.5485851254
Aldoc,13259.842385918368,16669.32518498393
Aldoc,13225.29682382899,16674.219653411612
Aldoc,13251.178168102932,16653.241066727453
Aldoc,13267.445333112617,16551.88126461053
Aldoc,13267.565645289902,16554.574582182926
Aldoc,13266.285912836844,16554.369798009888
Aldoc,13277.277831847825,16551.57016352839
Aldoc,13379.750222229333,16708.169547896974
Aldoc,13406.08885914665,16709.992376525475
Arpp21,6884.22604697365,14468.182608949963
Arpp21,6872.374124389652,14389.34878374476
Arpp21,6875.976855789731,14394.673820839662
Arpp21,6870.723409932474,14392.131391163997
Arpp21,6881.425092613303,14633.789719760094
Arpp21,6871.232330299957,14642.36680473963
Arpp21,6918.152107636132,14369.572706715457
Arpp21,6922.71134443592,14368.816299493436
Arpp21,6960.176249085481,14237.001705903405
Arpp21,6944.631938628132,13999.261326500728
Arpp21,6968.427946149881,14643.877013472504
Arpp21,6967.174173707641,14090.875441810495
Arpp21,6972.527599376552,13974.730574089976
Arpp21,6970.1433111411125,14425.752148481195
Arpp21,6994.540528048663,13682.028930523455
Arpp21,6999.425249554339,14192.09442331553
Arpp21,6996.67705940288,14441.351495096704
Arpp21,6975.9821009847465,14428.334677916595
Arpp21,6985.6440867434785,14439.150947249325
Arpp21,7002.043917820383,15019.927248477808
Arpp21,7015.609480368918,14070.584813255931
Arpp21,7003.274672060721,14051.869906617949
Arpp21,7024.055045190104,14058.46428996084
Arpp21,7019.819005354987,14643.442066332327
Arpp21,7028.019026354554,14891.842092971101
Arpp21,7019.24613497171,14895.054580953629
Arpp21,7014.05287039451,14875.60854307863
Arpp21,7027.671893475831,15034.486717965261
Arpp21,7033.968264991956,15064.443714609954
Arpp21,7033.325752797132,15052.809957353184
Arpp21,7053.576417998923,13667.034636905197
Arpp21,7047.977348110088,13678.509457262362
Arpp21,7049.823020609408,14828.289633942617
Arpp21,7035.066026961954,14815.18638506782
Arpp21,7048.963535551578,14876.385542503203
Arpp21,7048.654383085577,14880.378110439699
Arpp21,7057.049367812896,13835.211623554675
Arpp21,7051.678433590526,13836.778967607544
Arpp21,7060.5649752703575,13825.864826808387
Arpp21,7048.956699603883,13792.628932576838
Arpp21,7060.627695965834,13735.3828090326
Arpp21,7064.5461597063695,14056.885252607568
Arpp21,7057.687410331637,13923.409190275872
Arpp21,7065.956646963226,14913.259458808805
Arpp21,7054.273049321426,14926.418252720927
Arpp21,7064.172548208031,14909.803329241684
Arpp21,7040.1191990947,14798.890392309338
Arpp21,7051.550271073685,14809.490268177948
Arpp21,7068.092812818326,14420.155778168308
Arpp21,7082.942750118557,14338.305784350272
Arpp21,7098.263375673872,14122.710951816363
Arpp21,7084.572931652003,15000.75899738095
Arpp21,7110.021849685137,14625.68582946712
Arpp21,7087.213165533662,14630.386914398243
Arpp21,7119.722691507957,14502.031374882652
Arpp21,7110.095217447938,14509.55482685238
Arpp21,7105.03477477568,13894.418427301387
Arpp21,7106.387377288818,13894.058666897256
Arpp21,7111.496689738645,13886.445136321592
Arpp21,7098.871954914286,14428.099842709453
Arpp21,7087.856240004346,14425.754818003847
Arpp21,7127.239782657106,14680.527226642902
Arpp21,7106.166761827983,14686.621788467037
Arpp21,7129.7654451155195,14701.005012443426
Arpp21,7130.783820989322,15043.644368626072
Arpp21,7112.2931529164125,15040.111796337658
Arpp21,7117.158653362578,15037.934194340609
Arpp21,7141.97760780823,13984.765366491547
Arpp21,7129.686734645764,13985.424598169482
Arpp21,7144.629686738912,13975.625785659053
Arpp21,7122.861908257473,13981.700393500281
Arpp21,7140.622572829517,13977.059624330856
Arpp21,7130.500306467934,15042.570020076311
Arpp21,7155.596729284175,14821.526710312344
Arpp21,7161.18921910721,14822.952724272394
Arpp21,7146.240661714137,13759.586073837805
Arpp21,7138.148612681173,13766.092127673815
Arpp21,7154.080888580942,15350.687552541747
Arpp21,7169.084000573348,14758.797433084406
Arpp21,7199.398369021104,15235.052539744504
Arpp21,7220.987535549363,15243.260971303489
Arpp21,7188.68799162582,14996.411459855539
Arpp21,7205.605079643596,15003.21090171232
Arpp21,7197.346701812219,14995.886303969337
Arpp21,7226.268680823516,14961.228787825374
Arpp21,7215.45808928104,14970.249701264784
Arpp21,7230.5495826775095,14966.581409162945
Arpp21,7221.946827113458,14831.078644774258
Arpp21,7200.432960297322,14889.99304105881
Arpp21,7233.345270931098,14993.28146773427
Arpp21,7249.663908965807,15130.261567038904
Arpp21,7229.100095928987,15246.35006178334
Arpp21,7285.226875378626,15190.435316941404
Arpp21,7318.102180870162,15325.369940192013
Arpp21,7337.541153298092,15558.936692076883
Arpp21,7351.782401493517,15565.161326934114
Arpp21,7352.56901208198,15447.086555930364
Arpp21,7352.42418892579,15458.07811710807
Arpp21,7355.552516293876,15451.632947021675
Arpp21,7370.031065143041,15458.241368979867
Arpp21,7416.490117256411,15358.40057074066
Arpp21,7523.919052986093,15695.618515657521
Arpp21,7506.112151513278,15701.996288233096
Arpp21,7545.378275322528,15966.373892457264
Arpp21,7623.556506581788,15619.040334771824
Arpp21,7666.055001494773,15890.971878739
Arpp21,7650.915173141446,16119.006369935016
Arpp21,7703.814162538413,16174.512979205572
Arpp21,7693.8961492663575,16265.827512510412
Arpp21,7727.113653941767,16226.168216573185
Arpp21,7777.698116339267,16086.00351191778
Arpp21,7828.759375344687,16382.831955009106
Arpp21,7914.201521281964,16410.81796782965
Arpp21,7920.898289108029,16405.330409809252
Arpp21,7922.26636631057,16436.23808493833
Arpp21,7932.993427434199,16446.53464278434
Arpp21,7932.899703348108,16430.917638243915
Arpp21,7936.770885648088,16430.96935779725
Arpp21,7938.380115322143,16428.540577909836
Arpp21,7935.06318742089,16436.59171719017
Arpp21,7997.11465612188,16521.551337626966
Arpp21,7987.159772062961,16509.907426960726
Arpp21,7995.823622030985,16512.722369840554
Arpp21,8023.584252707595,16527.19682445024
Arpp21,8038.432720038573,16405.721284533844
Arpp21,8026.60257614896,16389.733975796462
Arpp21,8057.808939704041,16453.548469148023
Arpp21,8043.980554340807,16456.748780006707
Arpp21,8159.831897465016,16616.42856258736
Arpp21,8166.472029852081,16627.379670350132
Arpp21,8205.551569281857,16810.409959605884
Arpp21,8184.666890728269,16783.49984496355
Arpp21,8277.017093133645,16749.597732065966
Arpp21,8361.91774117967,16879.44197594141
Arpp21,8363.504403394341,16893.76467743446
Arpp21,8390.663036752663,16762.614698034296
Arpp21,8392.64824705153,16752.21493603077
Arpp21,8421.207921743076,16774.72688596023
Arpp21,8427.23440396327,16908.157445859313
Arpp21,8414.093249513597,16913.263317954345
Arpp21,8439.03677233934,16851.4780845356
Arpp21,8458.893406863506,16870.80062690679
Arpp21,8451.418121505176,16848.558087509675
Arpp21,8561.415979402114,16996.924193701332
Arpp21,8709.034610688574,16996.731136228922
Arpp21,8746.237284148496,17079.90091757036
Arpp21,8746.403838511096,17088.471802889286
Arpp21,8801.977474689367,17298.197707207408
Arpp21,8830.38865199461,17317.982855756574
Arpp21,8831.395197017551,17316.87375428716
Arpp21,8830.3696972724,17150.69358278475
Arpp21,8828.532724331468,17143.68774198657
Arpp21,8929.897853866905,15339.404931513982
Arpp21,8931.57584639058,17226.547765665007
Arpp21,8992.51634389384,17296.753513185864
Arpp21,9033.418700642469,17273.512032633287
Arpp21,9042.5526180231,17266.03404362648
Arpp21,9098.439079463955,17413.00171427271
Arpp21,9121.251668955407,17471.875492334846
Arpp21,9201.220831264143,17429.748614731543
Arpp21,9210.116296137005,17447.30493749311
Arpp21,9212.314721587705,17433.858960077567
Arpp21,9199.281649378305,17423.988835125656
Arpp21,9211.965278113119,17429.347175699448
Arpp21,9245.111023614,17545.956910593894
Arpp21,9249.140369136892,17552.75314904533
Arpp21,9412.881694337417,17473.08159894317
Arpp21,9503.322559758572,17588.909557569463
Arpp21,9544.204437155438,17480.079384658453
Arpp21,9580.480077381815,17623.582705587098
Arpp21,9584.992444378559,17617.752800810133
Arpp21,9620.885970364432,17698.61775688615
Arpp21,9613.281440412009,17690.875606369475
Arpp21,9630.483418139691,17617.566033039824
Arpp21,9632.050218392304,17603.85722234016
Arpp21,9616.345232639322,17605.653004427513
Arpp21,9723.978364768755,17632.20344471965
Arpp21,9721.940125810732,17699.444800262198
Arpp21,9733.493101939479,17700.447119085416
Arpp21,9773.062103867602,17644.455297215634
Arpp21,9752.432357011588,17632.942570785788
Arpp21,9773.42661670224,17642.89945571678
Arpp21,9826.362584229613,17605.894209070542
Arpp21,9815.450293846136,17769.145208391932
Arpp21,9834.777123736212,17693.985425260707
Arpp21,9838.36815049697,17676.851081917488
Arpp21,9833.15938088771,17679.149190283413
Arpp21,9839.571438452505,17695.093562402744
Arpp21,9833.095507675076,17689.10992077545
Arpp21,9843.468571113419,17683.23984855465
Arpp21,9882.724841123583,17773.81333919072
Arpp21,9883.429816246056,17770.900298013683
Arpp21,9884.768207750161,17794.924216576812
Arpp21,10046.89141519416,17683.2431955218
Arpp21,10049.199677994637,17792.470780156196
Arpp21,10083.682153963933,17763.734627570244
Arpp21,10078.703037169917,17670.569709557334
Arpp21,10083.857316029265,17691.52080488236
Arpp21,10086.519774230983,17680.948691714166
Arpp21,10230.824140115375,17707.93985761569
Arpp21,10488.560330718614,17887.410383366285
Arpp21,10506.355366341946,17897.596187199168
Arpp21,10498.85579435147,17875.392841608096
Arpp21,10491.969145582729,17890.95988538091
Arpp21,10532.451617968649,17825.723247772275
Arpp21,10615.638113443083,17883.54840088557
Arpp21,10640.722593436132,17985.198862958212
Arpp21,10652.624258438327,17863.070032101103
Arpp21,10653.17713685338,17877.399144553936
Arpp21,10658.763411462223,17870.889504273757
Arpp21,10703.861794157161,17911.31004263514
Arpp21,10758.25315015996,17832.56137953602
Arpp21,10733.158952459116,17911.108393900147
Arpp21,10744.006772661163,17894.327999705503
Arpp21,10781.989483061372,17826.260479010627
Arpp21,10771.404078535714,17829.762910211954
Arpp21,10771.710261218077,17824.958330360056
Arpp21,10762.302012661079,17807.36215395197
Arpp21,10766.673557270442,17834.356193393873
Arpp21,10781.789310341937,17825.459683886147
Arpp21,10781.528006616996,17834.716619733106
Arpp21,11031.684455103894,17859.670882429757
Arpp21,11140.476961946404,17821.767377008524
Arpp21,11157.22863240075,17816.134407862515
Arpp21,11163.688714831495,17877.445419865893
Arpp21,11299.886375110307,17754.77349253865
Arpp21,11344.889295724159,17718.231495506152
Arpp21,11341.825124580553,18025.19640188618
Arpp21,11344.130389605303,18040.155324457213
Arpp21,11334.134515470876,17773.661324043995
Arpp21,11355.828467846715,17778.416442248446
Arpp21,11444.696678714876,17811.21097236448
Arpp21,11495.339239991617,17720.20193884492
Arpp21,11554.551321975376,17761.10992775872
Arpp21,11561.416709835037,17639.611826417724
Arpp21,11568.366338499589,17640.89343017138
Arpp21,11567.074104099414,17655.228269415846
Arpp21,11596.587211770395,17736.160400081462
Arpp21,11704.505937274058,17707.159520333083
Arpp21,11841.606425908,17741.426018241207
Arpp21,11948.771189008268,17550.672335802014
Arpp21,12029.341716303923,17582.063089871488
Arpp21,12036.420530055248,17599.168457511238
Arpp21,12035.925651136045,17600.890284735582
Arpp21,12018.83202764232,17612.62198260346
Arpp21,12061.874917720303,17427.54532764754
Arpp21,12151.333543133984,17457.076605499104
Arpp21,12202.339474903418,17649.122378899054
Arpp21,12258.484890588432,17339.591369114394
Arpp21,12277.837756061861,16530.371684392696
Arpp21,12302.353975328799,17543.109542765036
Arpp21,12309.311270037797,17536.94903175851
Arpp21,12318.155529982274,17548.91632085071
Arpp21,12504.685626540508,17050.201948486716
Arpp21,12554.541790334151,16926.125215027816
Arpp21,12600.353341081302,16966.939954143574
Arpp21,12602.37516451855,16963.444412948113
Arpp21,12603.378656855972,16967.662084776457
Arpp21,12631.003382969648,16843.13769655464
Arpp21,12637.130477439043,16924.532971329445
Arpp21,12628.553095149615,16910.576577215867
Arpp21,12663.902007126499,17133.369791641147
Arpp21,12632.884680896512,17485.32364838768
Arpp21,12638.254354413093,17490.299946593936
Arpp21,12702.879507367728,17406.53166130936
Arpp21,12753.423140823925,16736.498597142436
Arpp21,12786.20457432685,16709.009967837897
Arpp21,12793.706080076485,16696.918963310112
Arpp21,12821.61495182328,16758.31611936113
Arpp21,12861.266901085504,16728.30696101689
Arpp21,12878.588786755538,17196.892372453654
Arpp21,12851.628205777293,17213.385658506602
Arpp21,12893.916738641381,16568.513006722587
Arpp21,12994.196810691994,16511.23515450398
Arpp21,13043.375266424668,16996.80750374522
Arpp21,13086.542604807095,17012.563308144807
Arpp21,13138.59067132674,16584.480694966154
Arpp21,13148.43398093744,16892.675723316428
Arpp21,13209.03133109313,16440.83034299531
Arpp21,13450.641572800265,17100.940351760077
Atp1b1,6390.6822265488045,14446.311471919622
Atp1b1,6376.647955419195,14437.049726195239
Atp1b1,6373.732190739803,14453.124581521683
Atp1b1,6434.109762985978,15052.264983213548
Atp1b1,6456.586565759761,13475.17173764195
Atp1b1,6566.932549447387,14156.531101765766
Atp1b1,6571.111497655651,14792.67179087757
Atp1b1,6591.9829079428255,14778.593243052625
Atp1b1,6574.223056080099,14783.433250100894
Atp1b1,6563.894593026355,14774.445228373741
Atp1b1,6598.1068881131205,14688.7854008759
Atp1b1,6600.685894357974,14692.224804889926
Atp1b1,6604.339746339963,14690.785098986775
Atp1b1,6606.741678741883,14680.691535273103
Atp1b1,6590.486570624268,14691.528238067487
Atp1b1,6602.779618966603,14690.447483174055
Atp1b1,6627.841883459723,14386.46988083853
Atp1b1,6621.702030043341,14402.921396859503
Atp1b1,6620.6647457032905,14403.138930359844
Atp1b1,6638.37317007571,14386.65255440359
Atp1b1,6650.344543484075,14413.885301066844
Atp1b1,6643.909175432034,14406.700092217652
Atp1b1,6629.578310009455,14414.159902123318
Atp1b1,6632.772445122415,14401.822581040571
Atp1b1,6650.060916698161,14389.893894013392
Atp1b1,6657.643704443492,13778.15242668099
Atp1b1,6682.771288544833,13784.95185094795
Atp1b1,6673.44553718954,13792.580838550151
Atp1b1,6677.630600430844,13783.351523165476
Atp1b1,6650.51653898026,13785.801523614766
Atp1b1,6671.778839128873,13783.77350844816
Atp1b1,6747.392353570556,15290.620249202066
Atp1b1,6746.8184951480425,15317.18074813165
Atp1b1,6735.0612450286435,15310.600855192142
Atp1b1,6745.2828874874085,15310.943532457055
Atp1b1,6772.045099410152,15378.515672143682
Atp1b1,6780.856046278315,15394.726066774674
Atp1b1,6794.750252656741,15030.892164851215
Atp1b1,6823.528213752161,14535.426313680166
Atp1b1,6805.687543434014,14122.182992971664
Atp1b1,6804.870290474484,14137.766396911007
Atp1b1,6794.133464813949,14112.866106698637
Atp1b1,6800.075696361352,14119.64949971191
Atp1b1,6799.425247708671,14122.692630607766
Atp1b1,6805.17934923803,14117.136722996405
Atp1b1,6789.088969298185,14111.51633931912
Atp1b1,6810.12025399763,14111.594350800528
Atp1b1,6808.512621548052,14128.926346463704
Atp1b1,6805.995525233171,14113.187293550896
Atp1b1,6802.517581005242,14116.560309025906
Atp1b1,6811.927218992706,14122.08482785178
Atp1b1,6812.822753103467,14121.094872329442
Atp1b1,6813.382782359973,14121.348353799582
Atp1b1,6807.072800253526,14119.112570465604
Atp1b1,6853.5979222689375,14104.456763355915
Atp1b1,6844.890296678276,14102.671423613509
Atp1b1,6854.527813760966,14112.961517744385
Atp1b1,6850.889351022348,14112.19903338921
Atp1b1,6847.891722752135,14100.395961380962
Atp1b1,6837.589944458559,14098.523258587045
Atp1b1,6837.793772055796,14120.439305942458
Atp1b1,6847.961121340562,14091.101560676341
Atp1b1,6834.017283365319,14238.488910903989
Atp1b1,6852.922659219741,14231.4176602311
Atp1b1,6839.161056427586,14232.08457077141
Atp1b1,6848.479684736615,14228.851425292214
Atp1b1,6867.712995553376,14475.29481901639
Atp1b1,6878.05525058064,14456.407310023056
Atp1b1,6865.267588038411,14457.240480948114
Atp1b1,6875.828413552061,14458.007248235872
Atp1b1,6859.347670647217,14465.076085145542
Atp1b1,6882.651056607377,14454.714937052877
Atp1b1,6868.775605103365,14466.73784512947
Atp1b1,6875.62098185915,14377.117668016159
Atp1b1,6862.754706225276,14387.465999283897
Atp1b1,6848.026433378185,14392.73199427111
Atp1b1,6872.309466484549,14645.170109611698
Atp1b1,6872.727849733536,14630.824018973455
Atp1b1,6890.360437720194,14642.08738401957
Atp1b1,6883.676044876941,14413.507831795438
Atp1b1,6865.805996304566,14417.207017032893
Atp1b1,6885.718227955418,14413.455189036335
Atp1b1,6874.155169500544,14406.988339220901
Atp1b1,6883.93525126829,14386.070072436927
Atp1b1,6870.229910139359,14422.086973064512
Atp1b1,6891.527917732555,14409.306823378589
Atp1b1,6883.966625630648,14398.42175999767
Atp1b1,6871.0537058383725,14423.369007753505
Atp1b1,6892.585569673772,14411.535785466658
Atp1b1,6877.0208266511,14420.087415576985
Atp1b1,6878.546975290798,13994.540236705285
Atp1b1,6886.177091128739,13974.710924432999
Atp1b1,6881.528390802442,13966.300600752473
Atp1b1,6885.716541519759,14740.507009677074
Atp1b1,6898.009351831594,14730.676813822385
Atp1b1,6887.663311837991,13770.668707328967
Atp1b1,6884.451393352603,13751.311560525868
Atp1b1,6887.735365181978,14105.134818942552
Atp1b1,6888.3648944656925,14121.712236118854
Atp1b1,6901.5556128721655,14112.467038101791
Atp1b1,6889.420588409957,14131.99488924333
Atp1b1,6897.540295961383,14130.534543573924
Atp1b1,6876.564782850863,14111.5755110107
Atp1b1,6904.83898172819,13889.410816242464
Atp1b1,6898.367731601751,13909.766369794152
Atp1b1,6891.761340087944,13750.024734764773
Atp1b1,6903.827641668257,13746.890876612757
Atp1b1,6896.108614633477,13754.008504801526
Atp1b1,6913.65450715199,13745.66035039866
Atp1b1,6896.434392819801,13807.56049027424
Atp1b1,6915.1154469290495,14836.75554504849
Atp1b1,6895.96840569842,14836.305287181423
Atp1b1,6881.319373233541,14841.305239915928
Atp1b1,6908.810620469142,14241.351518827505
Atp1b1,6896.349600979188,14318.812943564179
Atp1b1,6903.607523149645,14309.677031766376
Atp1b1,6887.7225594156625,14310.276967527634
Atp1b1,6894.477993054263,14304.453793909413
Atp1b1,6892.15568998579,14586.544683416292
Atp1b1,6900.880504392291,14570.467850816207
Atp1b1,6896.456119692571,14587.702120069858
Atp1b1,6891.399305241862,14579.284302683312
Atp1b1,6894.533931057148,14556.792565630616
Atp1b1,6917.891781783773,13768.338580474583
Atp1b1,6904.989870927998,13786.442885689425
Atp1b1,6898.06552642766,13764.282713778077
Atp1b1,6903.534208598223,14525.19855521108
Atp1b1,6908.795093628601,14511.685103052314
Atp1b1,6912.250725505589,14518.092261113321
Atp1b1,6902.216325645122,13951.78255908262
Atp1b1,6910.77093039033,13951.17819745164
Atp1b1,6917.607219902417,15387.555119802026
Atp1b1,6906.387905509067,13791.548392355362
Atp1b1,6898.592116436628,13781.373872843318
Atp1b1,6909.459138838394,13793.775595985673
Atp1b1,6922.091223563917,14376.121960064054
Atp1b1,6913.178420867897,14370.912841886211
Atp1b1,6923.652484921996,14353.41482573139
Atp1b1,6937.804386946336,14371.777087928525
Atp1b1,6926.445139882416,14368.290284796341
Atp1b1,6919.973826505556,14371.295438014753
Atp1b1,6927.4209368335905,14367.148917389344
Atp1b1,6924.826872825186,14833.311290098278
Atp1b1,6943.535858463521,14817.326766434528
Atp1b1,6929.996217659319,14806.817472303324
Atp1b1,6940.324862145161,14821.992582636092
Atp1b1,6909.623828777607,14813.820833720474
Atp1b1,6932.006641140425,14811.524378845868
Atp1b1,6920.128874950459,14177.170226474838
Atp1b1,6905.460190645249,14180.111155688277
Atp1b1,6917.020672483883,14188.1784500752
Atp1b1,6940.602742967204,14565.966635303874
Atp1b1,6932.421350765348,14574.13235036485
Atp1b1,6934.071063970388,14529.733953644289
Atp1b1,6936.694979807654,14528.591754153551
Atp1b1,6928.067709683445,14537.296721519268
Atp1b1,6954.761323796846,14449.252131529493
Atp1b1,6939.605073905001,14482.251382280854
Atp1b1,6955.995542562048,13676.985113041595
Atp1b1,6929.269615207568,14153.096703478255
Atp1b1,6943.022324189298,14160.537097342489
Atp1b1,6945.4518924836875,14134.009340226738
Atp1b1,6938.124477699216,14154.67376076831
Atp1b1,6944.229286727713,14143.290735240997
Atp1b1,6938.864517553535,14147.159771049943
Atp1b1,6937.901066082247,14048.641535480068
Atp1b1,6956.565172546804,14044.718758368217
Atp1b1,6953.641023972918,14041.406427869862
Atp1b1,6960.003145345705,13770.984913041822
Atp1b1,6952.5450680732265,15458.137917768987
Atp1b1,6972.607732175289,15455.477131142177
Atp1b1,6949.466039583653,13985.818365578216
Atp1b1,6941.2199005341645,14004.586694957177
Atp1b1,6981.6776798768715,14682.120599689739
Atp1b1,6970.799555880424,14529.607321506222
Atp1b1,6972.456361520438,14558.16290239513
Atp1b1,6964.790186812759,14642.29999413795
Atp1b1,6967.44444892563,14637.820800225725
Atp1b1,6957.56306000291,14880.484328609602
Atp1b1,6968.5065881751325,14879.117918220009
Atp1b1,6959.64555683602,14302.101268248327
Atp1b1,6965.631072470742,14320.50986565083
Atp1b1,6970.110805913205,14302.67645679147
Atp1b1,6995.947534129844,14320.087505881973
Atp1b1,6972.771988375057,13751.423030378088
Atp1b1,6985.966401839879,13728.995153874865
Atp1b1,6978.692811102764,13850.276419625849
Atp1b1,6976.481664358851,14142.51594212976
Atp1b1,6969.650472428256,14473.960210991452
Atp1b1,6974.465712659277,14727.243577587291
Atp1b1,6974.832403796835,14723.245799410162
Atp1b1,6974.536451702116,14745.913523595627
Atp1b1,6978.106153260687,14733.78707303693
Atp1b1,6969.563682558323,14736.781159442275
Atp1b1,6981.500493485583,14716.206928765443
Atp1b1,6967.394661784308,14744.358745560736
Atp1b1,6988.8509320981675,14755.63069440648
Atp1b1,6962.254378634991,14114.526177662885
Atp1b1,6990.169922325408,14116.449592190696
Atp1b1,6981.1396148959,14099.173700048248
Atp1b1,6978.26035825639,14088.701890539687
Atp1b1,6971.2294803334225,13864.444644643756
Atp1b1,6974.818502261934,13873.97856302181
Atp1b1,6951.230722744159,13885.835858699944
Atp1b1,6981.449978586426,13879.588296663473
Atp1b1,6950.469266285736,13881.997792461429
Atp1b1,6982.225246980978,13875.764526870431
Atp1b1,6963.514172713778,13898.405144575578
Atp1b1,6974.471802718742,14395.49033154538
Atp1b1,6964.902172347685,14410.479432226603
Atp1b1,6966.46072211391,14403.827295462159
Atp1b1,6976.980100868443,14209.744259151821
Atp1b1,6985.190344226203,14261.492886405918
Atp1b1,7002.787690892317,14291.743993268934
Atp1b1,6988.017722667326,14279.062066543504
Atp1b1,6996.203799681116,14269.261367919673
Atp1b1,6977.999380105891,14426.767957240927
Atp1b1,6977.115292285219,14434.659075923224
Atp1b1,6987.629520685432,15188.630048196354
Atp1b1,6980.710225087702,15203.898469744874
Atp1b1,6974.883651021491,15175.178477448033
Atp1b1,6974.101803460909,15193.156841123413
Atp1b1,6985.643794139219,15186.928097818995
Atp1b1,6972.825218709151,15191.147271627913
Atp1b1,6951.482322846446,15198.103832382822
Atp1b1,6978.259200887382,15183.205686828942
Atp1b1,6980.243616189453,15197.65619238578
Atp1b1,6984.175655180908,15183.059515132963
Atp1b1,6980.443511817166,15188.29153615828
Atp1b1,6978.480204914398,15188.431551129755
Atp1b1,6970.819445326907,13950.915021186636
Atp1b1,6971.471673722811,14818.585429381517
Atp1b1,6984.462174167389,14829.515326993156
Atp1b1,6982.079076440601,14809.718948263182
Atp1b1,7001.31653897567,14975.514376859668
Atp1b1,6984.93772927113,14959.299023313
Atp1b1,6987.113945667336,14974.31039687988
Atp1b1,6995.669869225346,14969.170874636353
Atp1b1,6993.222008853517,14977.488056498014
Atp1b1,6993.204807122302,14961.817566338705
Atp1b1,6997.766713018536,14954.176639761741
Atp1b1,6988.628914520691,14984.368596943039
Atp1b1,6999.294963922969,14564.16349272409
Atp1b1,6996.104003102454,13877.891381568177
Atp1b1,6989.47087038089,13873.04549791156
Atp1b1,7002.733762684351,13689.3023221602
Atp1b1,6991.143704583329,13677.096163318545
Atp1b1,6989.627268685762,14225.359152803116
Atp1b1,6984.33958259981,13908.951450144556
Atp1b1,7012.500297369035,13925.087295086834
Atp1b1,6988.30481319381,13926.908589033286
Atp1b1,6990.446509276204,13926.314028257075
Atp1b1,6997.244819203924,13918.622623420499
Atp1b1,6976.828787007647,14191.649071468686
Atp1b1,6983.080778023504,14208.676173640799
Atp1b1,7001.39460356117,14174.873463154328
Atp1b1,7000.175201049355,14453.016899434764
Atp1b1,6983.499315784901,14448.626843330154
Atp1b1,7000.243633715524,14442.263316097102
Atp1b1,6986.806135076846,14584.097246497595
Atp1b1,6981.576566600828,14810.475064713719
Atp1b1,6999.71697424569,14817.196058955982
Atp1b1,7003.42589982279,14831.891870143289
Atp1b1,7006.782621627763,14356.744040485857
Atp1b1,6991.378593849146,14372.220656159347
Atp1b1,7004.785384157019,14354.424665890368
Atp1b1,7006.651645466426,15646.152309663856
Atp1b1,6998.659949309295,15638.566317354835
Atp1b1,7013.480038131363,15647.389355724785
Atp1b1,7011.362587319406,15635.366423745747
Atp1b1,7007.845012029548,15636.33383967209
Atp1b1,7012.665969300114,15639.309027856987
Atp1b1,6998.92897613603,15650.476804874705
Atp1b1,7002.885838350707,15664.686865177106
Atp1b1,7014.019503636805,15643.947609292798
Atp1b1,7010.371412428282,14205.109264499903
Atp1b1,7015.5578690498205,14197.377818436255
Atp1b1,7007.959638245574,14193.466008474998
Atp1b1,7025.057958011504,14197.160593686278
Atp1b1,6999.451171984804,13680.24732308686
Atp1b1,7003.722559473495,13992.53821822594
Atp1b1,7008.438463845121,14000.009073116522
Atp1b1,7011.669250535332,13995.635092873257
Atp1b1,7002.0530866926565,13699.173273798237
Atp1b1,7008.181489975656,13706.285503884095
Atp1b1,7001.471928031848,14535.451357413504
Atp1b1,7003.344840331942,14041.262954187025
Atp1b1,6997.868719318439,14048.561990449436
Atp1b1,7001.641418332802,14747.818878651029
Atp1b1,7009.491508426218,14747.14019817768
Atp1b1,7017.375163900016,14739.408320555225
Atp1b1,7032.630839712293,14321.378466791948
Atp1b1,7031.449252059845,14309.768775067832
Atp1b1,7019.740185108025,14335.943223548196
Atp1b1,7011.397383910501,14318.622170440345
Atp1b1,7001.038901531815,14307.280520204758
Atp1b1,7018.074828358614,14312.235413771923
Atp1b1,7020.520970115015,14334.625648258403
Atp1b1,7041.606932691719,14312.449367358258
Atp1b1,7020.888824960545,14324.50979384227
Atp1b1,7024.842229764748,14418.628545525911
Atp1b1,7017.552601307405,14429.387078471964
Atp1b1,7031.84766354283,14424.468685918806
Atp1b1,7023.523150558138,14441.204205494834
Atp1b1,7031.146218294983,14062.485372614037
Atp1b1,7028.349383875001,14523.827495176589
Atp1b1,7013.211978294487,14516.161482489324
Atp1b1,7011.29947655057,14512.401306680486
Atp1b1,7017.584186765149,14619.126703407572
Atp1b1,7023.9283299267645,14628.426672808233
Atp1b1,7027.4241950060405,14630.957196617912
Atp1b1,7038.696997685325,14636.373617653127
Atp1b1,7025.658690061091,14565.554278545027
Atp1b1,7032.521463694129,14590.53633052686
Atp1b1,7044.4341311869675,14567.371263054192
Atp1b1,7015.948050035581,14882.704122881265
Atp1b1,7029.182573462853,13880.893573144704
Atp1b1,7011.4561990116235,13880.480888830718
Atp1b1,7016.262641223775,13864.813076264427
Atp1b1,7020.821037681132,13873.099892035249
Atp1b1,7049.842558941063,14081.961691720158
Atp1b1,7030.930811440837,14077.140254879781
Atp1b1,7026.036409215075,14084.071460237414
Atp1b1,7043.773197016513,14067.656526923707
Atp1b1,7048.012341324151,14076.554172343884
Atp1b1,7037.519837856838,14067.93466441926
Atp1b1,7029.05455670566,15581.2141705342
Atp1b1,7035.903684846985,15558.313608615548
Atp1b1,7026.051422937269,15593.038785104485
Atp1b1,7036.739493582063,15588.038550656296
Atp1b1,7022.379423170066,14876.599701743935
Atp1b1,7036.512479395034,14954.577458223372
Atp1b1,7038.222623342323,14962.850774190525
Atp1b1,7030.714005569506,14957.153569565495
Atp1b1,7039.277275778459,14520.031388860669
Atp1b1,7017.5762733846,14521.56672456183
Atp1b1,7024.062609982311,14518.357243897079
Atp1b1,7033.171086497406,14007.624437331267
Atp1b1,7026.4602833152485,14005.674076679414
Atp1b1,7034.187720400236,14006.332949212238
Atp1b1,7027.350346706806,14258.401358943956
Atp1b1,7036.730316877776,14772.77312359354
Atp1b1,7048.505423929799,14898.497785887272
Atp1b1,7025.7776975189345,13987.538943318345
Atp1b1,7045.589495940833,13974.805593012943
Atp1b1,7047.2319837238965,13979.205590899366
Atp1b1,7045.666663256384,13971.529611632921
Atp1b1,7037.988413688678,13987.048052932867
Atp1b1,7054.5092729334,13975.352051370366
Atp1b1,7055.503764314365,14102.780727456231
Atp1b1,7052.8512806875315,14102.866836942025
Atp1b1,7052.1302955423935,13834.16103032249
Atp1b1,7046.819922840707,13836.059136359683
Atp1b1,7058.446251314548,13828.602918808774
Atp1b1,7041.094749865647,13772.173853467624
Atp1b1,7044.074104588832,14179.086980257582
Atp1b1,7052.347876005828,14179.625623698994
Atp1b1,7062.274411077672,14181.958033502437
Atp1b1,7068.74177969784,13736.433124049105
Atp1b1,7061.857395917602,13731.561653675872
Atp1b1,7062.623641022632,13733.459074452592
Atp1b1,7051.021386895333,14042.596681768378
Atp1b1,7072.884921192087,14037.88488219824
Atp1b1,7055.372273403834,14047.01628958118
Atp1b1,7048.7712251046905,14285.232000566506
Atp1b1,7040.5400652698645,14287.742526336615
Atp1b1,7055.839947985075,14295.51399642537
Atp1b1,7030.119572694507,14285.254539267977
Atp1b1,7032.79005869219,14284.054066501734
Atp1b1,7045.357032506467,14285.88720981127
Atp1b1,7062.295510533574,15120.860891584016
Atp1b1,7063.254309739243,15497.235487571355
Atp1b1,7058.809592875034,15501.563412038562
Atp1b1,7066.464900879022,15500.855964774477
Atp1b1,7064.826255055379,15492.465894495812
Atp1b1,7062.366458028363,15487.22371185029
Atp1b1,7072.249242547807,15490.990599286097
Atp1b1,7060.765797747959,14915.831841989893
Atp1b1,7059.945949623983,14913.968500602989
Atp1b1,7062.947491146203,14239.603561041748
Atp1b1,7069.239623008917,14244.540950277573
Atp1b1,7062.151249005171,14242.056701114252
Atp1b1,7059.337150241311,14248.774339106105
Atp1b1,7061.219268063262,14245.371659922075
Atp1b1,7062.193708173091,14241.382406556042
Atp1b1,7077.525873806437,14240.3372274776
Atp1b1,7067.145078261263,14242.057141250512
Atp1b1,7049.3980180661565,14243.631209039968
Atp1b1,7067.5337415773065,14246.495449047705
Atp1b1,7071.825549634893,14249.443148614902
Atp1b1,7045.338391563663,14482.711098297501
Atp1b1,7059.600867717655,14464.672706351219
Atp1b1,7067.440356042553,14482.417825799566
Atp1b1,7064.084473720805,14553.8126292476
Atp1b1,7075.598793874189,14563.429001075932
Atp1b1,7073.612957536956,14565.317291607344
Atp1b1,7077.499426535737,14329.245079072762
Atp1b1,7080.0473132613515,14333.275309847108
Atp1b1,7091.703242392528,14317.58468361208
Atp1b1,7076.9531274421215,14722.93304394893
Atp1b1,7071.295319595281,14712.620283725993
Atp1b1,7060.759939172501,13791.511746684322
Atp1b1,7063.126823055618,13805.898306867412
Atp1b1,7056.76220062691,13810.911499273128
Atp1b1,7087.740151133152,13996.553084466384
Atp1b1,7074.065448980981,14492.258106268937
Atp1b1,7085.909084137829,14487.998254117136
Atp1b1,7068.4167276048975,14491.469556334274
Atp1b1,7064.089344951951,13938.881069410929
Atp1b1,7067.6682691968435,13928.903554643886
Atp1b1,7077.060959990789,14846.939487373913
Atp1b1,7086.444603022071,14872.233348708878
Atp1b1,7095.8706489955,14841.643914903016
Atp1b1,7092.141405513092,14141.846861416117
Atp1b1,7087.078282341072,14135.919281674502
Atp1b1,7093.288706967021,14130.937007304823
Atp1b1,7084.178740218852,15000.288163275267
Atp1b1,7074.105205458794,14997.569720814243
Atp1b1,7071.412122777176,14998.797743791047
Atp1b1,7082.836355308152,14995.06730676571
Atp1b1,7083.275106947561,14992.303418558493
Atp1b1,7075.431667449883,14918.03337886584
Atp1b1,7095.978942865646,14824.803273498534
Atp1b1,7099.275473155922,14640.838622271984
Atp1b1,7087.918619840192,13724.189813762901
Atp1b1,7085.285929017403,15131.99100393175
Atp1b1,7078.012988697008,14176.54345621378
Atp1b1,7101.6170233035455,14171.90267150673
Atp1b1,7107.124376178897,14172.651809461597
Atp1b1,7103.914543856229,14164.598043816557
Atp1b1,7112.713373900981,14187.988924001053
Atp1b1,7112.805302739618,14179.057758761175
Atp1b1,7094.3448118861525,14168.142247314861
Atp1b1,7105.083632746843,14167.76735661324
Atp1b1,7096.553065296114,14181.175642574544
Atp1b1,7093.305284322617,13860.119904875564
Atp1b1,7105.9742082033745,13863.567438544582
Atp1b1,7084.383068817946,13858.55033114178
Atp1b1,7090.639646437257,13860.552334331012
Atp1b1,7101.14372028396,13868.778675073056
Atp1b1,7104.991085731878,13872.389411944565
Atp1b1,7077.974099206735,13899.570964273948
Atp1b1,7094.641241217471,13865.713214195239
Atp1b1,7101.871732554368,13893.490470685376
Atp1b1,7100.019940659714,13807.015899708538
Atp1b1,7114.170454595218,14503.245033844494
Atp1b1,7113.328538325103,14497.584590385119
Atp1b1,7094.913494508565,14515.194884859955
Atp1b1,7130.982532105077,14497.296424579703
Atp1b1,7111.940876922125,14781.46647410307
Atp1b1,7099.115547971261,14768.295249787354
Atp1b1,7103.563598408213,14774.638310999966
Atp1b1,7093.114363357976,14785.67160501272
Atp1b1,7095.253531322604,13898.77712673569
Atp1b1,7112.333170629806,13792.985833810571
Atp1b1,7105.130026511196,13773.437786255286
Atp1b1,7110.485408473377,13772.953642302302
Atp1b1,7117.256692059275,15134.794944954017
Atp1b1,7109.630680040402,15106.902477470749
Atp1b1,7109.845773150051,15132.180560610806
Atp1b1,7120.319811587902,15030.30064730987
Atp1b1,7133.040115739633,13868.620030851764
Atp1b1,7159.166485893276,13851.64397336139
Atp1b1,7140.314170906786,13872.51021789988
Atp1b1,7131.09729637455,15251.167187334553
Atp1b1,7126.907571651532,15249.357167778639
Atp1b1,7130.78046545861,15253.21298673768
Atp1b1,7121.589744318366,15244.74206118795
Atp1b1,7125.1190241447,15260.029491307914
Atp1b1,7144.9785586311145,15732.97409434681
Atp1b1,7110.657403000232,15728.544092524453
Atp1b1,7127.862642877402,15724.425192946734
Atp1b1,7131.930100997492,15718.478703324501
Atp1b1,7130.691604996072,15724.632959805549
Atp1b1,7126.126313559832,15737.655623375922
Atp1b1,7130.975437771863,15733.3571592221
Atp1b1,7112.487688018156,15736.6021541925
Atp1b1,7133.853896628451,15732.86946620089
Atp1b1,7123.013868561562,15730.188054687884
Atp1b1,7128.267931535112,15745.066595455752
Atp1b1,7127.381140341805,15727.757381502082
Atp1b1,7124.948574283001,15735.354658828175
Atp1b1,7138.034818935719,15745.877063427879
Atp1b1,7126.927771561967,14841.061751869624
Atp1b1,7141.992203321211,14833.166716554148
Atp1b1,7132.419391073992,14822.901923892223
Atp1b1,7119.616909091743,14664.337246165998
Atp1b1,7141.600862581676,14681.416064225345
Atp1b1,7141.084314859078,13974.934455279967
Atp1b1,7131.142656230905,13995.20794253299
Atp1b1,7133.996183456285,13984.521295724104
Atp1b1,7126.884659023948,14310.257533393516
Atp1b1,7130.31306396423,14306.151586257894
Atp1b1,7128.461528223634,14315.885684450697
Atp1b1,7148.201096212015,14311.585967432624
Atp1b1,7132.728679610752,14323.070663098732
Atp1b1,7142.415954819784,14320.995291876272
Atp1b1,7154.424632455799,14908.158192285056
Atp1b1,7144.259137383093,14905.467615450721
Atp1b1,7171.225064838854,14902.819021511092
Atp1b1,7164.666998455269,14719.152214259995
Atp1b1,7153.89068095789,14720.63599634535
Atp1b1,7170.284809595926,14734.50935294204
Atp1b1,7143.910715293008,15125.85858904853
Atp1b1,7151.773440138924,15021.225958638714
Atp1b1,7142.850278099387,15038.205799712721
Atp1b1,7134.711352460822,15042.356576118307
Atp1b1,7137.721327086056,15017.805319011704
Atp1b1,7169.281419757602,15258.368632278673
Atp1b1,7166.042808342421,15265.684761471284
Atp1b1,7161.135053896024,15253.531332222614
Atp1b1,7175.277303919747,15257.218769899813
Atp1b1,7164.016254461462,15254.595297212552
Atp1b1,7156.445841913496,15252.746341723898
Atp1b1,7168.209495481155,15249.26552942476
Atp1b1,7158.229088277705,13812.052777869985
Atp1b1,7161.433497279127,14825.285039502203
Atp1b1,7169.040639232471,14809.648698661005
Atp1b1,7152.161255569745,14823.614311301444
Atp1b1,7154.163043706697,14811.939110252171
Atp1b1,7141.951318034291,15064.420166327642
Atp1b1,7169.22994175035,15073.942370670084
Atp1b1,7159.8390059213925,15081.251468356475
Atp1b1,7167.933487581857,15086.59084564911
Atp1b1,7164.036555049825,15086.524321800129
Atp1b1,7151.268823619206,13773.578236766607
Atp1b1,7162.123510130238,13758.514601880885
Atp1b1,7163.470488058083,14860.758415164259
Atp1b1,7167.339129267905,14875.884198078698
Atp1b1,7161.720020377112,14862.515834629796
Atp1b1,7164.0501975554,14385.643729845813
Atp1b1,7156.668674582247,14408.40716639577
Atp1b1,7168.578691329236,13964.197758229438
Atp1b1,7181.205694178966,14940.146306553037
Atp1b1,7156.505817947656,14966.197172793129
Atp1b1,7170.6527102245645,15374.32550320265
Atp1b1,7188.302075256245,15399.414466351947
Atp1b1,7178.804140071524,15401.722945005224
Atp1b1,7180.653689844591,15378.566687517332
Atp1b1,7171.878109844173,15388.500406029205
Atp1b1,7177.519141109121,15379.617791056971
Atp1b1,7171.036644048503,14764.278453608147
Atp1b1,7180.104655438817,14759.813098468363
Atp1b1,7172.5975878288355,14764.850741321019
Atp1b1,7195.5911045959765,16115.242952182745
Atp1b1,7181.2854742180425,16116.67041614133
Atp1b1,7178.414473380476,16131.189118571769
Atp1b1,7176.578523521872,16126.585414858348
Atp1b1,7185.655617996929,14957.45586317314
Atp1b1,7198.9407293552695,15045.42209854357
Atp1b1,7212.532694014505,15048.42656729665
Atp1b1,7208.157450384402,15041.648283803082
Atp1b1,7175.535953352296,14814.814433371486
Atp1b1,7198.185912111494,14812.103009460818
Atp1b1,7183.424304203847,16072.764883738357
Atp1b1,7174.321631647204,16089.291781795006
Atp1b1,7180.595454857955,16084.632638066383
Atp1b1,7179.688150494294,16066.866804195577
Atp1b1,7173.996787201864,14772.609198151511
Atp1b1,7196.116466815846,13801.851255460755
Atp1b1,7207.111912320907,13825.282691795512
Atp1b1,7211.233729465725,13817.22041318093
Atp1b1,7211.901206691479,15111.815808343013
Atp1b1,7202.375400749321,15099.406657949263
Atp1b1,7202.520401147599,15095.138685693171
Atp1b1,7215.347593185487,15108.87568916644
Atp1b1,7198.466516798019,15111.35219808891
Atp1b1,7200.781419363432,15096.062694410804
Atp1b1,7222.078327043295,15237.223872845763
Atp1b1,7204.741599287514,15465.665759104293
Atp1b1,7190.667859411739,15470.724352497367
Atp1b1,7198.071854160423,14502.953880677678
Atp1b1,7204.56049764672,14505.517333196922
Atp1b1,7192.874144345405,15026.089527071896
Atp1b1,7228.96396259238,15143.794590847556
Atp1b1,7221.264336269835,15150.57822428034
Atp1b1,7205.866801090129,15150.14545755389
Atp1b1,7206.736863073371,15210.413286822471
Atp1b1,7195.485831518532,15222.007302796039
Atp1b1,7219.570545657012,15204.518867865483
Atp1b1,7207.57322104036,15202.193558979652
Atp1b1,7209.072114172624,14830.257441661843
Atp1b1,7224.700283916187,14837.821420489498
Atp1b1,7202.190556130195,14838.597394548002
Atp1b1,7219.078919900376,14843.97804691152
Atp1b1,7200.849141297771,14915.469003498787
Atp1b1,7230.260014144336,14910.489145939984
Atp1b1,7212.565116656551,14904.671425306
Atp1b1,7217.57524131925,15345.692226794192
Atp1b1,7222.325601285268,15320.296427961495
Atp1b1,7214.730613455282,15324.896217872416
Atp1b1,7217.481670671607,15023.722357736668
Atp1b1,7237.989505099793,15024.193266089316
Atp1b1,7226.534487045967,15083.23413894452
Atp1b1,7217.200001562163,15089.88627309946
Atp1b1,7211.412511908744,15075.305322803979
Atp1b1,7217.036967845274,15078.91412981987
Atp1b1,7221.812744897037,15095.099203007
Atp1b1,7233.688353319275,14966.908337483665
Atp1b1,7230.1914142340365,14978.200540358612
Atp1b1,7228.213886340667,14993.266629324613
Atp1b1,7230.400100629218,14980.920451602131
Atp1b1,7225.236304154915,14993.213124473106
Atp1b1,7246.5155108243025,15523.743488434948
Atp1b1,7251.299247875911,15511.717844070336
Atp1b1,7253.530840224868,15539.21507677715
Atp1b1,7257.687822021247,15519.572002966599
Atp1b1,7264.676032567933,15101.280646830264
Atp1b1,7254.681241878229,15089.650545285538
Atp1b1,7256.681411199411,15110.053288348112
Atp1b1,7234.579624384025,15231.778601372213
Atp1b1,7229.954591615681,15242.531558270943
Atp1b1,7264.27286075461,15035.940219186325
Atp1b1,7245.6636411948375,15030.918632809851
Atp1b1,7248.583198666274,15039.476024843278
Atp1b1,7231.802714851776,15469.52233981569
Atp1b1,7257.435523078039,15449.64853214179
Atp1b1,7267.503663890242,15204.001700149867
Atp1b1,7248.618007963382,15196.164132500176
Atp1b1,7279.479836216261,14966.514113094021
Atp1b1,7284.610330658763,14968.483337397225
Atp1b1,7276.672877268821,14975.486544984635
Atp1b1,7267.1509769209,14974.075298263828
Atp1b1,7271.244120132449,14978.552068852527
Atp1b1,7270.432986849604,14981.006690024267
Atp1b1,7302.226929863254,15227.023681453338
Atp1b1,7288.988509301063,13908.523189784435
Atp1b1,7279.948872035056,13921.531562639573
Atp1b1,7276.481966296858,13898.556366465287
Atp1b1,7296.642370792794,15074.472818568016
Atp1b1,7278.3666709721265,15065.809019210446
Atp1b1,7282.252396528572,15063.48588918701
Atp1b1,7286.735353368193,15064.009030616655
Atp1b1,7289.687244878696,15275.038769562192
Atp1b1,7300.571479719422,15329.345356840051
Atp1b1,7292.096855865987,15317.34094481977
Atp1b1,7299.80567330638,15381.782831499337
Atp1b1,7272.879990887116,15387.931847525884
Atp1b1,7285.21692740098,15391.532199626074
Atp1b1,7293.03236632776,15531.872832590321
Atp1b1,7310.405041590798,15360.28472576201
Atp1b1,7318.577033483078,15362.01180632519
Atp1b1,7319.5222131126875,15419.240407807709
Atp1b1,7313.594085388197,15421.168404469958
Atp1b1,7319.8975907464,15437.850715836517
Atp1b1,7314.592033032582,15573.764784135272
Atp1b1,7312.168159531315,15571.638564815457
Atp1b1,7337.298745203462,15587.900177799924
Atp1b1,7314.377226385478,15565.94173155694
Atp1b1,7325.490899231595,15047.37632261828
Atp1b1,7332.030004733166,15334.688142556304
Atp1b1,7323.629702839588,15319.896691122183
Atp1b1,7326.008225190521,15330.392144203044
Atp1b1,7338.702988374174,15514.055772042722
Atp1b1,7339.691350835332,15411.114360871972
Atp1b1,7335.466786208247,14271.942604731203
Atp1b1,7323.268940938174,14276.231957500015
Atp1b1,7340.709721556266,14293.135004752867
Atp1b1,7333.097229851209,14291.743112103622
Atp1b1,7344.104838849037,14278.993927288371
Atp1b1,7359.903125724121,14272.549404597288
Atp1b1,7331.457209706944,14288.95426383769
Atp1b1,7326.817648882951,14283.42128781307
Atp1b1,7326.458060391144,15227.986180737256
Atp1b1,7335.6475451703045,15229.310252523042
Atp1b1,7343.970924486975,15544.45944599371
Atp1b1,7357.757065986959,15564.454324507376
Atp1b1,7347.15599786306,15555.810203272313
Atp1b1,7349.445936186336,15564.309855196958
Atp1b1,7342.859151401914,15552.050355409514
Atp1b1,7352.590698718483,15564.147092871064
Atp1b1,7350.23358839083,15385.81245996555
Atp1b1,7346.367432718581,15361.249347853938
Atp1b1,7363.013363234973,15624.766353182522
Atp1b1,7361.2647146012505,15460.697324124856
Atp1b1,7354.819373724995,15453.3515315738
Atp1b1,7362.2963963530665,15453.051572015871
Atp1b1,7350.205229095613,15442.77435733731
Atp1b1,7366.719674483045,15324.64272592621
Atp1b1,7363.443595656466,15777.67432149364
Atp1b1,7374.120468932557,14259.51917138037
Atp1b1,7365.875890338692,14256.97582384891
Atp1b1,7358.437227295045,14261.562236300819
Atp1b1,7376.484383346593,14254.497110766011
Atp1b1,7358.82748438568,14830.411723298366
Atp1b1,7363.1154366948385,14815.136804546953
Atp1b1,7357.544480307026,14820.188289346122
Atp1b1,7384.719010114001,15407.10242351288
Atp1b1,7386.350445801639,15428.034417193254
Atp1b1,7402.906051019855,15431.017330825041
Atp1b1,7371.519743819827,15344.753333392535
Atp1b1,7398.213346608654,15600.326512018539
Atp1b1,7376.093510054965,15651.942832609797
Atp1b1,7375.609461816942,15641.26100453331
Atp1b1,7398.010090919068,15657.047697041153
Atp1b1,7384.089992322973,15648.057157720194
Atp1b1,7384.5385059060845,15797.022676878385
Atp1b1,7408.7173286262405,15489.254645733292
Atp1b1,7397.38755319619,15479.047147390836
Atp1b1,7397.260939973551,15484.72713618911
Atp1b1,7392.453796819575,15726.186383416889
Atp1b1,7411.579277596122,15726.687617754269
Atp1b1,7386.696294302858,15737.443956391353
Atp1b1,7394.859415965621,15529.546224119433
Atp1b1,7417.580235334627,15531.285879719
Atp1b1,7391.595740102301,15545.180396503476
Atp1b1,7388.593021704228,15611.238887375373
Atp1b1,7416.339077191024,15470.775005158604
Atp1b1,7392.810706643793,15470.693397505882
Atp1b1,7407.378640721799,15457.397874575046
Atp1b1,7401.597076357664,15769.120333068067
Atp1b1,7416.692399414278,15753.919607568774
Atp1b1,7419.824303044448,15294.382728411843
Atp1b1,7421.788681303576,15277.403366623104
Atp1b1,7415.849847988417,15693.482434388688
Atp1b1,7412.00956979086,15355.28826129647
Atp1b1,7428.8693368958975,15362.24860939607
Atp1b1,7440.1283907738125,15506.000651771672
Atp1b1,7436.758213655675,15511.382580251771
Atp1b1,7421.78028628372,15847.981944691132
Atp1b1,7427.761862691314,15842.311645160247
Atp1b1,7417.429178058275,15818.223330214978
Atp1b1,7419.496527034947,15597.312863303927
Atp1b1,7441.8910558221105,15589.853254403859
Atp1b1,7424.444204239626,15587.649408686584
Atp1b1,7404.687866399306,15579.637486469957
Atp1b1,7408.002098407727,15589.323113043993
Atp1b1,7441.128353124176,15613.867281749259
Atp1b1,7445.943957078103,15628.590641295437
Atp1b1,7435.730022298242,15628.044662790518
Atp1b1,7430.377290378418,15328.962208669493
Atp1b1,7439.065973902703,15829.734036111307
Atp1b1,7447.393231995016,15797.384252922611
Atp1b1,7424.596340405078,15419.703977927898
Atp1b1,7434.413195133867,15403.32625457766
Atp1b1,7454.6741169602665,15480.481568125078
Atp1b1,7440.326109384573,15481.855659165238
Atp1b1,7465.125898827713,15713.40170158798
Atp1b1,7462.849441653581,15780.843061423588
Atp1b1,7462.403775585128,15760.215643863101
Atp1b1,7463.411503454418,15652.325053255385
Atp1b1,7456.276456718212,15645.031345162204
Atp1b1,7459.963312271679,15630.026384076431
Atp1b1,7502.869114442581,15951.942401962287
Atp1b1,7484.474987073201,15930.634742355975
Atp1b1,7495.729743072626,15946.211989915697
Atp1b1,7497.873548423775,15796.228490347667
Atp1b1,7488.037542098447,15814.244648558388
Atp1b1,7484.924883892767,15806.92825871724
Atp1b1,7494.805582647996,15710.620724361952
Atp1b1,7502.276460800587,15735.36823875566
Atp1b1,7502.148649740742,15747.50572323618
Atp1b1,7478.342509701014,15662.332976331747
Atp1b1,7505.821509978293,15974.267135643437
Atp1b1,7522.116234888374,15782.474514164427
Atp1b1,7521.575728314507,15791.427913167388
Atp1b1,7537.085337856951,15791.029285533583
Atp1b1,7520.562005550686,15835.478299987537
Atp1b1,7507.788246188849,15850.310970957911
Atp1b1,7515.016911620585,15760.709474467963
Atp1b1,7531.168503417265,15757.740928838097
Atp1b1,7526.562712855849,15744.013550783697
Atp1b1,7481.840860407694,15860.612827699651
Atp1b1,7505.168092338697,15220.85093586301
Atp1b1,7523.5280712316035,15246.439972929948
Atp1b1,7518.948670722151,15249.99716511716
Atp1b1,7532.744668701643,15436.074551978227
Atp1b1,7523.266638837286,15438.595095239665
Atp1b1,7540.295160686963,15422.729422606986
Atp1b1,7556.289063348351,16896.401650867883
Atp1b1,7525.491607304444,16011.682557127224
Atp1b1,7532.3247455957635,15869.00518745996
Atp1b1,7534.088056612136,15867.93658740956
Atp1b1,7541.548070928252,15853.78989388371
Atp1b1,7550.7028196932,15968.1762724303
Atp1b1,7527.184965884556,15952.314394892675
Atp1b1,7568.104039051591,15982.691735353921
Atp1b1,7557.271249745973,15973.749003077097
Atp1b1,7559.483041105745,15964.47085886767
Atp1b1,7555.151526463058,16061.932425864392
Atp1b1,7547.766564088017,16050.888405039952
Atp1b1,7546.052895108105,16055.061592396924
Atp1b1,7550.605895551742,16050.756168529093
Atp1b1,7545.381575693911,16071.687087832472
Atp1b1,7560.167282182939,16072.92570930993
Atp1b1,7557.933497518267,15884.908409724478
Atp1b1,7564.815186559305,15883.080466934302
Atp1b1,7561.644191104153,15894.974438181052
Atp1b1,7565.266035728021,15789.586951556681
Atp1b1,7580.523184167144,16051.225804369284
Atp1b1,7574.075856069226,16053.9452586822
Atp1b1,7577.444300527523,16059.976029158488
Atp1b1,7573.069645515256,15946.375985303905
Atp1b1,7596.011569701635,14506.786850824003
Atp1b1,7592.6908325201275,14518.650506115746
Atp1b1,7592.943239723574,14506.836967514888
Atp1b1,7594.873097361186,14491.34313976648
Atp1b1,7584.2376161389975,16074.319878233338
Atp1b1,7595.071931022861,16611.20172473363
Atp1b1,7577.96271950832,16639.458430997143
Atp1b1,7595.488575196491,16631.897574993436
Atp1b1,7571.1058409736925,16618.879127985638
Atp1b1,7597.778376360453,16622.279471280337
Atp1b1,7599.817925479391,16620.056897990424
Atp1b1,7585.245536039833,15856.165868357746
Atp1b1,7611.576888709085,15912.655233359454
Atp1b1,7613.738382046666,16026.137360255025
Atp1b1,7617.084055664394,16044.38056331086
Atp1b1,7635.256748964738,16035.795238572195
Atp1b1,7628.743478834185,15919.788706647887
Atp1b1,7608.731690640971,16133.415444352288
Atp1b1,7613.495441383911,16118.216552277883
Atp1b1,7600.009969816664,16122.961333810346
Atp1b1,7605.548981575074,16125.009534162627
Atp1b1,7627.615522564332,16380.147654432898
Atp1b1,7633.878942489627,16372.623462917176
Atp1b1,7628.167013488885,16367.453373620207
Atp1b1,7635.313451264918,16376.183559557505
Atp1b1,7621.771135309912,16361.703173640348
Atp1b1,7619.455269684587,16065.466200347755
Atp1b1,7621.131616558114,16097.116919966596
Atp1b1,7639.305810929923,15927.186751605557
Atp1b1,7645.821861110442,16087.725242130182
Atp1b1,7651.890322362455,16094.468111565777
Atp1b1,7634.209047518739,16094.21422595748
Atp1b1,7646.0184148313765,16088.315290479439
Atp1b1,7645.60467126853,16088.419250028017
Atp1b1,7653.266478309883,16089.518277309042
Atp1b1,7638.773349245208,16093.404876536719
Atp1b1,7649.897803894554,16048.74769640108
Atp1b1,7624.893266540072,16224.11036990061
Atp1b1,7684.312572214169,16025.408808770977
Atp1b1,7665.208209143322,16032.756874694878
Atp1b1,7667.730386925109,16028.250395434647
Atp1b1,7677.730208728051,16064.98144311485
Atp1b1,7690.508278277789,16066.072757580903
Atp1b1,7673.815979741261,16113.317122551478
Atp1b1,7684.4989770533975,15996.368554357443
Atp1b1,7688.802699784274,15965.535936542543
Atp1b1,7695.586927755868,15989.00195563721
Atp1b1,7707.996348927224,16088.11654675976
Atp1b1,7697.430168627108,16089.47786530547
Atp1b1,7692.186617327889,16079.260341587455
Atp1b1,7690.667760107761,16086.632450357642
Atp1b1,7696.059020179106,16232.424440268383
Atp1b1,7684.424694071599,16234.86382610765
Atp1b1,7686.777930046366,16234.148625089254
Atp1b1,7687.510308031507,16186.289392633218
Atp1b1,7721.677886948738,16062.344922762326
Atp1b1,7713.272268482515,16066.33448126314
Atp1b1,7713.575257652045,16060.188047686524
Atp1b1,7719.566012705335,16271.41076061774
Atp1b1,7721.601133645364,16265.344786733134
Atp1b1,7709.514482081105,16269.973155011583
Atp1b1,7710.2663882055085,16001.578431160557
Atp1b1,7709.223395100916,16018.180217289033
Atp1b1,7707.7676549277485,16130.038597447772
Atp1b1,7740.044146941232,16213.917356893759
Atp1b1,7731.820962956526,16099.081721030267
Atp1b1,7730.228396566438,16052.917003427287
Atp1b1,7734.513094102753,16058.565083170242
Atp1b1,7764.528277484328,16164.865917272213
Atp1b1,7757.095305804278,16167.328700270455
Atp1b1,7764.482493821605,16179.395609677455
Atp1b1,7751.860427301963,16102.309758384768
Atp1b1,7779.102923820091,16111.344212924441
Atp1b1,7767.927368702927,16339.082144102176
Atp1b1,7788.164909060143,16089.348124732527
Atp1b1,7785.690080409081,16426.88922863396
Atp1b1,7779.861586134357,16399.126932183262
Atp1b1,7788.997554301766,16418.065952463967
Atp1b1,7771.6801047995905,16404.608738162027
Atp1b1,7775.786177229485,16406.98990812265
Atp1b1,7770.724616240442,16214.073442147805
Atp1b1,7781.347796779103,16212.692371338715
Atp1b1,7774.938552697259,16215.484771176354
Atp1b1,7809.063655581787,16174.658181254137
Atp1b1,7813.910362193062,16169.981209666987
Atp1b1,7822.688509521896,16174.254004775534
Atp1b1,7810.221065893895,16394.008192653644
Atp1b1,7833.200635023312,16372.13975180004
Atp1b1,7806.050476038599,16392.402325815074
Atp1b1,7812.787037343677,16346.955932806675
Atp1b1,7814.091225986872,16349.94595080306
Atp1b1,7805.05095404013,16327.482018367493
Atp1b1,7808.269626958454,16248.965355827688
Atp1b1,7800.760113884024,16247.14464316072
Atp1b1,7819.090709715237,16265.60674440768
Atp1b1,7829.4868703129105,16281.81962688053
Atp1b1,7824.448617860018,16212.036157523526
Atp1b1,7846.66420411556,16312.245651938461
Atp1b1,7829.580946687971,16321.367137080142
Atp1b1,7836.413336217949,16439.73481362209
Atp1b1,7856.426283416731,16231.353761489749
Atp1b1,7826.247855786768,15692.636256617312
Atp1b1,7850.182432715807,16271.161181389787
Atp1b1,7856.608342128488,16262.6479354597
Atp1b1,7866.981620246843,16354.831737935852
Atp1b1,7852.274308465578,16367.79811846026
Atp1b1,7866.974109994977,16366.788190986841
Atp1b1,7866.26863548318,16248.935619758964
Atp1b1,7904.134754230181,16385.770681269958
Atp1b1,7899.804531625146,16396.35982427487
Atp1b1,7903.628904807417,16294.410904436425
Atp1b1,7901.108531777521,16296.810499696465
Atp1b1,7911.6989429888,16300.708719433655
Atp1b1,7890.165898636594,16311.28934865156
Atp1b1,7905.078661881274,16298.2227446756
Atp1b1,7876.069550555907,16276.125379095343
Atp1b1,7898.492315346632,16300.13349347433
Atp1b1,7909.882126363131,16414.131731287787
Atp1b1,7913.16170436796,16423.685455362454
Atp1b1,7919.469690505046,16421.001875172034
Atp1b1,7920.650419059817,16503.434317362764
Atp1b1,7935.487434614104,16521.029085340728
Atp1b1,7910.057409816691,16508.10448094693
Atp1b1,7909.663641729205,16466.855117378756
Atp1b1,7905.7723933442885,16468.306575630417
Atp1b1,7924.824679706451,16476.16850495842
Atp1b1,7957.8735557070895,16577.28151597226
Atp1b1,7954.5435329172105,16588.464238404733
Atp1b1,7951.609451524443,16605.958628996774
Atp1b1,7946.796133333611,16509.478136623173
Atp1b1,7959.727697379785,16345.121757225945
Atp1b1,7957.259556075528,16356.420998762806
Atp1b1,7960.6211188115485,16348.216974388062
Atp1b1,7974.984566048848,16438.83130547065
Atp1b1,7981.201443880907,16416.33726446769
Atp1b1,7969.931012639141,16918.542983409883
Atp1b1,7974.659374538271,16916.19348596339
Atp1b1,7966.602503681485,16909.774535635534
Atp1b1,7969.843324059322,16901.585176823486
Atp1b1,8000.323061148958,16465.982704461137
Atp1b1,7990.630685880674,16468.79682781814
Atp1b1,7985.7605997544315,16484.08929436406
Atp1b1,8002.220211404298,16465.618495052626
Atp1b1,7986.419318495514,16464.775491900004
Atp1b1,7980.224366208057,16457.117898876524
Atp1b1,7999.200251943374,16467.219896133025
Atp1b1,8001.880122666038,16477.563571399754
Atp1b1,8002.4486699839445,16468.10162516853
Atp1b1,7987.572377462389,16473.40840611888
Atp1b1,7981.756277497382,16467.032942827143
Atp1b1,8002.296781415173,16384.33871225865
Atp1b1,8011.480992104218,16379.418713785717
Atp1b1,8010.102962300334,14873.356772753961
Atp1b1,8005.326442911208,14868.213528730897
Atp1b1,8016.541187824957,16434.215990993867
Atp1b1,8030.791053858379,16439.469648426766
Atp1b1,8025.164517571229,16453.563376763614
Atp1b1,8022.853231162626,16448.56573069264
Atp1b1,8002.259197671261,16482.837391374338
Atp1b1,8048.607711733554,16388.821194940403
Atp1b1,8040.392101273163,16545.59959910057
Atp1b1,8045.171444951098,16532.953654317007
Atp1b1,8046.2022403400415,16538.251268514414
Atp1b1,8040.913864977759,16607.71354369939
Atp1b1,8046.581964571368,16605.33010343045
Atp1b1,8056.7681689919345,16505.31302575018
Atp1b1,8047.02260668093,16502.786120018147
Atp1b1,8034.161718078834,16463.918334103415
Atp1b1,8039.873496068917,16457.24862758183
Atp1b1,8063.352665211063,16551.808768682495
Atp1b1,8077.27354658893,16511.32016173876
Atp1b1,8099.764983709743,16568.691559256957
Atp1b1,8097.541879689852,16470.262112021304
Atp1b1,8112.913221096511,16704.915216363537
Atp1b1,8094.672977926706,16726.470518690003
Atp1b1,8108.8493825060405,16535.828285951124
Atp1b1,8116.114393875227,16594.324342257165
Atp1b1,8131.269328716752,16582.298911194724
Atp1b1,8112.593048338661,16571.589561724148
Atp1b1,8108.849070089104,16582.05234777788
Atp1b1,8101.750549393839,16579.221565173022
Atp1b1,8107.2903154268815,16573.542913169127
Atp1b1,8137.942623148255,16531.808599899254
Atp1b1,8133.373919441923,16634.989477309526
Atp1b1,8125.232758446805,16648.30463227538
Atp1b1,8137.378205863127,16656.88084383535
Atp1b1,8152.037573292228,16591.394994031813
Atp1b1,8158.56555918188,16578.910594886023
Atp1b1,8144.349567487068,16588.846762561756
Atp1b1,8141.20486577186,16595.752950334034
Atp1b1,8160.466763030414,16672.328399947663
Atp1b1,8136.102509475884,16681.27205383394
Atp1b1,8161.677414466783,16681.798235073173
Atp1b1,8146.529512085132,16667.600922798814
Atp1b1,8151.7978925098905,16615.69797866978
Atp1b1,8153.678775205149,16706.692317392015
Atp1b1,8146.506574489929,16706.624908864338
Atp1b1,8189.064016251121,15846.177880329953
Atp1b1,8200.392587356093,15860.825998159786
Atp1b1,8181.460967745253,16610.59046137622
Atp1b1,8178.516811935423,16820.35399658222
Atp1b1,8166.788547209725,16819.419562316692
Atp1b1,8197.549248005713,16568.50651011318
Atp1b1,8215.88355120769,16572.739379895855
Atp1b1,8205.804615708117,16702.805499874805
Atp1b1,8233.002059330716,16629.271383395837
Atp1b1,8212.619480264437,16626.400257880425
Atp1b1,8239.871852246237,16649.235218692218
Atp1b1,8212.252307248267,16598.275013411054
Atp1b1,8237.797541059714,16601.234953041134
Atp1b1,8223.016108120391,16587.946873472294
Atp1b1,8218.156360891808,15345.136916715026
Atp1b1,8233.820003268624,16785.856025237637
Atp1b1,8218.665657887783,16780.028980898693
Atp1b1,8231.074978075922,16797.8601416121
Atp1b1,8232.938204837264,16857.670629768967
Atp1b1,8254.196501272436,16864.448092855153
Atp1b1,8223.288844261328,16872.75797501939
Atp1b1,8250.776388275626,16875.282145252248
Atp1b1,8241.702953269347,16715.467678510075
Atp1b1,8236.975537861701,16831.231791820286
Atp1b1,8257.274449702187,16708.707465282292
Atp1b1,8247.016604550014,16686.24674963807
Atp1b1,8265.778114337403,16755.847026928004
Atp1b1,8288.074016518349,16879.611255309348
Atp1b1,8289.54203627432,16871.841255062995
Atp1b1,8281.573016699638,16842.268862825764
Atp1b1,8269.119561842967,16664.932315984894
Atp1b1,8292.88244937571,16810.327816391644
Atp1b1,8279.14280985718,16819.124593066434
Atp1b1,8277.833282664624,16815.208666942708
Atp1b1,8283.734255629928,16792.936653725654
Atp1b1,8290.49154366833,16693.152301694176
Atp1b1,8328.73614978708,16851.94793321934
Atp1b1,8323.454811960426,16826.396526971912
Atp1b1,8331.210146906778,16719.003011387744
Atp1b1,8331.291369164002,16718.14991171722
Atp1b1,8333.285202586905,16724.70386144524
Atp1b1,8342.36641878579,16848.209948091557
Atp1b1,8337.458020434382,16868.818310878632
Atp1b1,8344.382294320678,16844.06408344921
Atp1b1,8367.94007657016,16738.301607091846
Atp1b1,8364.087038482869,16742.89121115119
Atp1b1,8373.293763275407,16832.18726980553
Atp1b1,8374.574567832682,16799.07718683133
Atp1b1,8403.458715167064,16746.891723358316
Atp1b1,8393.078631799544,16750.52320169278
Atp1b1,8403.287317446924,16863.26635788403
Atp1b1,8412.562406440793,16997.352717644582
Atp1b1,8422.326696332217,16822.558543639272
Atp1b1,8443.297442317722,16809.30317925316
Atp1b1,8436.341467574704,16801.362605618844
Atp1b1,8432.598873018165,16962.057120189846
Atp1b1,8419.347694268978,16967.4378624834
Atp1b1,8437.56375467632,16960.872583419303
Atp1b1,8439.320373968309,16856.80906884771
Atp1b1,8466.502993974222,16724.437975655037
Atp1b1,8447.213263325983,16697.119402807537
Atp1b1,8453.092197183005,17023.096321496087
Atp1b1,8469.583395038986,17002.627198804857
Atp1b1,8479.355453381679,17014.378594144862
Atp1b1,8474.188810680704,16929.03895386873
Atp1b1,8483.19928410676,17069.627726319377
Atp1b1,8489.394373859062,16839.704761277982
Atp1b1,8483.653504350934,16843.185848071844
Atp1b1,8514.248071248245,16882.713463697353
Atp1b1,8507.487007412365,16899.018029470753
Atp1b1,8505.752859634684,16891.664734440397
Atp1b1,8516.253077980626,16883.002296161598
Atp1b1,8504.811781471715,16894.937741443875
Atp1b1,8484.92766807889,17028.343231819435
Atp1b1,8499.791963399983,16938.39538039141
Atp1b1,8497.666293921056,16937.764523184218
Atp1b1,8507.343797175483,16999.225747701956
Atp1b1,8497.753881384868,16980.323910302952
Atp1b1,8497.67248281619,17004.09748053015
Atp1b1,8516.461681729495,17081.597971976596
Atp1b1,8493.737245077644,17077.235655185737
Atp1b1,8515.914351804568,17095.201764609166
Atp1b1,8514.533357237582,17103.110199987597
Atp1b1,8523.637697829456,16994.994559246617
Atp1b1,8529.328469716971,16995.171515981274
Atp1b1,8525.184924047151,16972.44347617587
Atp1b1,8515.010145751161,17019.432190525047
Atp1b1,8550.619474983123,16937.488721286656
Atp1b1,8518.896100593523,16943.738110374652
Atp1b1,8543.277596562522,16881.48647844167
Atp1b1,8549.329092391208,16894.26659675997
Atp1b1,8556.297737025752,16885.352324493604
Atp1b1,8538.267174819059,17069.32123473037
Atp1b1,8533.023291372068,17074.9161985912
Atp1b1,8535.982740153062,17118.28179535571
Atp1b1,8536.959392413082,17106.765659978355
Atp1b1,8543.25009734304,17211.5620630884
Atp1b1,8549.738867658401,17227.701114935226
Atp1b1,8579.920759237073,16996.494851730844
Atp1b1,8565.751275955941,17077.995165993732
Atp1b1,8560.377053897417,16946.42215866882
Atp1b1,8575.790256105774,16937.919976850917
Atp1b1,8582.856199402826,16944.129654470882
Atp1b1,8576.417283128765,16945.818026613055
Atp1b1,8563.166248936248,17022.47123853605
Atp1b1,8567.346389044538,17051.506435911444
Atp1b1,8583.839957333474,16911.64963589434
Atp1b1,8570.971634499701,16901.319907739264
Atp1b1,8550.648811763336,16903.648686979053
Atp1b1,8571.180550719731,17179.78522607605
Atp1b1,8593.939056180292,17092.724885661875
Atp1b1,8595.94546360651,17074.366267979858
Atp1b1,8596.940633297361,17071.76301827245
Atp1b1,8595.478429500487,17074.335969994117
Atp1b1,8597.586341917267,17077.843925885234
Atp1b1,8591.573828092442,17096.41610275389
Atp1b1,8584.725531511536,17004.77789246459
Atp1b1,8603.757189499023,17134.60376806944
Atp1b1,8602.48524331954,17130.68561356187
Atp1b1,8617.403745531157,17157.42534349694
Atp1b1,8594.32504378855,17158.06598492792
Atp1b1,8592.691379184545,17138.322136480176
Atp1b1,8615.97286820251,16975.425620703223
Atp1b1,8608.901236892154,16947.726198579057
Atp1b1,8624.321334481408,16959.397015653023
Atp1b1,8621.010226641878,16988.425408149276
Atp1b1,8638.384020633906,16994.87129037124
Atp1b1,8635.501932761168,17171.636639297285
Atp1b1,8642.500716998235,17087.835418938375
Atp1b1,8643.058062361715,17072.28919423257
Atp1b1,8634.59784932876,17058.933482750483
Atp1b1,8636.644398096969,17069.03185819609
Atp1b1,8666.395516818973,17058.777445463376
Atp1b1,8653.56661664094,17048.644675806932
Atp1b1,8660.031514886849,17064.63401556508
Atp1b1,8649.748826707906,17063.100709039452
Atp1b1,8647.782043869822,17067.91579623897
Atp1b1,8642.599969564437,17064.093016664483
Atp1b1,8645.168882993423,17068.715061196453
Atp1b1,8635.434540882967,17053.114973070144
Atp1b1,8662.01293022147,17124.200711897036
Atp1b1,8662.536671963364,17138.596079914856
Atp1b1,8660.644636065517,17144.09555257733
Atp1b1,8693.738410614531,17034.42276108023
Atp1b1,8662.629953337231,17098.97824863566
Atp1b1,8679.868020191312,17085.370526720206
Atp1b1,8676.702158617643,17075.186436819564
Atp1b1,8677.794952122216,16904.12030813789
Atp1b1,8680.8110329637,16911.16423925059
Atp1b1,8678.577204140722,16916.40223065977
Atp1b1,8680.690034809588,17187.090407687298
Atp1b1,8685.705495585657,17178.29128923612
Atp1b1,8678.39940948207,17119.899114391974
Atp1b1,8691.201340826115,17110.06995676712
Atp1b1,8682.898173446421,17117.21325348745
Atp1b1,8679.242822553206,17132.091691107456
Atp1b1,8689.777119901799,17122.344163844544
Atp1b1,8694.397360840881,17014.216495890578
Atp1b1,8710.545048521224,17639.851618936853
Atp1b1,8701.332265167859,17635.498606473146
Atp1b1,8710.620376183948,17637.329366119488
Atp1b1,8711.856035714529,17147.90639328558
Atp1b1,8695.247959216214,17143.05479637565
Atp1b1,8694.606920736967,17139.753405986194
Atp1b1,8697.784912838059,17256.338612349584
Atp1b1,8684.392480838007,17254.468675933367
Atp1b1,8724.970709355755,17066.06697746943
Atp1b1,8720.380944164213,17075.302534502425
Atp1b1,8739.942207641036,17146.79907707871
Atp1b1,8725.891289287643,17240.252220483002
Atp1b1,8731.193339818185,17182.32819483606
Atp1b1,8755.499305417767,17090.277913691032
Atp1b1,8733.563879561803,17094.85681630868
Atp1b1,8742.313156329,17078.30936117257
Atp1b1,8770.539563459108,17115.30314320262
Atp1b1,8775.753252132641,17114.29069360361
Atp1b1,8757.356005529666,17090.48743868462
Atp1b1,8767.268481887673,17115.753813360992
Atp1b1,8743.16706553853,17185.984686894335
Atp1b1,8760.558623994935,17423.73666460802
Atp1b1,8793.286980289258,17174.506330991782
Atp1b1,8762.08637563206,17159.357119677603
Atp1b1,8770.543138073197,17168.21476192919
Atp1b1,8773.477083645577,17310.37044994961
Atp1b1,8772.109957569926,17301.152546973197
Atp1b1,8775.000121662319,17299.103749462218
Atp1b1,8784.152195136303,17311.851230104567
Atp1b1,8795.664336682856,17276.556112480204
Atp1b1,8798.62088419902,17258.50057856715
Atp1b1,8793.191058286358,17267.552706803574
Atp1b1,8781.606485098919,17277.000135388927
Atp1b1,8783.478471819197,17254.157990947257
Atp1b1,8797.089013629844,17265.95641786426
Atp1b1,8796.80611074253,17258.786453961977
Atp1b1,8804.24156103228,17144.84342872932
Atp1b1,8795.208101512699,17310.16196994398
Atp1b1,8797.215997427389,17316.143500374863
Atp1b1,8821.46539776302,17321.64575625653
Atp1b1,8823.588309668045,17323.579366208636
Atp1b1,8810.78375453462,17137.344358725502
Atp1b1,8835.77065866418,17271.648930440322
Atp1b1,8855.653807071169,17768.237880100995
Atp1b1,8851.252227320752,17759.938654661153
Atp1b1,8855.962601376472,17142.224387016162
Atp1b1,8847.474936141782,17145.990966572444
Atp1b1,8867.27804579268,17346.88283583993
Atp1b1,8864.666208311517,17334.94206926439
Atp1b1,8870.910987290827,17262.476161343497
Atp1b1,8893.631122318868,17204.014964619822
Atp1b1,8888.339186262512,17186.061265137017
Atp1b1,8891.246265560707,17208.439724130974
Atp1b1,8888.270660173777,17225.781690765638
Atp1b1,8900.246501751993,16440.587094463554
Atp1b1,8897.233220280132,16434.077058217175
Atp1b1,8885.408934090783,16415.345594792965
Atp1b1,8880.42005555755,16421.313982503994
Atp1b1,8887.02138115546,16428.681954646807
Atp1b1,8884.356548732298,16401.59178375008
Atp1b1,8911.623774392274,16013.426138735262
Atp1b1,8929.906471764705,17241.389773039606
Atp1b1,8929.446980593208,17255.988955045967
Atp1b1,8938.871807140404,17201.5929670778
Atp1b1,8941.271512111593,17215.309312196692
Atp1b1,8938.083558257604,17106.556123902836
Atp1b1,8947.6414495915,17311.335531924087
Atp1b1,8949.387318132925,17299.959411702872
Atp1b1,8959.262221856645,17367.988053337285
Atp1b1,9003.049416637903,17340.421140368944
Atp1b1,8977.45886442039,17338.55734790741
Atp1b1,8973.145471370244,17335.80630534071
Atp1b1,8971.85283059319,17363.30157845083
Atp1b1,8984.989388017853,17283.599224570506
Atp1b1,8986.201754554295,17297.107040087878
Atp1b1,8980.73444803307,17281.58754028049
Atp1b1,8999.287702133981,17247.260591764283
Atp1b1,9000.972257138863,17263.096176357194
Atp1b1,9010.853400105158,17252.44275125707
Atp1b1,8997.384867560475,16086.449310335049
Atp1b1,9003.47553761349,16089.715028639614
Atp1b1,8997.592109335754,16101.045899512374
Atp1b1,9002.837913151112,16092.839828919985
Atp1b1,8992.91198960643,16075.947414875684
Atp1b1,8994.01780028263,16094.302303347125
Atp1b1,8995.786487705474,16075.737450650104
Atp1b1,8991.370887603463,16087.916066287535
Atp1b1,9000.699694402781,16089.89149766557
Atp1b1,9001.91056356973,16084.113586890055
Atp1b1,8997.299839946496,16078.056603917557
Atp1b1,8987.264691504928,16090.266759401515
Atp1b1,9011.053945598007,16076.766079552239
Atp1b1,9005.169781910647,16080.333511320336
Atp1b1,8998.554120042578,16093.126526852044
Atp1b1,9014.734993337197,17449.621543003756
Atp1b1,9001.832803539002,17427.817233933267
Atp1b1,8981.946196415796,17430.50009634212
Atp1b1,8997.592758454224,17440.730841186014
Atp1b1,8979.07627172696,17446.151123943382
Atp1b1,9024.987643131051,17229.681030815966
Atp1b1,8994.135844050177,17214.69978475554
Atp1b1,9025.188703487185,17198.853260183594
Atp1b1,9014.622048059386,17186.923128478462
Atp1b1,9013.380081100084,17362.915690804242
Atp1b1,9023.556707565918,17402.871657360705
Atp1b1,9013.123090761952,17391.664674828127
Atp1b1,9017.694622382303,17395.10081626208
Atp1b1,9034.898974409505,17304.198726110728
Atp1b1,9044.433121385524,17314.338532187252
Atp1b1,9066.718309163276,17386.239366117254
Atp1b1,9059.680616325797,17354.579511369113
Atp1b1,9064.751332026022,17346.626131496585
Atp1b1,9063.183539824713,17350.49071840133
Atp1b1,9046.219111954631,17350.619399827945
Atp1b1,9055.982187949727,17429.875553164646
Atp1b1,9076.914099148838,17306.941870442814
Atp1b1,9086.59602619914,17304.959160545775
Atp1b1,9073.762800516195,17305.01843482561
Atp1b1,9096.38538882365,17295.994262299573
Atp1b1,9091.89964786337,17297.144724262074
Atp1b1,9082.633921446008,17293.14074563792
Atp1b1,9094.015633791767,17351.02272428709
Atp1b1,9076.230941022231,17365.93126696492
Atp1b1,9098.733542044802,17417.80644845625
Atp1b1,9101.545701074523,17405.2833655086
Atp1b1,9107.78362105745,17454.663446543724
Atp1b1,9115.887188318067,17373.445228793622
Atp1b1,9120.003029537793,17375.26205314118
Atp1b1,9108.84659500515,17376.12710147294
Atp1b1,9114.015053751593,17359.849507226132
Atp1b1,9129.872515226982,17294.24943296586
Atp1b1,9121.934910499705,17308.470449294393
Atp1b1,9141.900420651402,17322.25340289947
Atp1b1,9135.834580096582,17461.961400589626
Atp1b1,9141.602191496104,17438.140192515788
Atp1b1,9141.878522405868,17449.407106448318
Atp1b1,9170.651662359991,17437.890008189563
Atp1b1,9158.493055045488,17452.86940496242
Atp1b1,9160.36745928949,17451.577818669437
Atp1b1,9196.853570129215,18087.336307002657
Atp1b1,9207.537575062972,18077.847454122777
Atp1b1,9190.959194759453,18069.675813440128
Atp1b1,9207.246727318208,17344.359117902924
Atp1b1,9211.973771551862,17327.08807203726
Atp1b1,9193.502475473291,17342.92653199854
Atp1b1,9200.889314085154,17347.826529543912
Atp1b1,9202.65962033206,17346.74125050148
Atp1b1,9212.74045381365,17350.411161039585
Atp1b1,9180.647616932925,17465.017899931077
Atp1b1,9204.108754412915,17422.350291867046
Atp1b1,9230.550064440236,17392.812202740162
Atp1b1,9229.850655044174,17386.586603064123
Atp1b1,9236.183360109753,17370.585429387265
Atp1b1,9236.132440340833,17383.60214410188
Atp1b1,9228.493097453898,17380.12818460432
Atp1b1,9249.861619822734,17535.045946573115
Atp1b1,9249.643504006594,17530.969100499347
Atp1b1,9238.84951533919,17553.60427571696
Atp1b1,9230.195311623631,17415.42245842353
Atp1b1,9223.443262443068,17407.651211912733
Atp1b1,9239.235159780854,17403.419069149702
Atp1b1,9233.031455367613,17422.586476460063
Atp1b1,9258.755672118516,17442.16042033564
Atp1b1,9264.824894140853,17408.79872015892
Atp1b1,9261.781620201551,16618.980401688957
Atp1b1,9287.590756971349,16612.842013379606
Atp1b1,9272.65347626489,16627.71000965196
Atp1b1,9263.742439818088,16622.276778800646
Atp1b1,9298.565828140692,17531.470134503812
Atp1b1,9277.621098490199,17384.271359335522
Atp1b1,9287.747367609094,17367.418120999788
Atp1b1,9291.223314216271,17579.9146123106
Atp1b1,9290.045318821025,17612.247172880638
Atp1b1,9292.326824646176,17602.94542256194
Atp1b1,9290.271418167355,17597.6948705862
Atp1b1,9294.505412858374,17607.700258694204
Atp1b1,9287.562457260734,17567.647309156222
Atp1b1,9295.790311276563,17761.478964626112
Atp1b1,9304.106015646998,17769.914724056707
Atp1b1,9300.439757783866,17768.46415686952
Atp1b1,9274.845015771569,17759.734469480987
Atp1b1,9300.52382091595,17751.20771520612
Atp1b1,9298.130123158982,17746.595689481903
Atp1b1,9307.584857676202,17224.963355227424
Atp1b1,9315.148461537878,17193.372654990624
Atp1b1,9305.195136816392,17215.521713473085
Atp1b1,9304.607866173099,17363.44996403357
Atp1b1,9301.588670182155,17359.798654685306
Atp1b1,9309.268613131502,17368.64940857146
Atp1b1,9290.67183842878,17472.912380506685
Atp1b1,9312.702565604028,17486.89366969468
Atp1b1,9309.12525055834,17481.97544895549
Atp1b1,9314.663914586032,17508.91194173811
Atp1b1,9306.596450920262,17494.984703463015
Atp1b1,9324.521568227976,17511.438900790454
Atp1b1,9352.940591258799,17479.284712860706
Atp1b1,9366.786911313216,17494.67921981631
Atp1b1,9353.046683219589,17472.29382994902
Atp1b1,9366.949839717005,17433.879485471844
Atp1b1,9366.989785755924,17423.147307066632
Atp1b1,9362.121831481922,17424.710564197416
Atp1b1,9349.21856571792,17427.469148194625
Atp1b1,9368.468948782047,17384.308736164145
Atp1b1,9372.96690154887,17378.27744492772
Atp1b1,9387.57910821135,17457.14866256163
Atp1b1,9389.836578444343,17392.498077526478
Atp1b1,9422.137593684818,18124.67245449417
Atp1b1,9398.926263309495,17508.293336836665
Atp1b1,9408.110865610159,17472.06163956084
Atp1b1,9405.133571917233,17465.941157268342
Atp1b1,9410.481253608847,17490.388401300042
Atp1b1,9411.995181364624,17441.524573796818
Atp1b1,9404.717730710998,17442.766074020736
Atp1b1,9442.684375762736,17488.516652857517
Atp1b1,9435.424951302704,17495.43556800998
Atp1b1,9432.985300291339,17511.848469577828
Atp1b1,9436.171465308284,17607.49992302375
Atp1b1,9436.550875851974,17410.10191092611
Atp1b1,9439.390922824186,17417.847316347106
Atp1b1,9422.409186665016,17412.731058505677
Atp1b1,9425.056442678482,17417.19501962699
Atp1b1,9450.741069055768,17469.43371825399
Atp1b1,9460.408228132077,16880.210477357035
Atp1b1,9449.800977375762,16890.09157530465
Atp1b1,9461.767199841503,16891.031681816716
Atp1b1,9481.177002546496,17577.115568141457
Atp1b1,9484.77436235449,17572.577998760084
Atp1b1,9472.263374391805,17572.939269470375
Atp1b1,9493.994768513132,17460.82065424543
Atp1b1,9513.494925446897,17474.146798847658
Atp1b1,9523.520781576282,17479.872346335214
Atp1b1,9510.880138488841,17483.83174256745
Atp1b1,9508.475823698946,17472.911234829906
Atp1b1,9523.072184685256,17470.32399804631
Atp1b1,9506.476974629099,17590.05970896154
Atp1b1,9501.966192414231,17613.892011812273
Atp1b1,9490.670099442801,17596.27520871334
Atp1b1,9504.7795141829,17563.785676830306
Atp1b1,9529.321251695765,17646.453345698814
Atp1b1,9541.134827387412,16760.129844762556
Atp1b1,9533.356128884288,17513.214883450088
Atp1b1,9534.839837698846,17506.573591538334
Atp1b1,9541.912061639096,17500.81498874846
Atp1b1,9554.387359858309,17579.65979658711
Atp1b1,9540.760564691389,17566.66555079462
Atp1b1,9542.774655839969,17566.88815108259
Atp1b1,9556.447879632107,17627.769949977082
Atp1b1,9546.570726293981,17630.605074525054
Atp1b1,9550.214234538902,17636.591635750043
Atp1b1,9549.896638901695,17491.373428691688
Atp1b1,9548.666741301793,17613.10214044545
Atp1b1,9596.890170791243,17651.654846294878
Atp1b1,9576.774337208184,17615.555541352707
Atp1b1,9582.141975830249,17620.797555116213
Atp1b1,9582.09538161626,16177.998704614998
Atp1b1,9598.97878528633,17482.92729832187
Atp1b1,9588.487391243303,17483.097171283367
Atp1b1,9585.097296612523,17380.875382755217
Atp1b1,9592.611141120804,17956.2958969778
Atp1b1,9587.94813026912,17956.506698841444
Atp1b1,9581.992886309667,17959.598262223335
Atp1b1,9599.75848379466,17968.89931496779
Atp1b1,9595.589603530188,17684.397743643407
Atp1b1,9613.42652517462,17700.783956279207
Atp1b1,9595.142216989112,17576.9763792242
Atp1b1,9634.526438100684,17587.508893348615
Atp1b1,9619.703591474927,17573.577740204033
Atp1b1,9632.7136758852,17581.172572660216
Atp1b1,9604.27285772099,17576.809722286318
Atp1b1,9622.316689711393,17579.984366184963
Atp1b1,9636.928326257626,17571.606156728598
Atp1b1,9620.45099467841,17579.7261203181
Atp1b1,9652.454482895946,17652.38685802471
Atp1b1,9637.33060624852,17647.860924629167
Atp1b1,9636.080756111885,17665.22384830419
Atp1b1,9645.566686876053,17492.375547713626
Atp1b1,9636.918817414225,17514.440585379703
Atp1b1,9649.131095803172,17506.13024979579
Atp1b1,9636.597330216722,17536.413300853354
Atp1b1,9653.076278519295,17724.77368447644
Atp1b1,9666.176374562458,17623.232624677617
Atp1b1,9684.568206565862,17695.104240243814
Atp1b1,9675.987094686654,17643.64141655177
Atp1b1,9648.647243282725,17680.228069191893
Atp1b1,9671.042506816064,17660.859747584436
Atp1b1,9679.395994329703,17577.204288137313
Atp1b1,9709.197514863055,18125.000455755584
Atp1b1,9699.40837670735,17542.740475724197
Atp1b1,9702.30367870523,17515.319497780074
Atp1b1,9696.71274428977,17527.381019404085
Atp1b1,9700.689771555342,16033.512147324493
Atp1b1,9734.657405014314,16141.337425021567
Atp1b1,9717.476757457483,16148.349412925703
Atp1b1,9728.539992139802,16150.93671671663
Atp1b1,9745.127787433405,16160.376141669238
Atp1b1,9729.300973318419,16160.384288520025
Atp1b1,9732.73309666992,16174.906766883343
Atp1b1,9733.217127717022,17650.30295877122
Atp1b1,9723.921125066265,18137.59385667349
Atp1b1,9702.018111239206,18126.958502125515
Atp1b1,9732.280923432647,18111.567278686383
Atp1b1,9750.128727154972,18110.102616069264
Atp1b1,9706.156919507826,17701.887087036204
Atp1b1,9726.031042020564,16656.962737461723
Atp1b1,9744.580454323941,16657.92794583286
Atp1b1,9752.3057958753,16622.43236602253
Atp1b1,9734.654486405208,16637.3265649366
Atp1b1,9729.048078259784,16649.122275246278
Atp1b1,9729.97340257877,16658.48224925607
Atp1b1,9725.206767814268,17544.02173763509
Atp1b1,9742.152584347825,17546.98053721515
Atp1b1,9733.02998267919,17513.111692107283
Atp1b1,9751.704651408796,17739.51140082339
Atp1b1,9736.816755533908,17765.471481007975
Atp1b1,9749.921464855766,17764.80088119702
Atp1b1,9772.253294277505,17658.340468834365
Atp1b1,9747.752123046468,17675.274951121388
Atp1b1,9744.51733174415,17677.759909643097
Atp1b1,9753.668061993025,17630.84571791029
Atp1b1,9812.11680938211,17633.831514811183
Atp1b1,9811.42986836024,17613.373542731595
Atp1b1,9819.713362314169,17645.43646322223
Atp1b1,9805.277681945978,17631.40363995762
Atp1b1,9827.962002134484,17633.51302386451
Atp1b1,9827.961835660477,18052.157402780736
Atp1b1,9825.858804075753,18065.108909884097
Atp1b1,9809.793618357206,18067.79648162512
Atp1b1,9826.030783074057,18061.07353984744
Atp1b1,9822.860321192142,18077.899176660398
Atp1b1,9824.889698402034,18059.538101576603
Atp1b1,9827.366168495455,17775.29692653475
Atp1b1,9833.774793626832,17650.543259026097
Atp1b1,9825.683208430002,17654.044652150544
Atp1b1,9826.754845728768,17642.419206238883
Atp1b1,9831.32042756478,17630.820797451048
Atp1b1,9842.018262235699,17647.5904893944
Atp1b1,9856.5567413859,17777.52665536958
Atp1b1,9847.325996475318,17758.911504988308
Atp1b1,9868.825694740208,17740.634171216665
Atp1b1,9870.7941293516,17792.642067021694
Atp1b1,9863.318173683974,17778.833269617167
Atp1b1,9859.95279611676,17700.71934297643
Atp1b1,9870.444398440517,17646.93961281831
Atp1b1,9848.347403715497,17655.35537924805
Atp1b1,9891.473903109323,16361.06095152072
Atp1b1,9892.555622745645,16370.738410720842
Atp1b1,9888.842980168378,17668.775162977607
Atp1b1,9881.36342857567,17764.913729079555
Atp1b1,9902.914932388547,17701.923720374994
Atp1b1,9913.959701437227,17694.744788623415
Atp1b1,9896.121069814677,17705.018807734883
Atp1b1,9931.47824873441,17737.52740753738
Atp1b1,9909.065595726923,17732.952089578113
Atp1b1,9920.860049350867,17720.269125098002
Atp1b1,9911.834277797072,17591.91955276142
Atp1b1,9902.578402295367,17585.760206351573
Atp1b1,9917.736286904297,17591.671742519924
Atp1b1,9930.135322766018,18080.957052994985
Atp1b1,9925.972869628748,18066.581476394782
Atp1b1,9921.64106413348,18060.169620858836
Atp1b1,9921.200667579153,18074.266989854983
Atp1b1,9927.599623447708,18082.542665842866
Atp1b1,9928.895323482748,18070.150910035307
Atp1b1,9925.611207810074,18072.400639903575
Atp1b1,9921.63070735055,18061.716707820782
Atp1b1,9932.686591339041,18060.694906000554
Atp1b1,9942.944369637038,17682.44471116384
Atp1b1,9942.262469081988,17672.518209216378
Atp1b1,9940.221667758897,17668.184917181352
Atp1b1,9950.236656611094,17671.371533148365
Atp1b1,9935.829958434026,17764.893002147943
Atp1b1,9923.300109481785,17790.60396924642
Atp1b1,9975.325622159098,17731.183840661917
Atp1b1,9975.322930393786,16741.538588670956
Atp1b1,9980.421425988086,16743.46304781909
Atp1b1,9985.818003765364,16745.026374910216
Atp1b1,9976.262062179043,16747.376443704696
Atp1b1,9984.984217007956,16770.87232545064
Atp1b1,9985.287376779193,16752.8603244292
Atp1b1,9990.87563208364,17819.879623091834
Atp1b1,9987.671584846528,17803.096101190455
Atp1b1,9978.367288217272,17820.296634794748
Atp1b1,9976.370634793011,17700.69117856371
Atp1b1,9990.327336774739,17716.670518107483
Atp1b1,9980.500172512231,17708.337580995987
Atp1b1,10021.039837335144,17659.05124126452
Atp1b1,10004.17818522701,17662.85124119236
Atp1b1,10001.056538616198,16750.19733550034
Atp1b1,10032.831716986304,17753.464747720296
Atp1b1,10028.870822807907,17862.80343413025
Atp1b1,10040.637709764755,17843.405023015846
Atp1b1,10042.57078288197,17724.725940612618
Atp1b1,10036.440214273973,17720.054697461554
Atp1b1,10040.508837399922,17751.99645018612
Atp1b1,10048.593267646598,17678.494573377506
Atp1b1,10034.544529027726,17784.25499488212
Atp1b1,10062.678422152556,17835.337296184905
Atp1b1,10072.081006451368,17848.980851332857
Atp1b1,10062.68589660246,17792.271943044412
Atp1b1,10070.33102158629,17806.454058253665
Atp1b1,10049.734710983563,17787.237744446677
Atp1b1,10093.940426269908,17702.68688497029
Atp1b1,10100.806901448315,17664.482432815137
Atp1b1,10087.79982171673,17662.97003997054
Atp1b1,10106.251864511753,17786.63962667851
Atp1b1,10093.883828818687,17787.212918909998
Atp1b1,10124.179626140072,17748.360242663577
Atp1b1,10122.260260742158,17742.452594708768
Atp1b1,10130.931557727095,17741.44576878478
Atp1b1,10119.297173417719,17817.763147899666
Atp1b1,10138.719972728166,17779.4778074026
Atp1b1,10138.070439254188,17762.008162534985
Atp1b1,10132.821605359457,17766.58491895042
Atp1b1,10168.939582611172,17793.56661956046
Atp1b1,10171.414633397142,18206.30051361142
Atp1b1,10158.695920247377,18205.867340185676
Atp1b1,10157.729189751295,18195.718834640313
Atp1b1,10169.353066475234,16539.033608265418
Atp1b1,10152.956327448166,16552.815947877803
Atp1b1,10157.450877281673,17920.61146001907
Atp1b1,10162.451218934964,17946.220298252294
Atp1b1,10172.016834034735,17949.114455244442
Atp1b1,10181.111089995049,17752.800653520088
Atp1b1,10171.843321383833,17764.09238053275
Atp1b1,10168.872448507404,17884.04205015301
Atp1b1,10160.389947491469,17884.23654551396
Atp1b1,10169.269982664844,17711.786397642896
Atp1b1,10189.272974781397,17706.690127561335
Atp1b1,10190.24983662795,16858.468692194787
Atp1b1,10211.438057362833,16871.08114982951
Atp1b1,10173.85600340846,16857.081185399897
Atp1b1,10175.925414769905,16850.588268201886
Atp1b1,10216.07554329483,17773.579732700262
Atp1b1,10180.51081004264,17782.63439258342
Atp1b1,10206.263567505604,17763.410462805372
Atp1b1,10202.531200023117,17784.68323588455
Atp1b1,10203.444498228471,17776.43343660766
Atp1b1,10189.495877708612,17776.55427504977
Atp1b1,10192.154610716516,17815.046470879042
Atp1b1,10203.770695864689,17805.55439961756
Atp1b1,10207.17700151561,17731.466831040576
Atp1b1,10214.103613753225,17730.700538797446
Atp1b1,10210.931620468979,17730.675644631643
Atp1b1,10197.069288115948,17733.00027910209
Atp1b1,10202.617592854836,17742.851401282853
Atp1b1,10193.710602000485,17950.530926766718
Atp1b1,10192.1445064303,17935.594107747238
Atp1b1,10207.446510266676,17926.842951601375
Atp1b1,10201.182044801288,17944.858328295413
Atp1b1,10212.70322339721,17872.746560783096
Atp1b1,10209.491847780211,17862.49067896994
Atp1b1,10221.003061904872,17873.22648110699
Atp1b1,10225.864509626896,17757.015873357705
Atp1b1,10225.482110258405,17757.76563126894
Atp1b1,10243.259141919652,17833.368333198086
Atp1b1,10233.987199783995,17705.133490666958
Atp1b1,10241.219576862084,17848.60504438209
Atp1b1,10254.705284958061,17843.66696515009
Atp1b1,10275.215337085292,17727.720277924578
Atp1b1,10276.837924335296,17892.7857107014
Atp1b1,10299.689699717555,17837.012360182576
Atp1b1,10316.047597411647,17900.11406204388
Atp1b1,10329.877453660967,17892.573381507733
Atp1b1,10325.327826912606,17898.882184994487
Atp1b1,10333.887641306223,17772.308078710204
Atp1b1,10361.667743600008,17834.338643526167
Atp1b1,10350.21890877295,17815.586666795243
Atp1b1,10348.529879907446,17822.43575725539
Atp1b1,10357.745294870534,17788.414999650897
Atp1b1,10357.307976728222,17915.25407946399
Atp1b1,10365.445651114978,17858.81230841018
Atp1b1,10360.13554024056,17858.88106145427
Atp1b1,10364.566088792477,17868.987354696776
Atp1b1,10383.269257679343,18045.23165678748
Atp1b1,10386.387205163799,18031.20957090617
Atp1b1,10386.8093427227,17951.728407312487
Atp1b1,10383.726726060904,18100.181347619604
Atp1b1,10389.800150957914,18089.97471361441
Atp1b1,10404.611986418653,17866.669365129466
Atp1b1,10414.614157877448,16950.985740517594
Atp1b1,10415.733126639814,16968.308704800827
Atp1b1,10387.708520414384,16956.294797966933
Atp1b1,10418.815541459866,16955.733601259555
Atp1b1,10411.67393958708,16939.081868844358
Atp1b1,10419.588585247928,16942.151395738492
Atp1b1,10381.448025530959,16963.152330029432
Atp1b1,10415.029360911287,16948.951712358008
Atp1b1,10412.032838765723,16961.235657603607
Atp1b1,10423.52875356574,16918.123817047323
Atp1b1,10425.92500261755,16899.597696900706
Atp1b1,10420.766903034988,16920.985511698203
Atp1b1,10441.27185253086,17822.385531290463
Atp1b1,10425.765658266595,17799.459607145396
Atp1b1,10433.372454430895,17799.68070795707
Atp1b1,10434.406781781316,17802.661986124152
Atp1b1,10442.577068454284,17880.234247109132
Atp1b1,10431.444691754954,17874.25038131728
Atp1b1,10448.139988296058,17811.09135066992
Atp1b1,10440.1929185511,17807.68512960072
Atp1b1,10444.597013502964,17784.224241941418
Atp1b1,10456.907890123282,17848.392492505292
Atp1b1,10455.579055104346,17904.945962704867
Atp1b1,10484.946102343158,17831.667803785065
Atp1b1,10473.490686623856,17904.06982897531
Atp1b1,10483.33232101587,17883.327082304717
Atp1b1,10475.33638440374,17072.653394411365
Atp1b1,10479.764004247721,17069.238872343205
Atp1b1,10502.2643616963,17934.02130629175
Atp1b1,10514.54599194481,16897.41876484604
Atp1b1,10525.773052458295,17853.823609547697
Atp1b1,10521.912878452255,17848.803272844678
Atp1b1,10518.382608008345,17853.868000373037
Atp1b1,10526.503109274734,17969.165317959174
Atp1b1,10537.32724664331,17995.729512137426
Atp1b1,10524.22978311744,17992.78376624512
Atp1b1,10536.489536350393,17872.893074930176
Atp1b1,10550.268122246405,17956.394198006717
Atp1b1,10550.539369215665,17950.685220935127
Atp1b1,10563.750966822088,17812.93628798862
Atp1b1,10582.88179589352,17848.865669351457
Atp1b1,10576.544233484981,17827.041556309247
Atp1b1,10583.507178784292,17832.262517213705
Atp1b1,10581.061715420472,17817.657425636724
Atp1b1,10581.937027971266,17881.651583604034
Atp1b1,10568.698450001923,17888.738247616307
Atp1b1,10576.940883632193,17899.1168764813
Atp1b1,10566.841743391955,17878.90305441524
Atp1b1,10583.96279432344,17877.807866640425
Atp1b1,10558.641342154393,17887.035341523875
Atp1b1,10583.052230394771,17922.676041700448
Atp1b1,10580.01043105571,17948.043295916003
Atp1b1,10624.511823013734,17882.684481422577
Atp1b1,10612.407523209584,17888.523902793637
Atp1b1,10605.16042591519,17852.378428239877
Atp1b1,10610.088759951126,18034.65252678092
Atp1b1,10627.39485898928,18025.419791976656
Atp1b1,10617.973741426676,18029.51259302623
Atp1b1,10613.675727243583,17948.593510967763
Atp1b1,10633.941120160318,17954.522615777423
Atp1b1,10653.081422331014,16580.243616193704
Atp1b1,10648.390112759183,16581.49489353942
Atp1b1,10652.25055402964,16592.494467993678
Atp1b1,10638.432334274485,16580.0505043551
Atp1b1,10648.79602005008,16581.538171051496
Atp1b1,10623.841853064505,17847.451481690434
Atp1b1,10615.601908309443,17849.4784262612
Atp1b1,10638.912229560774,17983.406591287672
Atp1b1,10643.077517361511,17993.932322968732
Atp1b1,10664.430744513622,17889.6261353523
Atp1b1,10664.479927813616,17880.4260525718
Atp1b1,10674.473674716632,17962.751105278785
Atp1b1,10669.60945673711,17952.117131851253
Atp1b1,10681.488304597267,17952.715399195342
Atp1b1,10677.637776521458,17951.527321644262
Atp1b1,10658.790306666659,17928.2194305062
Atp1b1,10672.435235728683,17902.77683867251
Atp1b1,10648.342631657077,17915.534831345813
Atp1b1,10667.962516568938,17839.82904332242
Atp1b1,10666.887941820733,17848.551815551327
Atp1b1,10661.229641101787,17818.582019087407
Atp1b1,10676.151275172228,17830.205920129076
Atp1b1,10648.07837656994,18049.34692269399
Atp1b1,10674.447597576882,18037.567317982077
Atp1b1,10675.88956054709,17891.473107755002
Atp1b1,10671.485752886223,17874.9721839266
Atp1b1,10689.204889530347,17871.177065885826
Atp1b1,10700.903245906191,17879.28914944195
Atp1b1,10701.001695773262,18244.85646141275
Atp1b1,10698.534877647951,17910.721234797653
Atp1b1,10700.982749704935,17920.07532557912
Atp1b1,10738.66568249389,17872.533153345285
Atp1b1,10727.884637164265,17870.57328056233
Atp1b1,10749.459137939102,17830.572983739203
Atp1b1,10730.281907655055,17833.521126807093
Atp1b1,10741.161883240155,17821.205690732833
Atp1b1,10747.057385394983,17967.190647332576
Atp1b1,10754.944152866537,17945.83620242308
Atp1b1,10735.113775225778,17940.872833561065
Atp1b1,10767.933005266033,16521.51699504982
Atp1b1,10752.009151933611,16522.06087914344
Atp1b1,10748.439491802254,17877.311015951094
Atp1b1,10782.256407456598,17945.142899163773
Atp1b1,10758.441949571197,17936.823014002508
Atp1b1,10779.504849862311,17938.82677225459
Atp1b1,10784.79414529454,17821.957191879486
Atp1b1,10808.641178258033,18002.748148882765
Atp1b1,10820.601974801833,18004.76018348527
Atp1b1,10818.631832550374,17997.958308015342
Atp1b1,10812.501030047344,17856.68423401251
Atp1b1,10805.995138972714,17903.346864195766
Atp1b1,10810.702401748453,17893.64035748111
Atp1b1,10837.129582212812,16657.238641063544
Atp1b1,10820.755250722232,17833.47582701239
Atp1b1,10830.950536797547,17860.83658271941
Atp1b1,10834.059291887632,17820.922521318273
Atp1b1,10846.4664345952,17845.25164341581
Atp1b1,10839.759004500787,17841.21990822293
Atp1b1,10843.098941993658,17833.667729839173
Atp1b1,10853.183175079448,17968.64880537662
Atp1b1,10856.348045846378,17865.09550844252
Atp1b1,10867.667657375236,17917.83041114973
Atp1b1,10858.199488765145,17962.332753660525
Atp1b1,10864.835835287044,17901.70949660062
Atp1b1,10895.530157384694,17906.8781753667
Atp1b1,10907.496098609921,17806.96780812306
Atp1b1,10887.420600578318,17800.635077986648
Atp1b1,10899.84379086001,17819.439194124076
Atp1b1,10924.260667426533,17879.390185696186
Atp1b1,10918.029034048419,17872.680108815694
Atp1b1,10908.310318698126,17850.139760495316
Atp1b1,10917.252130120076,17880.611403532588
Atp1b1,10911.401576248429,17891.543053438912
Atp1b1,10926.74309741421,17930.414739024225
Atp1b1,10916.045982908825,17946.749120156197
Atp1b1,10929.647466287166,17943.631306840845
Atp1b1,10930.003514117672,17980.700987367076
Atp1b1,10915.208302593088,17985.08993258348
Atp1b1,10946.707209850183,17904.36589624145
Atp1b1,10948.906896123322,17899.492646022987
Atp1b1,10927.455509668674,17903.24272247161
Atp1b1,10947.14789103438,17862.034779349317
Atp1b1,10955.849841358211,17873.196992544777
Atp1b1,10950.345897471936,17869.061073723587
Atp1b1,10957.018193258724,17871.639157452973
Atp1b1,10944.91699561619,17866.384054084305
Atp1b1,10956.585029847021,17867.672390455973
Atp1b1,10931.83800457238,17839.61198064413
Atp1b1,10959.196773816757,17828.307887319905
Atp1b1,10928.953196365112,17818.51472909341
Atp1b1,10928.992253271963,17835.90446503309
Atp1b1,10975.495962298492,17855.741037234155
Atp1b1,10997.203565252179,17881.82092733412
Atp1b1,11009.09221231368,17877.950330165033
Atp1b1,11006.65046579704,17874.18943293331
Atp1b1,11001.161912214051,17924.935157230117
Atp1b1,11001.167787620738,17934.908399962143
Atp1b1,11004.960041799026,17981.948806191882
Atp1b1,10991.20436135996,17975.36517653966
Atp1b1,11009.287746596345,17977.56901788109
Atp1b1,10999.192021668796,17987.55622966963
Atp1b1,11026.73744474321,17861.81565245021
Atp1b1,11044.197631481464,17923.705544963574
Atp1b1,11047.309899319118,17907.758153897343
Atp1b1,11039.154289676579,17909.75066183647
Atp1b1,11028.108188891927,17912.124007646966
Atp1b1,11061.871834292264,17893.653265041652
Atp1b1,11050.35793866264,17887.77951798662
Atp1b1,11044.095341991375,17888.33030104041
Atp1b1,11044.841135557503,17995.094824044816
Atp1b1,11044.559133990617,17996.210918841385
Atp1b1,11050.008819712568,17996.05850618862
Atp1b1,11079.26276091922,17915.74688956325
Atp1b1,11082.19344653651,17923.55826926375
Atp1b1,11065.329156226173,17896.45769105041
Atp1b1,11080.562091493915,17863.31890677642
Atp1b1,11086.1926638365,17877.503414640512
Atp1b1,11084.570394427346,17886.620298438596
Atp1b1,11109.02291525161,17811.18326351003
Atp1b1,11100.37323084993,17794.57558771607
Atp1b1,11112.782747937737,17876.65897195362
Atp1b1,11104.540156203706,17905.554856195922
Atp1b1,11140.721822773734,17883.239946740905
Atp1b1,11121.260397275173,17889.507481629167
Atp1b1,11149.087359052966,17818.73760725384
Atp1b1,11154.544453352692,17840.149303450096
Atp1b1,11158.244261835129,17834.492040209574
Atp1b1,11163.590899458857,17836.7146396592
Atp1b1,11168.882399422335,17805.731140617852
Atp1b1,11148.242536082644,17859.31743231253
Atp1b1,11130.649193231304,17862.55329120754
Atp1b1,11132.543605853145,17848.73843280232
Atp1b1,11146.392416407885,17897.648085438206
Atp1b1,11173.150268041074,17796.430389472887
Atp1b1,11175.748954175271,17793.03074071138
Atp1b1,11186.120625686717,17783.88730052866
Atp1b1,11212.091159382097,17852.531012573523
Atp1b1,11215.500715565366,17785.452120497597
Atp1b1,11220.456718793197,17788.969171639495
Atp1b1,11212.518506759554,17943.124333335065
Atp1b1,11237.120065958703,18221.527676100413
Atp1b1,11227.358885544103,18229.552761113297
Atp1b1,11231.594858126547,18231.035665239124
Atp1b1,11229.292373416658,18205.364541465748
Atp1b1,11235.584145012408,18215.934429976664
Atp1b1,11223.851054380284,18210.276178421926
Atp1b1,11218.513068926224,18219.486998051827
Atp1b1,11221.36109752014,18220.88164303583
Atp1b1,11219.660145768568,18208.892001159264
Atp1b1,11236.113709044355,18214.75558353107
Atp1b1,11222.125801654509,18224.385492198242
Atp1b1,11213.360071402893,18220.84684885223
Atp1b1,11219.012061815236,16918.96381900337
Atp1b1,11217.730038390611,16928.941304917505
Atp1b1,11225.129754936135,17845.102640061003
Atp1b1,11230.225735011272,17854.328124372925
Atp1b1,11244.547830245183,17842.37437423658
Atp1b1,11255.803478465206,17823.676618401823
Atp1b1,11247.323637735457,17824.56674381758
Atp1b1,11268.168580004043,17786.767817585674
Atp1b1,11246.34481778206,17795.53561959714
Atp1b1,11278.521704014263,17750.129125596683
Atp1b1,11260.47652539683,17868.650840369264
Atp1b1,11272.674768170136,17842.017953157418
Atp1b1,11266.588131692235,17872.267982529647
Atp1b1,11279.327957729638,17791.780988427065
Atp1b1,11294.550985625889,16936.555492071573
Atp1b1,11279.532632844624,16935.468439320426
Atp1b1,11270.826392520228,16910.841599848784
Atp1b1,11286.858767051634,16928.59171453115
Atp1b1,11279.028127504323,16943.304803858126
Atp1b1,11290.298034693415,16924.610550549936
Atp1b1,11266.521640768447,16938.957670720574
Atp1b1,11283.422813230558,16925.893944746575
Atp1b1,11267.972699059168,16947.02982937321
Atp1b1,11287.453877024693,17936.809628159255
Atp1b1,11310.62197570946,17856.03434963652
Atp1b1,11315.149309398654,17785.830935382095
Atp1b1,11324.764179486256,16886.03934931092
Atp1b1,11334.69525650625,17853.264071519574
Atp1b1,11347.25449126264,17823.047564059485
Atp1b1,11329.307346030646,18115.372525989962
Atp1b1,11332.401890312942,18115.111052911107
Atp1b1,11360.047325309677,18029.089811959544
Atp1b1,11367.006278500688,18042.064104097703
Atp1b1,11342.899771521837,18026.76406435921
Atp1b1,11377.68295311277,17900.713331846222
Atp1b1,11345.866373729548,17893.55733561889
Atp1b1,11384.989725564266,17898.22648676678
Atp1b1,11382.391885580297,17890.894374374064
Atp1b1,11364.050264362333,17898.470994650677
Atp1b1,11369.657550401216,17908.012378556472
Atp1b1,11386.953337961533,18249.352967055784
Atp1b1,11361.518174252384,18265.732731054475
Atp1b1,11381.222141311448,17780.220500719945
Atp1b1,11373.491732730647,17783.24773815766
Atp1b1,11406.772892594325,18140.168624093127
Atp1b1,11408.954760963377,18137.787293274458
Atp1b1,11404.440380755876,18133.096332659992
Atp1b1,11401.493047191212,17966.40013401505
Atp1b1,11399.278235844298,17958.03300074833
Atp1b1,11394.65466167817,17742.783942490914
Atp1b1,11396.260696397745,17725.60158282813
Atp1b1,11384.83808492198,17807.0550558567
Atp1b1,11419.491654665686,17750.95111800639
Atp1b1,11422.184581925614,17747.33338867326
Atp1b1,11413.771867563288,17787.75895211826
Atp1b1,11409.658302424788,17790.479661303892
Atp1b1,11445.924436057046,17711.408699140648
Atp1b1,11430.319759609301,17807.29809189517
Atp1b1,11447.196075781048,17831.94946016789
Atp1b1,11459.59102774182,17782.95338702881
Atp1b1,11478.61154285831,17973.531047774824
Atp1b1,11480.928378243041,17981.222197810454
Atp1b1,11488.083470994807,17971.574744467245
Atp1b1,11466.060273935727,17976.271084400545
Atp1b1,11484.058259071682,17982.175863772525
Atp1b1,11466.724697263404,17954.631495304387
Atp1b1,11462.335785146026,17742.915686303673
Atp1b1,11481.244896387447,17721.63307951034
Atp1b1,11495.480550648848,17721.65501788394
Atp1b1,11490.856565202977,17708.407287553808
Atp1b1,11496.347626344519,17851.995658856333
Atp1b1,11493.58525694459,17836.810086910988
Atp1b1,11495.039489437517,17845.136653322093
Atp1b1,11493.069535150998,17843.45929296073
Atp1b1,11487.935964818946,17835.451054435398
Atp1b1,11495.539331660088,17840.753295951483
Atp1b1,11489.090315260417,17832.16435915223
Atp1b1,11499.158608836402,17817.56276199598
Atp1b1,11502.136536396738,17817.171809156833
Atp1b1,11503.143426032528,17819.831555776076
Atp1b1,11499.382192130126,17817.238199447995
Atp1b1,11517.606843449146,17736.498795149077
Atp1b1,11505.929104075498,17776.133965253604
Atp1b1,11522.048207091928,17786.56485084874
Atp1b1,11517.582974917601,17681.245329571888
Atp1b1,11534.364211385306,18078.611410025514
Atp1b1,11529.684260310725,17699.528845130204
Atp1b1,11525.734670127225,17696.584442086663
Atp1b1,11544.431470617887,17730.715964846913
Atp1b1,11563.631747231631,17659.50332182593
Atp1b1,11568.001190297691,17691.899451915076
Atp1b1,11566.425348319428,17700.861237871522
Atp1b1,11580.542582759052,17717.269687024414
Atp1b1,11577.304364769954,17744.505360374485
Atp1b1,11601.78842188059,17586.016312817654
Atp1b1,11588.079945348492,17561.69488653462
Atp1b1,11595.259850712448,17586.06821637761
Atp1b1,11600.935062229579,17653.909282388053
Atp1b1,11611.079702593366,17646.254064503133
Atp1b1,11608.30727244427,17648.823974131497
Atp1b1,11607.741707000074,17651.693277901457
Atp1b1,11614.463783223786,16653.78470585941
Atp1b1,11628.998645076788,17773.234854953826
Atp1b1,11624.084754618436,17792.996010475366
Atp1b1,11628.235282378213,17783.56896954177
Atp1b1,11639.4339655301,17637.66255105796
Atp1b1,11663.505933320763,17621.965796574113
Atp1b1,11650.737412293925,17763.460652678354
Atp1b1,11644.723069280666,17761.348568614452
Atp1b1,11656.38291529814,17776.97152020322
Atp1b1,11654.304407456528,17739.19768058119
Atp1b1,11657.950560415964,17702.29016271926
Atp1b1,11673.986724268023,17704.718202090375
Atp1b1,11657.09255788521,17692.99422160215
Atp1b1,11656.820711094651,17712.43952829052
Atp1b1,11673.278181427038,17693.978901126473
Atp1b1,11668.733602371181,17693.90784885384
Atp1b1,11668.928459239285,17689.73905793282
Atp1b1,11692.22806562104,17609.680212498544
Atp1b1,11686.408551485913,17602.277428419115
Atp1b1,11673.163452714434,17802.087644163832
Atp1b1,11699.247145397974,17711.15535414209
Atp1b1,11702.99105027005,17726.17093689512
Atp1b1,11703.288864175218,17714.533240185305
Atp1b1,11692.798715701341,17764.061882791444
Atp1b1,11701.29631692186,17767.697445730115
Atp1b1,11701.625370877495,17761.151302616316
Atp1b1,11691.120934425115,17574.92739654485
Atp1b1,11718.226584053924,17622.210499884794
Atp1b1,11722.324599388803,17622.39982396323
Atp1b1,11749.661818989938,17611.012407971102
Atp1b1,11757.01216406012,17594.36768255182
Atp1b1,11742.632916549177,17609.863490665597
Atp1b1,11752.507004770634,17644.752283155565
Atp1b1,11736.510873397214,17646.147691375547
Atp1b1,11755.895893841847,17645.21332940933
Atp1b1,11730.52354499345,17770.270919282746
Atp1b1,11749.094493431583,17770.463936674172
Atp1b1,11746.11539181446,17761.381137153436
Atp1b1,11750.327895230326,17704.791765243055
Atp1b1,11758.205624641778,17706.930981361056
Atp1b1,11749.722312082424,17680.50743176409
Atp1b1,11761.33402380839,17717.088935451102
Atp1b1,11752.544737165104,17703.939264133936
Atp1b1,11777.66736178505,17749.326617643543
Atp1b1,11780.494927654161,17622.07813588419
Atp1b1,11784.43945645808,17621.296561491723
Atp1b1,11775.23222553736,17612.00698250641
Atp1b1,11780.105671454023,17621.92539458096
Atp1b1,11790.927599912606,17599.62113107183
Atp1b1,11796.062338847078,17605.463452042928
Atp1b1,11781.137304288115,17682.665004993047
Atp1b1,11770.542003244545,17653.02856570556
Atp1b1,11799.604172737283,17708.037843819056
Atp1b1,11789.698147408959,17714.68830406809
Atp1b1,11791.729303493708,17711.17729710017
Atp1b1,11811.033487402401,16884.7714312938
Atp1b1,11789.078290133875,16879.217015903392
Atp1b1,11797.77111905624,16865.00619365832
Atp1b1,11790.233822691704,18089.35645926915
Atp1b1,11819.390271124741,18088.976834159002
Atp1b1,11802.946558217933,18071.58795893619
Atp1b1,11812.03684963471,18095.237726587402
Atp1b1,11817.621103205423,18093.615576508404
Atp1b1,11808.56861153953,18077.967717473093
Atp1b1,11804.694039667942,18080.59296275705
Atp1b1,11808.58959270164,17639.087025253233
Atp1b1,11789.859207853104,17645.52114728865
Atp1b1,11821.612486975582,17629.930578270192
Atp1b1,11820.374500921916,17669.45601472233
Atp1b1,11801.771347478203,17552.109037285543
Atp1b1,11844.497205855927,17545.377929236492
Atp1b1,11865.331791375482,17572.152872691386
Atp1b1,11889.824652125322,17629.248178019807
Atp1b1,11865.911166837568,17635.76569969842
Atp1b1,11879.892222600245,17641.29653896822
Atp1b1,11879.986469310132,16683.00342699277
Atp1b1,11897.55334795641,17489.62337598657
Atp1b1,11896.160345807046,17473.21551692159
Atp1b1,11886.346305335015,17474.999524395273
Atp1b1,11883.759253098002,17543.076763335383
Atp1b1,11893.70372169065,17544.289244254793
Atp1b1,11882.666154509468,17552.622858339615
Atp1b1,11901.626715847106,17620.1923496966
Atp1b1,11888.985717059812,17659.83595110682
Atp1b1,11902.38499615019,17668.673771311824
Atp1b1,11903.633917146733,17659.06798657352
Atp1b1,11919.13805050249,17570.285570037344
Atp1b1,11916.858174415218,17566.896577996446
Atp1b1,11914.403608753957,17519.77142767524
Atp1b1,11916.097858261675,17535.552755298697
Atp1b1,11949.418668152577,18001.46526998929
Atp1b1,11951.98421013831,17584.806206704234
Atp1b1,11945.892483358082,17525.342875982424
Atp1b1,11953.092458493142,17520.095332099187
Atp1b1,11977.309361948475,17663.943690784454
Atp1b1,11975.291165048053,17550.55052056451
Atp1b1,11964.455374080031,17555.258195610342
Atp1b1,11974.286014507872,17553.114943765842
Atp1b1,12003.515993931991,17640.73597637983
Atp1b1,12004.125215038837,17590.277178323602
Atp1b1,11988.657728590051,17567.523983394916
Atp1b1,12023.060266743936,17556.794156245644
Atp1b1,12033.442781096943,17559.98633842444
Atp1b1,12034.443612631261,17551.17624556112
Atp1b1,12033.34565413329,17435.82518928131
Atp1b1,12026.845687133467,17447.09594154509
Atp1b1,12021.710263493082,17432.198460126107
Atp1b1,12041.116396768675,17588.666245028973
Atp1b1,12055.031778048318,17473.501808920242
Atp1b1,12051.526022103526,17471.780996286925
Atp1b1,12071.499714077972,17523.15720430949
Atp1b1,12062.13004666706,17506.835889853293
Atp1b1,12049.838661469701,17524.55408495053
Atp1b1,12051.281167258794,17525.713132124107
Atp1b1,12052.200622814948,17516.1344149388
Atp1b1,12057.97275560334,17514.624206708144
Atp1b1,12056.816860448724,17430.936842453357
Atp1b1,12064.384940894686,17422.46295189027
Atp1b1,12075.088077447033,17445.01932130249
Atp1b1,12079.186081098977,17555.309457744355
Atp1b1,12076.88983866327,17481.338358080375
Atp1b1,12077.629677565183,17490.374853519817
Atp1b1,12082.215617537735,17484.838832530782
Atp1b1,12088.44072097238,17423.448114177863
Atp1b1,12078.76209038328,17395.31094252326
Atp1b1,12081.178079392674,17412.796973326534
Atp1b1,12062.71051802393,17413.133175952797
Atp1b1,12072.225733278423,17442.514788771194
Atp1b1,12095.429853763188,17382.25600206319
Atp1b1,12107.859779183169,17387.460730908413
Atp1b1,12109.498641493443,17384.95044869808
Atp1b1,12099.888108647578,17375.94660318792
Atp1b1,12088.002596721286,17510.388648525404
Atp1b1,12099.206024216446,17523.86317744885
Atp1b1,12117.866000290986,17418.081982516087
Atp1b1,12117.997720513333,17445.74670662645
Atp1b1,12106.909198986303,17418.199956723154
Atp1b1,12100.72694489474,17474.69008392737
Atp1b1,12126.668438636782,17104.4117616217
Atp1b1,12138.359274101098,17104.275962692
Atp1b1,12133.33751517841,17094.738585113348
Atp1b1,12120.511882750478,17123.456577005047
Atp1b1,12140.64777203648,17098.83249259969
Atp1b1,12126.957790791144,17097.483879572963
Atp1b1,12122.673899695159,17103.374926804237
Atp1b1,12138.79149153968,17111.194265019498
Atp1b1,12129.073293981246,17105.560539900023
Atp1b1,12133.37212518403,17108.322155239857
Atp1b1,12127.050315459757,17107.931015558155
Atp1b1,12131.248706001561,17106.949980574027
Atp1b1,12146.515459289743,17501.017483824897
Atp1b1,12116.253969441093,17363.14803916871
Atp1b1,12140.093694002617,17349.425044519285
Atp1b1,12163.804066574994,17465.22484994042
Atp1b1,12188.196878525467,17454.187487624353
Atp1b1,12170.001741374825,17354.570370151312
Atp1b1,12185.879575244793,17805.283458975693
Atp1b1,12181.323652695282,17830.131938475894
Atp1b1,12183.536877096798,17827.590411508587
Atp1b1,12189.119519202186,17567.821984485134
Atp1b1,12199.558123985775,17564.857096672284
Atp1b1,12191.975298605514,17432.442207964148
Atp1b1,12202.91127992005,17310.629155151044
Atp1b1,12201.186753263255,17302.4683783044
Atp1b1,12202.416697083601,17647.85128843026
Atp1b1,12190.586069154355,17643.44119256751
Atp1b1,12213.301256286823,17657.231447807953
Atp1b1,12188.624000010921,17657.788898996816
Atp1b1,12216.8599898703,17357.70275675234
Atp1b1,12188.723643180905,17478.533804350976
Atp1b1,12219.493836955417,17478.3901165758
Atp1b1,12206.79649271912,17472.096526841622
Atp1b1,12228.502602277194,17416.092499606755
Atp1b1,12234.164552258184,17407.771977399607
Atp1b1,12229.887363060177,17410.352625769046
Atp1b1,12243.571300209594,17380.04624263871
Atp1b1,12249.785074352862,17399.595019414417
Atp1b1,12246.913292630394,16977.353615793454
Atp1b1,12261.152716546014,16961.997548463176
Atp1b1,12251.535517403243,17341.568564819132
Atp1b1,12262.291765265516,17358.528766113523
Atp1b1,12251.602943384813,17300.44985378007
Atp1b1,12275.087364294384,17289.36216333744
Atp1b1,12260.673933231137,17301.07497646318
Atp1b1,12258.310174355849,17291.357916581233
Atp1b1,12269.982401957219,16546.445484154166
Atp1b1,12253.131847149545,17156.17323950732
Atp1b1,12267.547246729764,17155.901061575154
Atp1b1,12273.934601943783,17161.981441776312
Atp1b1,12262.952214538904,16742.243900513284
Atp1b1,12255.803237393651,16746.91006066773
Atp1b1,12249.778714743046,16756.227246734594
Atp1b1,12272.587386443263,17246.485811793485
Atp1b1,12275.404051232803,17261.569952661168
Atp1b1,12266.622551526465,17249.07128345741
Atp1b1,12294.140320411258,17338.530244556947
Atp1b1,12295.870159363605,16407.537891534106
Atp1b1,12281.278889039966,16411.026338002077
Atp1b1,12275.184067122651,16415.0519037337
Atp1b1,12271.25999103656,16416.074531341445
Atp1b1,12279.734396965361,16414.55765232234
Atp1b1,12284.690400799904,16403.781470670827
Atp1b1,12279.927082616821,16395.092266220046
Atp1b1,12286.3564787785,17206.56834650259
Atp1b1,12289.440469093293,17206.954761935467
Atp1b1,12310.373450126508,17706.66895744455
Atp1b1,12296.144754595174,17719.289872902104
Atp1b1,12289.881439728291,17723.991476923296
Atp1b1,12303.497357868804,17714.671969890976
Atp1b1,12312.431375324706,17707.696478251473
Atp1b1,12305.28032883669,17721.4650915734
Atp1b1,12309.189559129067,17543.321429474126
Atp1b1,12319.875672127508,17536.41701038833
Atp1b1,12313.77099615252,17149.50977340439
Atp1b1,12312.791030794777,17160.459729793765
Atp1b1,12301.24898932059,17160.130927134338
Atp1b1,12312.621940652734,17147.291263444007
Atp1b1,12321.352424584056,17157.237544801155
Atp1b1,12316.211925160587,17981.016615757962
Atp1b1,12326.629657897793,17212.674355809697
Atp1b1,12343.93763855177,17170.876682608006
Atp1b1,12324.001211031802,16361.397867119595
Atp1b1,12329.354677684889,17249.018146023485
Atp1b1,12370.450056292071,17325.89960389644
Atp1b1,12389.514247955174,17314.890352919127
Atp1b1,12374.843612306411,17316.962796280866
Atp1b1,12365.376848586118,17189.49196933637
Atp1b1,12385.256193139685,17246.785976033683
Atp1b1,12397.921946394972,17244.596439854737
Atp1b1,12375.611444246251,17251.723673353805
Atp1b1,12411.045913722814,17210.05515312279
Atp1b1,12386.713540314104,17221.500173926404
Atp1b1,12381.422355961731,17666.187866788336
Atp1b1,12374.656135673762,17672.24959628215
Atp1b1,12376.125831623254,17662.231665136962
Atp1b1,12384.553731863702,17101.62032065567
Atp1b1,12383.299576013023,17086.003083089177
Atp1b1,12392.88680651081,17099.940672810495
Atp1b1,12396.444968695176,17129.162706838815
Atp1b1,12390.805607602862,17111.49608731078
Atp1b1,12406.496531148992,17148.30860302439
Atp1b1,12389.402317756263,17169.472824631303
Atp1b1,12394.410130477178,17149.759553822758
Atp1b1,12416.004734398854,17074.26410208308
Atp1b1,12419.913707719483,17068.534472651798
Atp1b1,12413.496515601959,17084.990973499363
Atp1b1,12422.8818797776,17390.441793857794
Atp1b1,12460.974584587326,17212.299340457223
Atp1b1,12424.270823656829,17128.196523429997
Atp1b1,12418.703315365517,17120.239594812014
Atp1b1,12419.740102639735,17112.953213533903
Atp1b1,12432.09028343295,17130.714663470506
Atp1b1,12399.007366837415,17124.32769613297
Atp1b1,12425.197549820901,17090.69806916655
Atp1b1,12466.892404866705,17091.180011623313
Atp1b1,12469.315321041851,17027.62850153541
Atp1b1,12478.113310075662,17119.21687255016
Atp1b1,12496.744342916796,17141.169748187873
Atp1b1,12479.762341661477,17129.20367168428
Atp1b1,12506.59179612813,16954.791449836353
Atp1b1,12495.456529641344,16957.84853285717
Atp1b1,12489.471663823253,16960.998644557116
Atp1b1,12492.052116257682,17101.414788103855
Atp1b1,12492.209408761568,15861.622715252637
Atp1b1,12487.009952618493,15857.73807093061
Atp1b1,12494.712011952557,17068.640973220954
Atp1b1,12513.048753913456,16940.433981765927
Atp1b1,12516.274821532557,17031.046537915943
Atp1b1,12529.723248768603,17018.948453340436
Atp1b1,12520.707425373597,17017.311921137414
Atp1b1,12570.06424155951,17070.881968028385
Atp1b1,12565.447444131982,17089.227608520232
Atp1b1,12569.707119632812,17060.127748851115
Atp1b1,12572.246515156903,17068.64373881727
Atp1b1,12571.581152865318,17527.09027632478
Atp1b1,12566.724272943911,17494.675438219474
Atp1b1,12576.595090672796,17509.020957443165
Atp1b1,12565.492908308808,17510.473241811353
Atp1b1,12569.396340529673,17512.733220176353
Atp1b1,12558.4138975852,16924.272227240173
Atp1b1,12587.214883062177,16994.690781432466
Atp1b1,12584.098751660444,16882.828094553402
Atp1b1,12590.841371953806,16884.876957689103
Atp1b1,12572.732425519112,16888.197825729214
Atp1b1,12618.39192097979,17582.954705389333
Atp1b1,12601.744035281394,17594.145031882723
Atp1b1,12601.085799385439,17574.257795983613
Atp1b1,12592.781179436472,16897.295834692035
Atp1b1,12594.30248345352,16905.27954977198
Atp1b1,12596.7411198268,16996.484318069317
Atp1b1,12585.257793147683,17004.26720117457
Atp1b1,12593.814103959443,16999.800061152848
Atp1b1,12623.492350197108,17320.171904615905
Atp1b1,12630.730340253767,17039.018306069393
Atp1b1,12625.717116578253,17528.802265088205
Atp1b1,12627.526379325438,17531.950821347506
Atp1b1,12653.243666608047,17489.886023274776
Atp1b1,12667.78506625416,16990.51638616123
Atp1b1,12648.222624999786,16999.647300177054
Atp1b1,12634.451737584866,16980.49126395754
Atp1b1,12657.815355926627,17445.816120853986
Atp1b1,12643.09425521697,17450.11789392677
Atp1b1,12641.146795486213,17457.28515379711
Atp1b1,12654.24151166639,17401.876969743455
Atp1b1,12668.905385152015,16846.87638890939
Atp1b1,12648.991405032515,16852.093756377
Atp1b1,12660.760558124726,16835.65688481786
Atp1b1,12653.213230816313,16827.770046617647
Atp1b1,12659.713265679944,16825.94107748523
Atp1b1,12674.22921422471,16787.976779816512
Atp1b1,12668.270380595894,16792.09873471119
Atp1b1,12682.156393567853,16857.314267261612
Atp1b1,12687.887386116032,16879.529337210923
Atp1b1,12708.324310150007,16877.59864832846
Atp1b1,12699.476636673053,16892.660555918887
Atp1b1,12684.044536841842,16889.375578679166
Atp1b1,12680.412761793556,16871.359527853052
Atp1b1,12694.382807298176,16754.710241081106
Atp1b1,12694.730729271658,16739.836376711217
Atp1b1,12730.246639588711,16744.585162676452
Atp1b1,12726.757804891979,16795.859500901202
Atp1b1,12710.196009582554,17064.09341854556
Atp1b1,12710.922379597998,17063.402774566122
Atp1b1,12753.567336781218,16019.995748502359
Atp1b1,12728.057544747522,16019.09080146313
Atp1b1,12733.984617095619,16014.067285481226
Atp1b1,12734.811736297326,16024.98938964724
Atp1b1,12734.251377368551,16018.724174747333
Atp1b1,12743.580902800686,15999.638788525506
Atp1b1,12738.50331544098,16007.74127052779
Atp1b1,12748.025339932236,16007.76582616541
Atp1b1,12740.550626611142,16013.524161319574
Atp1b1,12756.47741794935,16736.27820783666
Atp1b1,12752.191183304121,17324.233408090167
Atp1b1,12735.95225812877,17319.77402584667
Atp1b1,12755.060954738326,16658.68483938007
Atp1b1,12789.758297257764,16722.710365751336
Atp1b1,12774.680906171863,15990.0907183232
Atp1b1,12776.197250490059,15985.254083666816
Atp1b1,12755.685304287992,15995.22684885242
Atp1b1,12763.972220061456,17095.567561805925
Atp1b1,12777.269184805087,16970.10348093317
Atp1b1,12777.310648961608,16958.495605018437
Atp1b1,12806.460404735546,16574.567146808953
Atp1b1,12812.16339165023,16574.858837741616
Atp1b1,12833.254936087314,16663.84401648493
Atp1b1,12822.688155181917,16676.658688868305
Atp1b1,12820.817134632513,16657.4942037377
Atp1b1,12820.871191022807,16670.704303634884
Atp1b1,12821.423786561836,17326.759085073485
Atp1b1,12844.839603241828,16609.857168983846
Atp1b1,12834.326056545973,16611.09554308654
Atp1b1,12828.906323211313,16565.32574934302
Atp1b1,12846.118237735847,16559.336341797683
Atp1b1,12842.403604247533,16644.70906699343
Atp1b1,12823.640691883416,16517.178110908924
Atp1b1,12869.841230427905,16674.81916293346
Atp1b1,12846.878350386856,16658.913788511763
Atp1b1,12852.344911397999,16650.333562672782
Atp1b1,12869.181780920819,17195.59542084769
Atp1b1,12858.157486900172,17209.550931247337
Atp1b1,12865.500506786144,17175.794488678537
Atp1b1,12872.363423139663,16614.828921623066
Atp1b1,12870.863281272546,16617.39361362235
Atp1b1,12886.543272088595,16552.32457101815
Atp1b1,12884.461429710374,16561.162712764977
Atp1b1,12904.908298316437,16447.139361761885
Atp1b1,12904.615090993319,17135.158483999432
Atp1b1,12895.117601513984,16636.686879545898
Atp1b1,12922.000816968291,16650.86630965416
Atp1b1,12912.843154356624,17219.382415025266
Atp1b1,12919.667864686418,17212.659359032627
Atp1b1,12937.946445167654,16578.264951812504
Atp1b1,12932.154088434661,16579.13151582963
Atp1b1,12915.43568981854,16578.36169207812
Atp1b1,12943.155035737598,16718.238762324312
Atp1b1,12951.861259407882,16526.140882028067
Atp1b1,12950.759769616372,16528.791992598497
Atp1b1,12932.086570721085,16520.72596160892
Atp1b1,12934.040875259954,16616.22060694804
Atp1b1,12945.17334572168,16606.475788441596
Atp1b1,12943.876961310245,16617.13479893618
Atp1b1,12935.672752809338,16601.35415854819
Atp1b1,12953.261361384957,16656.81314512593
Atp1b1,12961.298758401605,17097.63099768767
Atp1b1,12974.657348343071,17085.91775019259
Atp1b1,12942.640791175409,17166.572218310623
Atp1b1,12952.157251080858,17165.017965247927
Atp1b1,12966.58588783178,16841.532123250647
Atp1b1,12957.746205893864,16827.50262743985
Atp1b1,12976.748621426843,16472.74739171571
Atp1b1,12961.977444128912,17043.343807444853
Atp1b1,12970.09111192707,17066.014922432383
Atp1b1,12984.979525306162,17085.22578954894
Atp1b1,13007.903669865207,17085.870192156115
Atp1b1,12986.364806372461,17101.906845454294
Atp1b1,12989.609568372654,16444.84257135859
Atp1b1,12986.146703490627,16445.964710803048
Atp1b1,12991.649539505117,16462.06332650715
Atp1b1,12971.9623467671,17038.676536122854
Atp1b1,12968.378513652333,17042.823733045854
Atp1b1,12980.209867986354,17046.571524761788
Atp1b1,12975.087199790543,17038.965221246668
Atp1b1,12991.235063879423,16508.706160849
Atp1b1,12982.696962269423,16521.985859017528
Atp1b1,12987.250219101605,16524.54222721398
Atp1b1,12992.27562714079,16511.066224264723
Atp1b1,12988.437709785543,16505.75852609555
Atp1b1,12983.671786846882,16514.122499122557
Atp1b1,12982.27408186265,16656.56387624657
Atp1b1,12992.1842700927,16666.098627586805
Atp1b1,12992.63695472383,16658.374530260586
Atp1b1,12993.529023651,16654.72500003969
Atp1b1,13018.66458202195,16444.647513284042
Atp1b1,13032.22735412484,16430.96584325371
Atp1b1,13017.640761540877,16443.98177521657
Atp1b1,13006.783210243859,16943.74432274504
Atp1b1,13014.700695260433,17105.6385131209
Atp1b1,13023.9022085927,16558.68678421745
Atp1b1,13022.97945244809,16576.36776183488
Atp1b1,13042.827208250836,17015.273941339758
Atp1b1,13061.42761531593,17008.667321443314
Atp1b1,13047.368301865601,17021.090712357724
Atp1b1,13059.193584672934,16984.24095410542
Atp1b1,13060.044351812932,16986.184132648534
Atp1b1,13053.62248863545,16970.995595681394
Atp1b1,13058.339893557966,16489.46547347837
Atp1b1,13072.467902047316,16390.18795295095
Atp1b1,13044.389574253735,16423.061939734725
Atp1b1,13055.377509933438,16419.553769068756
Atp1b1,13069.649651947455,16605.57671529667
Atp1b1,13064.285243615304,16615.448272900325
Atp1b1,13108.932945150264,16571.13522662546
Atp1b1,13099.933126922957,16580.52132669293
Atp1b1,13096.869899753325,16577.193316691646
Atp1b1,13097.408012988435,16428.940859023318
Atp1b1,13088.776444862018,16420.66855937028
Atp1b1,13103.154591914667,16967.255351290936
Atp1b1,13134.158508924633,16383.805218903948
Atp1b1,13120.429722455114,16378.046975463967
Atp1b1,13131.354956564903,16949.330846740617
Atp1b1,13118.201137027234,16956.294779582695
Atp1b1,13134.072120802046,16933.8822287858
Atp1b1,13138.220734552893,17430.799923987855
Atp1b1,13137.032539391636,17423.316723552005
Atp1b1,13141.317147246593,16409.021916498114
Atp1b1,13120.052391005811,16959.93589725819
Atp1b1,13120.627959053445,16959.409232187918
Atp1b1,13126.040980843385,16956.06174929635
Atp1b1,13145.567698466513,16329.597354007348
Atp1b1,13155.944449439317,16346.603109845984
Atp1b1,13164.739301648913,16475.42498718073
Atp1b1,13178.715822027367,16478.02237232737
Atp1b1,13153.790766267375,16414.28371967307
Atp1b1,13193.071056754101,16530.42717732675
Atp1b1,13185.482910774963,16877.179099937242
Atp1b1,13193.11272976312,16869.97944686266
Atp1b1,13181.990208789868,16875.812099243154
Atp1b1,13204.656528944368,16418.410403689355
Atp1b1,13209.567220992443,16469.63218454729
Atp1b1,13205.084079246637,16845.005101281913
Atp1b1,13230.84417298122,16854.355781297614
Atp1b1,13196.147750597269,16873.38756223763
Atp1b1,13218.929076330314,16923.49334429467
Atp1b1,13239.862491815824,16820.485386269556
Atp1b1,13246.203022180272,16826.991688610437
Atp1b1,13310.51241411562,16831.619628973465
Atp1b1,13305.349537958082,16828.429581183907
Atp1b1,13305.267645042191,16812.56426014118
Atp1b1,13277.630416085567,16778.83833619607
Atp1b1,13283.998517068185,16791.05989429912
Atp1b1,13294.072543080585,16779.60409088732
Atp1b1,13285.835530685601,16762.134403398177
Atp1b1,13307.388241266055,16778.83390919768
Atp1b1,13282.238151239857,16788.948994323506
Atp1b1,13317.663878928737,16883.817546045615
Atp1b1,13308.033518312952,16871.363890168115
Atp1b1,13302.059363641312,16847.79756611132
Atp1b1,13382.330745136911,16794.804875920698
Atp1b1,13386.619018504665,16811.490994340966
Atp1b1,13379.837316356568,16804.78536361431
Bcl11b,6660.325716887029,13791.230240764327
Bcl11b,6874.23281678484,14468.679041076179
Bcl11b,6941.251608391856,14210.014650142504
Bcl11b,6917.604199693264,14251.196034975053
Bcl11b,6940.531558120848,14249.738193300765
Bcl11b,6961.011446835391,14025.723447644672
Bcl11b,6973.638802862279,14645.73535189368
Bcl11b,6973.803334306042,14653.701756874876
Bcl11b,6974.313185239,14651.986581979847
Bcl11b,6972.1921531695825,13837.215602571394
Bcl11b,6962.363394138291,14474.372071729269
Bcl11b,7015.59755715829,15018.169489155354
Bcl11b,7023.81812408805,14624.411685275854
Bcl11b,7040.9349903530565,14267.73967965716
Bcl11b,7063.591152891899,14544.70151309695
Bcl11b,7062.244266916604,14543.487077069618
Bcl11b,7066.84939386348,14410.861231210201
Bcl11b,7098.932535225402,14649.566841219224
Bcl11b,7104.580288859281,13805.379017620551
Bcl11b,7116.580951190512,15128.481749483848
Bcl11b,7145.312725425761,14308.743586132647
Bcl11b,7160.7442063764065,14724.669844935182
Bcl11b,7346.821984124631,15287.64990207741
Bcl11b,7357.481316830806,15455.241555473864
Bcl11b,7369.30069661233,15597.015471031982
Bcl11b,7402.727964966653,15635.42569752274
Bcl11b,7420.164483301914,15352.45718159289
Bcl11b,7435.60939559252,15363.999619264887
Bcl11b,7582.880277241469,15834.536397275535
Bcl11b,7645.355698667172,16014.948766085108
Bcl11b,7692.587027593153,16078.67173831935
Bcl11b,7783.203193679913,16080.218394876316
Bcl11b,8036.93419835113,16462.904496965366
Bcl11b,8293.291403200303,16722.391465974
Bcl11b,8279.468699672238,16662.92940655601
Bcl11b,8348.199647986266,16846.12823742813
Bcl11b,8490.639022245892,16995.659661258076
Bcl11b,8614.727584934943,16986.930440598047
Bcl11b,8614.756527158539,16965.69157530505
Bcl11b,8640.560410932332,17201.673993337718
Bcl11b,8700.450858953152,17176.697387840177
Bcl11b,8766.814895632131,17094.06858597984
Bcl11b,8892.582979768817,17188.749243317616
Bcl11b,8878.321165856361,17241.946936364366
Bcl11b,9032.23494268627,17336.750827591528
Bcl11b,9111.573943085568,17267.01142739233
Bcl11b,9111.63544794144,17303.15201427013
Bcl11b,9137.595904877266,17295.215473610268
Bcl11b,9205.05721704381,17445.415710195095
Bcl11b,9249.415701087315,17401.640836548548
Bcl11b,9451.848013171099,17407.778506914816
Bcl11b,9583.6643368869,17611.397878716736
Bcl11b,9637.655117334,17658.993393739074
Bcl11b,9854.907117284072,17694.33471121733
Bcl11b,9933.58813428753,17682.025940596857
Bcl11b,10052.442858572616,17796.11936171611
Bcl11b,10117.785564641346,17786.10225305809
Bcl11b,10100.340254258446,17780.499595250865
Bcl11b,10177.318342495328,17762.150232584936
Bcl11b,10375.200973546955,17897.564956718594
Bcl11b,10561.197691431948,17952.889891993033
Bcl11b,10604.97446173769,17872.108138541316
Bcl11b,10644.081952624374,17983.7554799793
Bcl11b,10771.443021603225,17868.968722176556
Bcl11b,11010.473632226745,17849.801792774204
Bcl11b,11242.904984798208,17836.590875432714
Bcl11b,11539.578104869297,17709.801670160316
Bcl11b,11591.138618994906,17739.65618332476
Bcl11b,11589.169792115727,17742.077111021757
Bcl11b,11806.424010538656,17587.013710940977
Bcl11b,11959.68706199502,17584.28045779128
Bcl11b,12090.66201897574,17491.469465348066
Bcl11b,12113.811087307546,17513.494636001367
Bcl11b,12227.70977264347,17278.580525830574
Bcl11b,12230.035822398226,17279.108868099393
Bcl11b,12251.468842463522,16952.909924215153
Bcl11b,12242.900979996051,16765.877221311534
Bcl11b,12298.210817263007,17242.189827338694
Bcl11b,12373.644925203078,17200.10524091438
Bcl11b,12381.286213333195,17118.80450977784
Bcl11b,12397.724809335152,17043.513767371605
Bcl11b,12420.723463134413,17074.908835292823
Bcl11b,12586.76763010655,16995.806636492947
Bcl11b,12670.173047066848,17445.73942098278
Bcl11b,12946.744479029288,16593.047381868233
Bcl11b,12923.548412964135,16555.64679255523
Bcl11b,13035.874346204624,16467.60169739098
Bcl11b,13048.701218086193,17022.05156988062
Bcl11b,13171.3330120734,16385.33478307785
Bcl11b,13152.196623535945,16373.337922999192
Bcl11b,13176.54998556534,16521.96144896238
Bcl11b,13208.428901914669,16412.382051685483
Bcl11b,13305.273617141405,16804.59112224803
Cadps2,6583.384769221965,14771.74898823039
Cadps2,6874.2926226534755,14401.834477652868
Cadps2,6880.000126489966,14414.486567075095
Cadps2,6869.856055848348,14112.270271065632
Cadps2,6942.2981155245125,14812.100203508118
Cadps2,6921.834957499492,14815.984582816985
Cadps2,6943.991543949855,14584.438660786305
Cadps2,6911.788832900796,14564.037186314292
Cadps2,6974.963126078989,14551.887548892126
Cadps2,6994.938973163198,13980.832402214166
Cadps2,7030.860313560664,14083.95855541295
Cadps2,7030.783942113008,14955.302907831394
Cadps2,7045.975596432804,14100.185551673276
Cadps2,7055.549061606808,14187.30351102352
Cadps2,7046.081440000635,14216.779845511433
Cadps2,7080.4264838534,14561.047860259403
Cadps2,7066.234016647793,14552.008902663016
Cadps2,7066.913630909728,13807.623505783036
Cadps2,7114.454517767845,14911.341658295616
Cadps2,7134.523894243568,14308.177036126943
Cadps2,7171.011043707709,14971.434826936777
Cadps2,7195.477214422299,15045.521098936499
Cadps2,7188.148097898051,13804.320750365021
Cadps2,7190.188355702018,13830.72743041621
Cadps2,7279.251412062613,15403.026917683324
Cadps2,7338.477413783869,15403.617126329662
Cadps2,7355.710984787773,15684.947581753637
Cadps2,7385.967803115849,15613.784453590906
Cadps2,7382.30405780242,15727.038856401987
Cadps2,7474.456150379079,15694.004097131166
Cadps2,7458.334243322587,15710.330885810954
Cadps2,7521.963973172553,15918.572143453204
Cadps2,7604.08977789724,14489.252204774926
Cadps2,7652.693409602715,16055.986369759557
Cadps2,7674.1051069698115,16865.451827058885
Cadps2,7760.431988585412,15205.061735007983
Cadps2,7763.365654744328,15193.896831633354
Cadps2,7759.58510279179,15210.794496604449
Cadps2,7829.048104320098,16196.849395214796
Cadps2,7951.97470607743,16513.100311408496
Cadps2,8010.70902790487,14867.668124567901
Cadps2,8020.9832059398705,14831.881752321357
Cadps2,8003.856722424565,14851.15148955603
Cadps2,8033.410331040696,16569.341429195483
Cadps2,8224.686658293396,15339.355627586561
Cadps2,8216.70291273774,15342.309248758222
Cadps2,8226.907619322172,15344.522493460225
Cadps2,8243.959856236548,16883.823086088865
Cadps2,8235.149977303003,16633.605733577293
Cadps2,8286.124804066088,16660.404594649433
Cadps2,8364.817493437778,15333.087631925622
Cadps2,8365.805209219521,15337.588501262233
Cadps2,8498.487930474495,16906.5290518427
Cadps2,8515.314322500528,17091.389644879662
Cadps2,8610.691406444435,16963.014115834274
Cadps2,8650.469717777574,17005.87290150191
Cadps2,8661.02015239125,17011.617026687614
Cadps2,8665.818217219712,17130.665593114936
Cadps2,8665.537624912453,15479.88706240104
Cadps2,8668.48091314688,16898.6227157488
Cadps2,8669.11248720712,16905.794131210117
Cadps2,8689.959472467386,17224.62324698719
Cadps2,9113.78254899474,17444.73786248155
Cadps2,9114.070865404614,17466.39669454114
Cadps2,9102.072663053586,17455.829750283876
Cadps2,9377.045270737437,17437.0118185975
Cadps2,9450.266889044406,17409.248814487542
Cadps2,9445.139943820994,17546.453833610023
Cadps2,9503.821455986239,17663.02382995896
Cadps2,9628.438955081368,17645.31888747136
Cadps2,9908.938374665893,17587.353345998952
Cadps2,9926.669720326536,17609.54168343299
Cadps2,9975.260757969747,17689.022404887248
Cadps2,9986.449113384773,17676.961151909156
Cadps2,10049.685053328634,17733.305263856484
Cadps2,10041.29866471821,17734.898264891766
Cadps2,10272.174691016271,17814.38394871198
Cadps2,10395.444360659889,18089.982927405323
Cadps2,10438.191975503914,17950.075489317584
Cadps2,10765.910142406914,17866.528329096578
Cadps2,10761.537580843342,17868.16437782022
Cadps2,10765.442716578711,17865.750022203974
Cadps2,10848.95283210478,17874.981586409845
Cadps2,11169.047850516887,17783.23202235624
Cadps2,11247.866329099139,17889.597481778343
Cadps2,11331.71545208449,16895.296796892864
Cadps2,11429.806440796576,17772.887516726543
Cadps2,11481.818697088242,17751.99925065951
Cadps2,11673.067338059776,17696.072253492126
Cadps2,11664.37683174741,17708.839054337954
Cadps2,11689.788141899182,17684.18775782019
Cadps2,11713.532661473824,17610.644539430054
Cadps2,11732.464334767767,17753.83061187149
Cadps2,12182.817556914564,17640.424075561958
Cadps2,12220.408470100958,17405.7380258865
Cadps2,12293.0534841601,17263.550950081673
Cadps2,12317.132174082553,17395.05487031419
Cadps2,12500.441970522777,16960.177381130932
Cadps2,12505.046710941686,17000.77559413583
Cadps2,12521.07590815934,17055.64714519498
Cadps2,12631.740429810085,16917.35896372033
Cadps2,12671.95845216069,16978.5706242098
Cadps2,12774.756804298511,15973.470101488598
Cadps2,12773.307382130874,15993.311744012337
Cadps2,12775.416050476282,15998.748797623137
Cadps2,12774.725120557807,17087.843006239018
Cadps2,12877.92613901046,16614.226516104292
Cadps2,12946.24305314168,16531.032497268894
Cadps2,13161.672328962752,16410.453984122763
Cadps2,13158.286197035546,16399.080054789934
Cadps2,13157.206657272558,16403.953805897298
Cadps2,13345.11817339841,16870.829750854256
Cadps2,13370.780393593539,16795.822153281115
Cadps2,13386.611422900934,16799.239491354576
Calb1,6992.885163482609,14357.068408630932
Calb1,7016.362433408894,15022.880759834292
Calb1,7066.348852026068,14890.044892839327
Calb1,7053.902926592695,13782.06246770022
Calb1,7041.134308853746,14215.752852530515
Calb1,7103.500133898533,14660.190855544046
Calb1,7135.372428072528,13991.888130182017
Calb1,7140.312660455023,14907.906234307342
Calb1,7198.267763203765,15386.63984787321
Calb1,7421.4455793082625,15690.516934703575
Calb1,8386.426439062581,15340.554898146263
Calb1,8889.138015719887,17206.04807033588
Calb1,10690.542628508478,17881.408050754926
Calb1,11225.47045596578,18204.27571676328
Calb1,12188.137915113051,17837.67797669962
Calb1,12564.823400862406,17074.54734070275
Calb1,12911.484999814422,17149.82965592559
Calb2,7268.240549223954,15113.115769810285
Calb2,7294.575727533171,15321.987478615229
Calb2,7369.830847814406,15760.582980510935
Calb2,7701.4587921435905,16204.225267661213
Calb2,7902.333967294344,16291.851556957648
Calb2,8288.155022492627,16702.255947661368
Calb2,8385.844492638951,16764.75796500261
Calb2,8447.45663058023,16990.73274446858
Calb2,8834.86741552023,17260.288882412504
Calb2,8836.37570143736,17404.42784058934
Calb2,9222.073851749852,17434.380435520703
Calb2,9278.998461016137,18123.38924290183
Calb2,9280.808888720274,18096.818310421822
Calb2,9448.602393941906,16891.048928542157
Calb2,9738.356065967313,18123.899782103705
Calb2,12377.35271163816,17091.78787946236
Calb2,12686.856691368113,16959.667466989253
Calb2,12861.195617378744,16589.06652917889
Calm2,6428.171397155607,15053.595430234973
Calm2,6423.373182792445,15034.201139925726
Calm2,6460.8014342571905,15104.966120252247
Calm2,6582.446236862557,14173.007150136727
Calm2,6576.849647618419,14780.770932755557
Calm2,6594.460166576037,14690.270152553918
Calm2,6605.057188589004,14687.468363472908
Calm2,6603.950283535853,14689.003449474221
Calm2,6611.479923108876,14664.154341383915
Calm2,6624.575333505759,14097.48542163579
Calm2,6667.618705306587,15527.848147414237
Calm2,6663.298115378563,15522.330662104003
Calm2,6712.5536915667435,15395.594755884138
Calm2,6701.193405826705,15374.8730448039
Calm2,6769.98921445146,15371.757056983866
Calm2,6804.931101556042,15020.122713977291
Calm2,6790.626164634138,15035.519188113094
Calm2,6809.880956620745,15024.2857116995
Calm2,6794.653314153918,15029.340046700294
Calm2,6799.807496930495,14561.934697085004
Calm2,6798.698033539536,14529.857124974162
Calm2,6809.598981688039,14537.514923868652
Calm2,6798.701592813794,14544.931064847493
Calm2,6796.734769808461,14537.297150673294
Calm2,6801.464823592698,14528.660130389368
Calm2,6866.37145430007,14100.357390145668
Calm2,6837.117040877495,14092.495157706422
Calm2,6867.220783753418,14108.64037725973
Calm2,6838.656814023495,14115.943885828678
Calm2,6852.806326862991,14107.252086785888
Calm2,6841.795099193887,14087.511964061803
Calm2,6837.772200883788,14110.730056518249
Calm2,6839.250019297831,14095.587464900287
Calm2,6830.121771725667,14106.135196765976
Calm2,6858.489434933084,14106.82140760933
Calm2,6852.458077822471,14108.088345516364
Calm2,6854.384820031626,14091.253740925178
Calm2,6853.611819061781,14111.531585602945
Calm2,6841.4559288340515,14091.601228237694
Calm2,6840.288034252683,14121.134968330754
Calm2,6841.907233772555,14090.007039319953
Calm2,6837.897605448169,14101.256041110579
Calm2,6842.788647838089,14232.76348704855
Calm2,6854.7552076979455,14243.69339068596
Calm2,6857.648355561756,14235.627695135
Calm2,6844.185442892943,14252.531219682083
Calm2,6863.55300857129,15770.596156823849
Calm2,6860.783923690952,14482.290458649255
Calm2,6877.225580075864,14468.412988722102
Calm2,6880.723381051711,14461.465766834752
Calm2,6882.249008604662,14453.233018844432
Calm2,6870.261989284869,14481.101304153919
Calm2,6870.571987709513,14460.40608196153
Calm2,6867.267593070008,14480.4039013389
Calm2,6856.612024054989,14455.932116617314
Calm2,6880.307221854325,14488.920283301248
Calm2,6873.541805573342,14452.793674472452
Calm2,6858.977174191441,14477.9995184413
Calm2,6865.870402079193,14472.507646816797
Calm2,6872.320208557744,14321.637287063239
Calm2,6873.223909606539,14308.432187607843
Calm2,6876.84172820407,14324.286548524264
Calm2,6865.954378613855,14302.740742659587
Calm2,6874.130992708777,14356.761328801429
Calm2,6854.1115428516005,14380.546131732444
Calm2,6856.734250982395,14399.502629145187
Calm2,6874.05911229854,14385.933812852218
Calm2,6865.866874141199,14368.334704092695
Calm2,6866.930228019613,14388.9332015828
Calm2,6858.229527260803,14382.698506319104
Calm2,6865.9205220302765,14372.290173407913
Calm2,6859.093328421685,14365.309072429422
Calm2,6865.225206726405,14380.89580025658
Calm2,6876.254626525395,14367.91144814506
Calm2,6872.179079248555,14370.63380832525
Calm2,6879.5638917906435,14396.709629113464
Calm2,6862.283505242971,14374.0914053642
Calm2,6879.186341940176,14634.826975207212
Calm2,6870.153455390123,14616.827629891257
Calm2,6884.166761965368,14626.655873482365
Calm2,6884.058114031637,14619.023907610825
Calm2,6890.556359824126,14637.383707019897
Calm2,6883.565490683657,14642.84322679399
Calm2,6902.394604175479,14650.351900468857
Calm2,6876.744855105398,14641.506783846937
Calm2,6871.840717310605,14410.414960914712
Calm2,6879.551024586941,14407.598434372561
Calm2,6877.396052567417,14420.758277483412
Calm2,6873.289140215957,14425.573276623923
Calm2,6879.3828334518885,14406.948899349325
Calm2,6878.316910057093,14412.06675094697
Calm2,6889.457060655681,13983.614057612212
Calm2,6875.3939487447215,13984.311125315799
Calm2,6856.629194201273,13986.786715203278
Calm2,6887.914406613401,13992.913582204399
Calm2,6855.510983655798,13988.217418934295
Calm2,6887.268238529405,13970.917146921214
Calm2,6895.250265272973,13985.042478765898
Calm2,6879.080372419479,13982.80569656428
Calm2,6866.552814218046,13988.408383386874
Calm2,6886.836047088502,13970.308541568724
Calm2,6872.764249889524,13985.976495315925
Calm2,6878.753346929966,13967.50851325678
Calm2,6872.540587563381,14002.310282859582
Calm2,6883.84839388323,13986.783823091782
Calm2,6873.091229869007,13977.690969745196
Calm2,6891.801262419916,13974.533733960008
Calm2,6878.92303230369,13987.733455641053
Calm2,6881.915158300215,13665.769340724559
Calm2,6883.397504724187,13678.93556769551
Calm2,6871.82780190585,13671.203205490496
Calm2,6891.273833433041,14729.234970663387
Calm2,6905.069767773496,14743.571705455399
Calm2,6893.998964001775,14731.269713730664
Calm2,6888.432576433236,13763.543399971499
Calm2,6891.183780673222,14130.522722571326
Calm2,6888.186694520955,14113.045068797655
Calm2,6902.028257100896,14127.848398159602
Calm2,6893.981025234775,13897.013623479901
Calm2,6899.1361080616,13900.722676785432
Calm2,6902.917336361648,13891.307786091093
Calm2,6898.86593039452,13748.644158606021
Calm2,6893.620033861255,13743.612024569184
Calm2,6916.673470793757,13745.947825569667
Calm2,6890.021622524448,13754.42348564754
Calm2,6894.139233776444,13757.125867476541
Calm2,6898.3841641819545,13736.104259002366
Calm2,6882.930003071929,13749.276586089414
Calm2,6901.716558587252,13752.21540650079
Calm2,6909.884553636185,13752.163217612366
Calm2,6904.848435782731,13816.760628835058
Calm2,6884.333746253487,13813.880027985697
Calm2,6902.485038728308,13809.18726924903
Calm2,6901.034313712384,13800.401868604533
Calm2,6880.692554772993,14822.440869026334
Calm2,6901.3227626589,14242.179533405682
Calm2,6911.703673129774,14223.363665390174
Calm2,6893.0826939710405,14238.394626696936
Calm2,6913.8183246189765,14245.268788257164
Calm2,6885.9660653139235,14225.892041470499
Calm2,6898.033770400515,14236.808797618944
Calm2,6904.5713701912055,14233.417686099066
Calm2,6908.541753385687,14235.568017529191
Calm2,6908.995060090509,14224.482089413728
Calm2,6907.722017864106,14226.469175869297
Calm2,6898.238083726566,14214.138514087701
Calm2,6897.110439349433,14618.164368434027
Calm2,6903.247903557824,14600.749548862837
Calm2,6898.953059944403,14314.704498087487
Calm2,6901.187254241982,14307.075872417981
Calm2,6886.81636233412,14314.860475962865
Calm2,6881.769345304834,14314.808156917787
Calm2,6888.889955898279,14308.972341249357
Calm2,6886.68568550772,14313.7773415874
Calm2,6891.0885235739015,14324.737112243505
Calm2,6900.885872871041,14318.602980416637
Calm2,6878.515993276464,14308.399774002397
Calm2,6893.561836028978,14333.237973697404
Calm2,6891.999563806564,14318.911203812271
Calm2,6917.908968693735,14321.381082536434
Calm2,6896.225323760474,14328.188237089415
Calm2,6889.683314668227,14325.86904972857
Calm2,6892.381058024057,14316.317110009475
Calm2,6901.700669655386,14587.44149532109
Calm2,6896.406581510352,14576.129746921102
Calm2,6908.475336614356,14586.704654640951
Calm2,6910.564115949552,14513.16402326814
Calm2,6900.189631057336,14521.545792709243
Calm2,6890.899421722775,14515.506086285275
Calm2,6911.5566558213695,14513.727656137513
Calm2,6895.200204810019,13944.326199735224
Calm2,6915.73437204513,13934.647048210767
Calm2,6903.649975467008,13938.525086947744
Calm2,6913.665324297518,13944.112640090187
Calm2,6934.674461748072,13961.398013011885
Calm2,6905.227783866459,13960.57356415487
Calm2,6915.715906827553,13953.539321592143
Calm2,6926.132114651654,14672.547145412505
Calm2,6935.219824695876,14666.266643561323
Calm2,6912.969834827001,14664.871137677243
Calm2,6916.530721357236,14689.573698042675
Calm2,6916.577838659524,14669.65278491577
Calm2,6918.651602871652,14670.043987719924
Calm2,6906.99345228823,14664.13761867013
Calm2,6912.340241084574,14668.290455673785
Calm2,6912.678045767312,14677.849105201825
Calm2,6918.328916142366,14668.779851978443
Calm2,6922.777205689709,14668.981536441837
Calm2,6938.410407436871,14667.580108775517
Calm2,6912.998027803824,14680.932692986275
Calm2,6924.816823601078,14688.000408258933
Calm2,6923.32338878753,14665.695444878886
Calm2,6920.1996624948815,14684.896491856785
Calm2,6915.149248905534,14663.32744723705
Calm2,6912.3333631720125,14674.210832275987
Calm2,6914.040939897131,14686.089768946667
Calm2,6915.663379191777,14687.707027160897
Calm2,6911.864578856288,14680.531530745784
Calm2,6924.712712851007,14658.416165810444
Calm2,6912.787157596789,14672.327759702699
Calm2,6925.301488021238,15400.949359795608
Calm2,6918.995182877626,15384.033579662906
Calm2,6903.801099553565,13776.219037418812
Calm2,6908.780102188056,13998.757327436357
Calm2,6925.089556606653,13982.385554873217
Calm2,6932.194599344995,14369.999855823966
Calm2,6921.672060757339,14373.146895405349
Calm2,6934.724243010413,14353.397086810684
Calm2,6922.071947065638,14823.49616825309
Calm2,6926.732079340987,14826.04779842567
Calm2,6916.923500776573,14809.326678022278
Calm2,6938.153360513803,14814.198969869649
Calm2,6917.450149788399,14832.808406317476
Calm2,6934.167756490253,14621.128225589895
Calm2,6928.008305639765,14628.134313248787
Calm2,6933.488260366968,14620.84231906834
Calm2,6925.780122350658,14621.57584906921
Calm2,6935.437227570007,14193.606126961855
Calm2,6943.7123036778385,14168.093641668132
Calm2,6930.868419331958,14175.261518310848
Calm2,6916.097640838337,14188.700686823511
Calm2,6914.346777433338,14176.824470149963
Calm2,6936.901621971793,14178.326647679012
Calm2,6929.688051643818,14179.283317841373
Calm2,6939.34187961556,14178.446222786792
Calm2,6920.20751510388,14188.358308313425
Calm2,6928.949274876195,14183.2524623151
Calm2,6922.348422277191,14181.51268825499
Calm2,6919.483535536205,14184.995577127298
Calm2,6914.689618786357,14566.994091352268
Calm2,6916.872004948712,14561.61254506075
Calm2,6930.499065382016,14567.153668620325
Calm2,6937.297116657719,13668.089544941484
Calm2,6934.814117204165,13675.361534396407
Calm2,6941.408361104553,13668.045485732451
Calm2,6924.563533884601,14525.467972031285
Calm2,6944.439829135107,14510.359566357747
Calm2,6940.353204372847,14538.97205407629
Calm2,6923.027263827045,14516.720622065433
Calm2,6933.367035930632,14529.262092753946
Calm2,6924.433248807387,13917.019821026797
Calm2,6917.840350935895,13911.201561726843
Calm2,6929.708143423851,13895.954988290283
Calm2,6925.430677712402,13909.000961750151
Calm2,6920.723586032252,13910.216692567616
Calm2,6940.770654215014,13897.56576940031
Calm2,6940.519317708672,13907.895355762143
Calm2,6920.562707946095,13893.824363865791
Calm2,6924.526578053479,13909.934022374791
Calm2,6947.03451475491,13889.652054903481
Calm2,6924.240085546556,14227.425410275353
Calm2,6926.126999151262,14213.920542233545
Calm2,6931.71062686608,14240.005407656074
Calm2,6926.170119740501,14229.83859657485
Calm2,6956.033752058146,14437.820627170307
Calm2,6928.462175111676,14445.04608209659
Calm2,6963.851662991612,14461.056220668606
Calm2,6961.504604388448,14450.177069432491
Calm2,6955.00920754811,14442.476711471645
Calm2,6951.135120948193,14444.253208605202
Calm2,6953.0395053977,14438.935571014877
Calm2,6951.426436480963,14462.432800511087
Calm2,6911.7809763685955,14248.448608724098
Calm2,6938.050071852287,14243.488989958007
Calm2,6940.230694346755,14498.2710130313
Calm2,6948.182261697497,14485.483635400107
Calm2,6944.872609456202,14481.643706095943
Calm2,6936.851824169773,14485.057596002294
Calm2,6941.952316050154,14483.545421177203
Calm2,6949.47329875584,14483.690380531074
Calm2,6941.643720956482,14472.002138448906
Calm2,6945.594804891457,14481.808831092456
Calm2,6933.403560236835,14541.74837122462
Calm2,6930.754860282557,14538.576730661407
Calm2,6935.2633519978,14560.50892039021
Calm2,6925.756706849003,14558.135555151695
Calm2,6940.298652695011,13683.338135897671
Calm2,6931.291182754992,13682.85583671655
Calm2,6932.067207014699,13678.20862285477
Calm2,6952.573726651735,13744.451022469335
Calm2,6934.039474938425,13752.259779962573
Calm2,6920.661589438482,13761.804328529468
Calm2,6955.625823193938,13768.077798464434
Calm2,6948.29562840958,13762.443800621157
Calm2,6952.298458507015,14030.605743642554
Calm2,6952.113110046076,14028.054058611968
Calm2,6942.067966636043,14058.68831152972
Calm2,6952.124899743674,14053.325729743485
Calm2,6961.845746025635,14041.45281206877
Calm2,6935.376314995078,14045.587500388381
Calm2,6956.867437469534,14029.791532397778
Calm2,6952.036755553974,14023.10637085512
Calm2,6939.974009676649,14043.505115327795
Calm2,6944.231828783011,14235.61159184221
Calm2,6957.9686669641815,14253.564963738703
Calm2,6960.35873420535,14247.39358378358
Calm2,6953.3613034086675,14250.8708477191
Calm2,6968.34032251901,13768.653742873148
Calm2,6977.263827717818,13777.008607877486
Calm2,6971.788571645322,13782.974470319792
Calm2,6964.772251518317,13771.09192546749
Calm2,6971.61921690239,13786.50598543721
Calm2,6965.243326222645,13782.408567038103
Calm2,6952.7014449855815,13802.741132430514
Calm2,6951.399820969358,13799.177768172522
Calm2,6958.014664743004,13772.03223003298
Calm2,6944.857334007787,15466.278037214403
Calm2,6978.0367954618805,15461.819119374055
Calm2,6960.227158560346,15460.749315204503
Calm2,6960.570113984297,15465.741481702762
Calm2,6950.576393996544,13994.534615364902
Calm2,6965.357557349579,14521.374939112047
Calm2,6982.476304375266,14505.866053486834
Calm2,6978.490823009264,14508.113733509852
Calm2,6953.126217390426,14672.544200727765
Calm2,6958.0987073144,14676.932156491885
Calm2,6962.23861840695,14687.446004512243
Calm2,6977.01261762955,14682.242156124084
Calm2,6972.26585753568,14685.421802026585
Calm2,6969.014339613861,14678.287642461837
Calm2,6956.282059993315,14710.329808213077
Calm2,6949.695558458093,14666.093186726335
Calm2,6960.061435533765,14672.676846430988
Calm2,6973.989781011677,14690.713663445586
Calm2,6957.504173145708,14687.503684573578
Calm2,6962.883615934182,14688.906846738577
Calm2,6963.078550803146,14534.113718279586
Calm2,6946.67746896805,14563.083526777247
Calm2,6948.556115143126,14534.554914931778
Calm2,6968.6503007641795,14543.211525618564
Calm2,6944.907562591604,14551.703321987632
Calm2,6985.997492603612,14640.283278539675
Calm2,6958.318068267686,14652.773045805567
Calm2,6980.732875292343,14634.169172560494
Calm2,6963.689558922697,14868.041302180323
Calm2,6969.1125640217415,14861.628167946174
Calm2,6962.238876346795,14881.522777581182
Calm2,6959.3652368263265,14868.379749168085
Calm2,6966.215838182329,14873.697563475414
Calm2,6967.561350989572,14866.159228266106
Calm2,6967.656654485527,14862.897056929869
Calm2,6948.019438597328,14873.650413196914
Calm2,6959.693874260577,14866.538386882929
Calm2,6952.658903751956,14870.121330242922
Calm2,6960.065988794838,14866.899334305634
Calm2,6959.02848385459,14881.10852285516
Calm2,6976.573937430038,14297.143752908034
Calm2,6952.003240237352,14574.050375081868
Calm2,6959.666096729514,14564.404201193127
Calm2,6981.971756073289,14567.888338461384
Calm2,6970.406895569115,14578.694274124597
Calm2,6971.936304154874,13737.323571175655
Calm2,6975.472089966131,13765.13173701463
Calm2,6974.515433759017,13755.142043503736
Calm2,6986.927673741636,13752.760388017085
Calm2,6960.640931223646,13741.888419504714
Calm2,6981.575937810858,13763.94646038626
Calm2,6972.399148981181,13838.561644345966
Calm2,6954.318483618727,13849.790274597304
Calm2,6975.072404528225,13832.909000442462
Calm2,6966.05749243503,13843.605304437064
Calm2,6969.2979284930225,13825.454358149662
Calm2,6974.405124635461,13837.051710916969
Calm2,6973.071610399299,13829.929652522285
Calm2,6969.517199389885,13833.13526048931
Calm2,6964.149166984411,13852.170579081227
Calm2,6976.524895673063,13823.739689891614
Calm2,6966.492398607909,13838.697138549804
Calm2,6969.782530497156,13832.452466473489
Calm2,6967.829738302425,13838.55735048505
Calm2,6977.260787915983,13828.75320485007
Calm2,6969.342837428035,13984.134791717535
Calm2,6956.096893154447,13978.467812106372
Calm2,6979.054192865259,13974.250606676522
Calm2,6977.692659682005,14130.134362878413
Calm2,6969.557967063987,14121.23838966267
Calm2,6988.422817072477,14117.360737843075
Calm2,6967.870389658076,14122.649209285084
Calm2,6980.103806747183,14117.044700448068
Calm2,6976.81781118867,14130.26204275462
Calm2,6977.039440589756,14143.134952362803
Calm2,6970.583709376368,14119.763004766099
Calm2,6961.468903015326,14136.78545507762
Calm2,6974.701550869381,14117.135404772533
Calm2,6953.343291516087,14131.095332684557
Calm2,6971.067950282595,14125.501528895864
Calm2,6967.242399129033,14126.771565179324
Calm2,6961.104976756088,14132.709744402096
Calm2,6951.077897448573,14127.83379580371
Calm2,6963.318454585754,14138.941353447317
Calm2,6979.337263656922,14483.37326397195
Calm2,6975.568127711895,14469.75693647031
Calm2,6980.869241468839,14733.094205743257
Calm2,6981.391855855084,14733.300075892079
Calm2,6979.867312126741,14106.209686637723
Calm2,6957.363663709906,14097.222609498824
Calm2,6976.332405322319,14107.21283176544
Calm2,6969.775824972824,14402.988373458636
Calm2,6954.776544274291,14404.775163080976
Calm2,6966.726426322098,14394.283130923634
Calm2,6966.61386270214,14414.78683773538
Calm2,6991.238906853433,14096.019928027357
Calm2,6978.980715913144,14096.746022090527
Calm2,6991.607237753132,14106.198879857226
Calm2,6996.665825416749,14092.66205553684
Calm2,6988.99660294528,14082.01106998431
Calm2,6981.201235237411,14113.124101280673
Calm2,7011.8332646008375,14105.480609972328
Calm2,6984.342547006849,14106.297459491054
Calm2,6984.582523740956,14091.557151545967
Calm2,6985.169555534935,14084.96827622595
Calm2,7008.52007958093,14102.580143863108
Calm2,6981.249849146371,14090.074654788283
Calm2,6973.893928165086,14251.44066568344
Calm2,6987.459679486406,14288.51693813382
Calm2,7002.685323593965,14271.547031000906
Calm2,6981.085424741172,14281.395842690945
Calm2,6978.553264935284,14837.09532453989
Calm2,6984.666508521606,14850.986143140817
Calm2,6992.409435532482,14833.901631677607
Calm2,6969.50799778045,15198.2215571914
Calm2,6986.145151442887,15203.900818786435
Calm2,6990.705623892065,15197.277468541864
Calm2,6980.915778152118,13959.198849285702
Calm2,6966.778265072147,13954.477605708209
Calm2,6982.686236453506,13969.697754892253
Calm2,6969.816558592692,14810.661844226766
Calm2,6980.429966779794,14842.74363847464
Calm2,6990.28435724501,14828.427522046213
Calm2,6966.9450839762285,14825.608376913571
Calm2,6990.3993708609905,14832.878436143943
Calm2,6986.971873651541,14816.738981479659
Calm2,6968.908177194418,14824.06462449878
Calm2,6985.064851398055,14412.612053635055
Calm2,6985.314163645554,14415.532493222823
Calm2,6986.251868690489,14563.999941531512
Calm2,6996.00696747841,14565.682365028908
Calm2,6982.834478251758,14557.015146733094
Calm2,6990.194254030881,13895.220183478134
Calm2,6979.418468794825,13880.572486674238
Calm2,6991.433854370812,13863.821213263669
Calm2,6999.558370619172,13679.892075839922
Calm2,6994.45825970441,13679.720679277767
Calm2,7009.0301681414985,13696.225687535392
Calm2,6984.928147954698,13675.367319765624
Calm2,7007.791965749393,14229.054110060562
Calm2,6996.567746548702,14240.997159596871
Calm2,6991.749769937222,14233.617761445765
Calm2,6983.108400504276,14238.58515737723
Calm2,6989.582790162071,14233.946664207533
Calm2,6991.287157377049,14211.920415188939
Calm2,6998.538473544701,14232.820697459381
Calm2,6979.277737891524,14238.40633780491
Calm2,6997.014863913475,13924.202656262663
Calm2,6987.145673274699,13901.933339763633
Calm2,7005.033810547138,13907.932661827968
Calm2,6991.4691731634075,13923.16556580076
Calm2,6992.0636084781045,13927.861448100259
Calm2,6978.868131518576,13914.946748806322
Calm2,6979.478227103796,14194.690505961391
Calm2,6988.620522302416,14192.254683835468
Calm2,6980.773101996148,14180.954256870422
Calm2,6995.274205327568,14177.989537635513
Calm2,6999.409225601439,14182.626479611348
Calm2,6979.702781849782,14190.316906484199
Calm2,6999.121138195239,14176.187185124048
Calm2,6978.768070015044,14182.040515302402
Calm2,6988.921532245001,14187.99698147008
Calm2,6990.60980877116,14446.5112874027
Calm2,7003.544278267061,14433.980213263665
Calm2,6995.991573768161,14448.051700953256
Calm2,7000.321765168439,14574.826644749246
Calm2,7002.630620856819,14579.508990273778
Calm2,7015.499383856146,14571.47579109722
Calm2,6989.939742320052,14791.069545229875
Calm2,6999.616424491115,14809.335941610865
Calm2,7001.898012567704,14779.109071551728
Calm2,6980.971415107548,14805.816390730024
Calm2,6986.338498377009,14886.989765640401
Calm2,7014.33307553467,14873.220281929212
Calm2,7006.110645362664,14886.537950245272
Calm2,7013.235118864208,14888.3842148265
Calm2,6999.155383202637,14882.647550646558
Calm2,7004.873413970181,14865.16372558095
Calm2,6991.148353343352,14208.875065399678
Calm2,6982.181896866944,14206.74876416526
Calm2,6993.427953127126,14200.35667854546
Calm2,7000.19599980942,14198.722961068828
Calm2,6988.968694311662,14813.391008586985
Calm2,6991.598763676305,14832.466035817244
Calm2,6982.45173877657,14822.133325743252
Calm2,7009.880120931555,14362.326457636165
Calm2,6989.538025222188,14356.84424005952
Calm2,6993.754160685481,14346.257686928147
Calm2,6984.55154747267,14353.839752802245
Calm2,6996.115406912098,14366.527251582389
Calm2,7000.441896147538,14364.155961727787
Calm2,6982.399593946266,14371.376511317541
Calm2,7000.600786749103,14368.796237602444
Calm2,6986.866794101829,14364.714728987727
Calm2,6993.614862728192,14367.210995472225
Calm2,7000.876575920431,14366.540206126143
Calm2,7008.0257269050835,14362.986717391112
Calm2,7006.169580721132,14199.98397024351
Calm2,7013.435441503697,14199.464210117269
Calm2,7016.453373833683,14204.006587916754
Calm2,7013.468933140365,14192.406114039293
Calm2,7002.4702363842125,13674.19858634013
Calm2,7016.006269566509,13685.076936314535
Calm2,6999.977295111338,13677.8463687728
Calm2,7002.741155224251,13994.89743879624
Calm2,6997.909181630994,13984.741079171898
Calm2,7010.275167166853,13983.88424658053
Calm2,7011.332041099385,13997.494125570922
Calm2,7007.505045220124,13998.772857510778
Calm2,7019.316278503363,14013.691020350738
Calm2,7001.422929305702,13998.881113695896
Calm2,6991.913795753055,14001.297719894215
Calm2,7010.711356387636,13994.190326158845
Calm2,6996.848385219841,13709.042450873854
Calm2,7007.401161584266,13704.445426014145
Calm2,7012.762967609739,13700.499242796564
Calm2,7007.319057527063,13694.750121547831
Calm2,7016.0869101136805,13702.238301455838
Calm2,7009.824515827357,13703.317647130552
Calm2,7014.244841566328,15006.646535045606
Calm2,7010.614670640336,15016.519341625923
Calm2,7006.237575826157,15018.266237595592
Calm2,7030.763762161855,15018.56905461735
Calm2,7004.978564169516,15009.016145034273
Calm2,6994.906404437223,16094.66270237489
Calm2,7019.104693957303,16107.126729965457
Calm2,7015.093329953568,14537.555703719287
Calm2,7007.587623838507,14536.194286298543
Calm2,7010.439105159193,14534.037902275764
Calm2,7002.5138733251315,14047.895406029058
Calm2,7000.906252866103,14040.130538007972
Calm2,7010.572258860127,14048.265039797241
Calm2,7003.885364737923,14046.314495445531
Calm2,7018.746070454937,14038.185438859413
Calm2,7004.124331777534,14054.610824985872
Calm2,7010.232432482508,14741.59981715185
Calm2,7030.624910452691,14742.93193165045
Calm2,7010.947080594661,14736.600587089442
Calm2,7008.686371756497,14733.666337442366
Calm2,7031.176292300698,14015.507297669563
Calm2,7023.580671625271,14008.627072442361
Calm2,7000.387032420992,13998.959273873961
Calm2,7020.762661965399,14020.87932406185
Calm2,7029.94350795022,14014.197685331272
Calm2,7024.83544863246,14331.949443734955
Calm2,7014.264221740696,14312.366744261355
Calm2,7009.4774012754615,14317.789550072916
Calm2,7035.692698972503,14335.157661395198
Calm2,7024.36364262662,14331.88882659065
Calm2,7024.496616718382,14334.483035040877
Calm2,7042.0427585473635,14441.424445042494
Calm2,7036.738704508871,14419.16112117916
Calm2,7038.103974746081,14436.872926887007
Calm2,7041.076683337242,14432.131529849406
Calm2,7026.305316952866,14050.2516582577
Calm2,7009.8535594706445,14067.116326608333
Calm2,7010.196413290521,14072.545042227011
Calm2,7021.0287208856735,14527.574701325197
Calm2,7032.409189787496,14529.708187255444
Calm2,7008.93313257631,14520.293091523603
Calm2,7003.050818666753,14505.652383262848
Calm2,7010.357308113098,14505.173847370781
Calm2,7019.077033832802,14497.575830675907
Calm2,7024.466392389233,14510.941065638382
Calm2,7021.400569062369,14505.377407625527
Calm2,7017.010881898995,14638.89247010595
Calm2,7048.440013908644,14637.062244388815
Calm2,7025.352251597535,14648.471716541231
Calm2,7039.048788690949,14559.302530158993
Calm2,7025.509804021339,14556.194250021845
Calm2,7035.222037908989,14574.991576159986
Calm2,7047.507106306261,14551.465135539851
Calm2,7032.705514859095,14578.903081059723
Calm2,7046.201781863197,14568.110879479045
Calm2,7046.9386569317485,14559.373126136436
Calm2,7032.235484080236,14885.186388428116
Calm2,7021.165071673456,13892.608791619325
Calm2,7009.184075298576,13866.232190968149
Calm2,7029.465501065035,13871.704594624696
Calm2,7018.739720320927,13863.610975838492
Calm2,7025.16209250951,13876.165730107152
Calm2,7035.24388445063,13872.262506187875
Calm2,7023.902058545713,13876.891923514495
Calm2,7013.102786414261,13887.92896961241
Calm2,7033.732087808135,13878.123347823715
Calm2,7006.454647301932,13848.804709863689
Calm2,7004.949505613934,13879.169495208176
Calm2,7023.8214080573625,13868.532701605694
Calm2,7018.079335957257,13862.102630713254
Calm2,7012.034830160936,13866.132213662651
Calm2,7015.06356562845,13875.918523463159
Calm2,7018.2552644817015,14081.29476547083
Calm2,7043.196583760086,14079.22861753258
Calm2,7040.084927447902,14087.778912854983
Calm2,7045.875706872334,14065.207258715729
Calm2,7020.474831257715,14088.300658093314
Calm2,7038.073981598775,14073.184477901055
Calm2,7023.19267446852,14858.911526804835
Calm2,7017.168988411415,14882.240863618015
Calm2,7015.637278231536,14856.766745417564
Calm2,7036.828941555766,14733.395986410353
Calm2,7030.035279288809,14732.598210747115
Calm2,7032.260084596372,14761.46618859739
Calm2,7059.48164704383,14949.678908991893
Calm2,7049.896079876236,14964.268296186736
Calm2,7034.797148105826,14950.683907206425
Calm2,7037.53639799873,14948.976913329805
Calm2,7035.244850614429,14942.299505361254
Calm2,7028.883353524933,14953.672732562982
Calm2,7041.032889460527,14946.092940861807
Calm2,7039.694966542076,14949.340387056904
Calm2,7038.882460962932,14945.799274858538
Calm2,7027.236565253175,14945.633620208855
Calm2,7038.644539723397,14947.373315181423
Calm2,7058.100037141138,14955.838152248789
Calm2,7041.452067295029,14962.964964074117
Calm2,7023.468161495041,14956.483736220645
Calm2,7051.188322282965,14964.46737758267
Calm2,7030.23379303025,14947.521279118591
Calm2,7041.5978133824565,14948.005556749176
Calm2,7055.5593833740895,14967.776204777774
Calm2,7027.182112737857,14972.260096668575
Calm2,7050.037889707331,14970.111715554087
Calm2,7024.975130111514,15055.084682681463
Calm2,7029.859716120742,15060.675270090398
Calm2,7026.804511979956,15051.917808529908
Calm2,7041.83832282265,15056.850688758886
Calm2,7026.909274076312,15048.410495926591
Calm2,7021.890766201939,15042.237880061464
Calm2,7031.6858480583105,15044.836014079932
Calm2,7043.687584307748,14008.375845283315
Calm2,7048.863530857415,13989.401602825934
Calm2,7030.824233760697,13999.162821702399
Calm2,7042.617798439526,14261.60272551996
Calm2,7038.973264522246,14257.345778393088
Calm2,7042.509106459928,14279.360117166303
Calm2,7033.919474702876,14268.604160891775
Calm2,7044.7742702100695,14267.802068120967
Calm2,7042.291971683674,14272.942817711342
Calm2,7034.715264965621,14272.445369428882
Calm2,7056.4639259710375,14271.761350286963
Calm2,7049.98589564046,14501.235261324766
Calm2,7031.764053574364,14498.667178588084
Calm2,7044.589757039436,14501.292725139903
Calm2,7037.26465322832,13681.283388462747
Calm2,7032.057755932966,13686.914823951609
Calm2,7034.611310219402,13694.34640202196
Calm2,7032.602962771375,13683.23264658085
Calm2,7024.8733072983705,13678.266691426445
Calm2,7021.154201772145,13677.839146220005
Calm2,7043.276302942616,14764.169377713588
Calm2,7033.681179470121,14779.693882007821
Calm2,7040.232755514926,14361.939059783002
Calm2,7051.948342324507,14365.196810136675
Calm2,7034.241956387104,14370.43170107478
Calm2,7040.755667405075,14366.19369530079
Calm2,7032.701844593771,14355.856566692099
Calm2,7037.8032613073765,14354.776379675339
Calm2,7049.361818384454,14832.183225562942
Calm2,7041.31746263186,14818.467971072198
Calm2,7064.534329952516,14821.25160352803
Calm2,7051.273201291586,14884.79800354708
Calm2,7046.915277262812,14894.120271722446
Calm2,7048.425594978095,14893.216551241872
Calm2,7062.107409950464,14895.375971845508
Calm2,7046.012751797781,14883.372356503733
Calm2,7054.650361202443,14902.011939642784
Calm2,7036.91372124539,14896.178383817638
Calm2,7050.2263953062,14876.787260144894
Calm2,7036.887566694148,14871.263925618461
Calm2,7053.003177398824,13973.948122087992
Calm2,7040.985609456731,13983.460809890315
Calm2,7063.465520067615,13832.335284867328
Calm2,7035.200271334403,13769.707198741211
Calm2,7049.965990746304,13772.502107898687
Calm2,7024.683556413954,13792.22134882561
Calm2,7055.95895962907,13790.488583080149
Calm2,7043.722260804988,13785.33565812893
Calm2,7043.705157317218,13772.893813870367
Calm2,7041.320769036034,13784.128452906381
Calm2,7040.9020401886055,13792.384440017513
Calm2,7038.806959587492,13781.841951275284
Calm2,7061.074001043362,14187.352232599127
Calm2,7053.438894441718,14188.174349636292
Calm2,7051.699300804702,14203.747377802485
Calm2,7058.842136606392,14194.252409703256
Calm2,7060.575651413358,14205.556986973243
Calm2,7056.977694420681,13741.045640163244
Calm2,7055.531680843618,13725.76530572849
Calm2,7052.000863576838,13724.916231790176
Calm2,7050.739220076307,13717.330189342438
Calm2,7040.118975147646,13728.849887135992
Calm2,7059.496014378215,13731.803187111165
Calm2,7050.840481918161,13731.472109081182
Calm2,7057.838826823347,13731.636727660198
Calm2,7062.381220805158,13730.68335321123
Calm2,7058.36991981496,13724.20332433187
Calm2,7078.189779826645,13725.051915227394
Calm2,7066.755690489908,13733.079361405493
Calm2,7051.139930782962,13728.834696060414
Calm2,7052.2928620241255,14061.729178674263
Calm2,7063.168665723124,14055.59865380964
Calm2,7067.301594835003,14051.45500216082
Calm2,7071.827756543559,14057.889338836665
Calm2,7061.357044441169,14057.788371634027
Calm2,7070.22806937285,14050.78310231889
Calm2,7069.445596837236,14046.898853304285
Calm2,7051.1383181362735,14282.137146054143
Calm2,7046.248564044299,14290.639321716013
Calm2,7051.260852347206,14283.503773981247
Calm2,7051.689473987461,14272.393013219604
Calm2,7053.835516787069,14300.23184403301
Calm2,7050.533718762922,14772.796299445663
Calm2,7050.164868279529,14784.398958829877
Calm2,7058.305067726192,13910.650523595255
Calm2,7044.574340478417,13908.147431242382
Calm2,7066.345901587566,13911.357694914785
Calm2,7047.072970938184,13902.416790177007
Calm2,7055.291353600516,13909.977763064267
Calm2,7067.28664923225,15492.860411912776
Calm2,7067.077042641883,15519.471821532568
Calm2,7055.47061806881,15492.127958154082
Calm2,7057.613335281644,14930.549249180756
Calm2,7072.085504816923,14900.545744918434
Calm2,7056.5446088432645,14925.119198556766
Calm2,7079.947529905449,14243.18324677257
Calm2,7070.043396567618,14224.78113105141
Calm2,7082.488224660953,14254.754308442607
Calm2,7066.985006873546,14229.81843573413
Calm2,7067.80539087277,14248.933761579116
Calm2,7071.44707723522,14236.261356504403
Calm2,7079.123675643786,14246.16416943722
Calm2,7068.682314094395,14240.832471785068
Calm2,7069.725388957005,14243.905441096023
Calm2,7060.734347286033,14804.639444911174
Calm2,7054.667705771612,13773.01932829993
Calm2,7065.684745733845,13775.985004815517
Calm2,7082.217190467825,13784.42833840978
Calm2,7060.335874113635,14373.626519705173
Calm2,7055.373181700115,14385.742774712053
Calm2,7054.870329498446,14382.399657086355
Calm2,7057.285259242895,14452.784314665867
Calm2,7061.714494512574,14493.008753431375
Calm2,7075.999174179564,14506.235097641593
Calm2,7059.819582100848,14500.218209645911
Calm2,7079.758436250914,14548.9334369909
Calm2,7074.151786169583,14563.731726614444
Calm2,7076.542195167465,14555.80226725129
Calm2,7070.0168500554,14560.292180369277
Calm2,7061.655562614738,14568.28979970932
Calm2,7065.714632858475,14553.013983394058
Calm2,7056.005093967427,14773.091487614827
Calm2,7054.1511312921875,14777.817214154378
Calm2,7036.6847582011915,14755.385965516056
Calm2,7045.750794974527,14764.301207441387
Calm2,7053.179676397153,14772.071625483904
Calm2,7053.902496512762,14763.957494681317
Calm2,7066.893500118183,14369.905812481822
Calm2,7068.530904018978,14356.03945500212
Calm2,7062.666961217049,14369.36869848982
Calm2,7052.311738589258,14364.444703602363
Calm2,7063.06485439099,14426.297868294689
Calm2,7059.158120989801,14415.462056824286
Calm2,7072.287795463195,14417.117921558069
Calm2,7069.602971096041,14419.26921864034
Calm2,7067.52137627798,14417.348696607984
Calm2,7077.387288776041,14332.580546238936
Calm2,7086.176905522719,14325.642909560667
Calm2,7077.561418606184,14320.216194406436
Calm2,7066.790491845309,14315.08986476692
Calm2,7077.76027663105,14333.700317313285
Calm2,7074.81665924196,14322.917778135527
Calm2,7078.385792341101,14337.390692508943
Calm2,7080.977413080187,14317.134090477839
Calm2,7078.128268764022,14336.798171089255
Calm2,7075.996612869019,14326.657233708784
Calm2,7084.5596786324895,14325.030682287434
Calm2,7062.993603427209,14313.341483219216
Calm2,7077.373897544405,14330.904109950437
Calm2,7067.7014662713755,14704.400877266717
Calm2,7081.245728084789,14720.248748451233
Calm2,7072.390158079279,14725.831170014038
Calm2,7055.501855259846,14718.053418322537
Calm2,7083.926104118861,14722.205103768658
Calm2,7080.50718829518,14717.377389421496
Calm2,7079.2681975161,14707.798897506249
Calm2,7074.109303537162,14717.843385033382
Calm2,7081.575341560895,14710.675611446142
Calm2,7066.534867219155,14723.3271315397
Calm2,7083.875813422937,14713.44924858467
Calm2,7075.89647394447,14698.375510712876
Calm2,7050.205506344465,13812.104731168974
Calm2,7063.056645862948,13812.538366887797
Calm2,7040.224899174431,13818.199796067429
Calm2,7063.486726228048,13807.521942837044
Calm2,7073.067077256217,13792.746217092072
Calm2,7055.23551174403,13796.283875370034
Calm2,7070.9564780721885,13971.761860008815
Calm2,7075.25161508249,13966.29430677455
Calm2,7092.534353204461,13968.071476971732
Calm2,7091.109474673997,13993.36987083228
Calm2,7074.695297671771,13980.431636831783
Calm2,7079.667736867742,13989.738097908195
Calm2,7079.477521776475,13968.906289613737
Calm2,7066.45970943574,13985.272190625543
Calm2,7074.747212706229,13978.131560736827
Calm2,7087.214065715052,13979.353936616879
Calm2,7093.402992320927,13977.965124968458
Calm2,7086.1036733177425,13962.463507107761
Calm2,7090.06251095025,13975.917563549716
Calm2,7087.874628205644,13986.213020381148
Calm2,7058.177506476901,13992.07815238322
Calm2,7078.678816599824,14469.672496917252
Calm2,7075.7722435320675,14475.997796591751
Calm2,7064.471208933274,14473.320518691455
Calm2,7089.001217466101,14483.93289225925
Calm2,7080.4803020830705,14479.164627357983
Calm2,7093.682419256603,14478.9904384818
Calm2,7068.052509988599,13899.430430199398
Calm2,7071.990686628595,13909.103796530111
Calm2,7065.019078615782,13905.595493784149
Calm2,7058.344757860267,13905.275042577612
Calm2,7077.155065025355,13903.770475194055
Calm2,7067.873864740207,13906.748583649101
Calm2,7077.488824915226,13933.167102759626
Calm2,7071.489758478875,13943.503664017893
Calm2,7084.513091829492,13949.909158279279
Calm2,7063.878307065288,13956.44509616322
Calm2,7068.0052815197505,13928.949661017163
Calm2,7072.118355684287,13929.544550359582
Calm2,7085.874623948981,13945.317721605074
Calm2,7069.052968727959,13926.439288635775
Calm2,7084.135070516175,14862.974875376882
Calm2,7087.90139927349,14860.184018703649
Calm2,7074.021931141127,14863.95797564418
Calm2,7088.966672192293,14130.783148768725
Calm2,7074.99309375687,14124.25136532702
Calm2,7073.607910603435,14117.534914798205
Calm2,7089.71637024223,14137.348073993478
Calm2,7087.749976098515,14104.197479211049
Calm2,7084.972355056101,14134.4742238898
Calm2,7093.173421318374,14141.04225593184
Calm2,7076.030563298391,14142.126084671918
Calm2,7085.569947873656,14130.91589751268
Calm2,7078.5058391416815,14382.841307549023
Calm2,7068.915867228713,14378.994025902453
Calm2,7075.58491598346,14979.33406690077
Calm2,7063.265495064901,14991.803060212227
Calm2,7080.08729101611,15011.683948858159
Calm2,7071.40981541029,15008.16606606299
Calm2,7067.633268324177,14986.149596732097
Calm2,7080.399272819001,15008.26769546423
Calm2,7086.482430218355,14996.191178383106
Calm2,7083.635201169951,14995.692587057223
Calm2,7084.187907212407,14997.328807052612
Calm2,7085.077724217926,14999.666467575556
Calm2,7074.796248827162,15009.533281794342
Calm2,7084.391650864117,15003.785422988787
Calm2,7072.573422153463,14997.795490344914
Calm2,7072.841529177072,15001.497229740879
Calm2,7070.893814686337,14989.577835291842
Calm2,7075.98633961791,14984.300201432432
Calm2,7085.643636961319,14989.240015407177
Calm2,7104.776568330035,15003.702414602709
Calm2,7083.804508137673,14921.322210858933
Calm2,7058.545597223086,14924.320772130808
Calm2,7074.758510100912,14931.699631002484
Calm2,7096.321157747262,16001.815503983706
Calm2,7086.561854422921,16011.484966304872
Calm2,7087.960563257446,14816.374335390843
Calm2,7083.222875561986,14628.659027625927
Calm2,7102.4062823694685,14645.798887765912
Calm2,7097.518987080456,14634.403573861955
Calm2,7101.085663786297,14640.712508696268
Calm2,7103.8282711184975,14633.453141909571
Calm2,7082.961347057459,14628.255187764993
Calm2,7099.358775824784,13713.693642622586
Calm2,7097.356275694863,13725.307612193921
Calm2,7086.68783860007,13709.386381060196
Calm2,7101.396154258514,13712.108484934592
Calm2,7119.090876447648,13700.112291878691
Calm2,7093.870093468879,13716.336691073318
Calm2,7084.447600083661,13704.330216457081
Calm2,7100.284573659741,13708.65147594493
Calm2,7097.704773755373,15144.526799618177
Calm2,7087.1466654057585,15150.81233365826
Calm2,7094.499712567649,15153.534595203984
Calm2,7100.882451540025,14162.220079018416
Calm2,7107.031700822617,14156.506772687571
Calm2,7104.840230925344,14176.194725779409
Calm2,7105.367676804818,14180.95464002273
Calm2,7085.559605701475,14168.91479990337
Calm2,7102.73063990219,14170.7487802663
Calm2,7074.918779489999,13860.478346712534
Calm2,7094.762640557767,13867.279483968048
Calm2,7117.808503476521,13870.65828680194
Calm2,7101.577915331598,13804.930737868928
Calm2,7110.387644681569,13819.817993046943
Calm2,7097.9718009290145,13812.663967633465
Calm2,7114.209518760231,13810.589488897946
Calm2,7111.790094381523,13816.846476838602
Calm2,7108.887611510788,13812.77128571155
Calm2,7103.296707422066,13800.01684550381
Calm2,7103.68450845132,13801.118278425081
Calm2,7118.128724950669,13822.947532982811
Calm2,7103.483350787806,13811.013915712061
Calm2,7108.526227494563,13805.07756635745
Calm2,7089.531972427487,13800.837594212477
Calm2,7114.067238439761,13810.413449045982
Calm2,7113.389575690187,14497.848834186298
Calm2,7098.284656663337,14509.98910115727
Calm2,7111.767395950745,14522.475262659715
Calm2,7102.630051844054,14779.44244998633
Calm2,7097.338368997644,14778.21159109726
Calm2,7097.286837659313,14915.464441775508
Calm2,7111.561957876601,14904.915209044691
Calm2,7120.904548328889,14913.944197724984
Calm2,7117.356582501064,14898.964759868366
Calm2,7119.225195140342,14906.352050820926
Calm2,7108.799522784515,14914.626729967824
Calm2,7092.505198351309,14906.037041499472
Calm2,7111.180508543282,14915.888182762505
Calm2,7115.025681658841,14939.174918701097
Calm2,7099.557619700982,14917.175495580419
Calm2,7102.287375198202,14916.10387286901
Calm2,7128.960714767464,14912.13724185903
Calm2,7102.443030265906,14912.91422463248
Calm2,7117.277018615311,13885.628076546836
Calm2,7112.671034846255,13902.693279648542
Calm2,7104.086745049947,13899.502436327588
Calm2,7113.490159484649,13886.705643135198
Calm2,7113.924876503545,13901.370964539627
Calm2,7099.325069078196,13896.824103037876
Calm2,7110.402224725672,14419.155938613372
Calm2,7093.9418477314175,14421.495809358123
Calm2,7103.633195305681,14438.762232840496
Calm2,7100.653846235289,14424.07673747885
Calm2,7105.637129708381,14419.180562372578
Calm2,7102.8957015289325,14424.277510491222
Calm2,7100.315998312011,14417.246590731074
Calm2,7104.4191583332495,14422.092460308246
Calm2,7080.5088309211515,14433.888709070065
Calm2,7103.755131754422,14433.490252635023
Calm2,7101.702305650743,14422.573309749152
Calm2,7092.449016673749,14428.02267654935
Calm2,7103.205442538724,14425.352812346047
Calm2,7089.925457029258,14429.883406382985
Calm2,7111.286367634559,14422.284997522345
Calm2,7117.047064244539,14430.032809862534
Calm2,7102.909415862631,14412.805354465043
Calm2,7117.926453388796,14813.453638433923
Calm2,7097.167205725426,14846.19732158292
Calm2,7103.918583729297,14806.852369677055
Calm2,7114.4592931658235,13747.226754660844
Calm2,7127.221551890903,13747.11457057478
Calm2,7108.148048699562,13758.893697297483
Calm2,7117.801588573436,13758.481165563147
Calm2,7113.679764409521,13756.605786237013
Calm2,7111.161865052585,13769.028014872702
Calm2,7119.864019360256,13763.697550718663
Calm2,7130.541457660224,14938.17621266316
Calm2,7123.839526465834,14933.809070873676
Calm2,7112.66753774419,14943.942523801843
Calm2,7120.748052165198,14928.960172683495
Calm2,7118.804302635138,14924.708161773236
Calm2,7120.365566789193,14939.8028648187
Calm2,7124.892232587928,14947.444795354912
Calm2,7121.293846980336,14943.322685770612
Calm2,7129.027789279426,14945.314046759291
Calm2,7122.7011257236045,14931.651209187448
Calm2,7118.291151944287,14953.373324269
Calm2,7133.080556645915,14944.448953442545
Calm2,7123.45482400781,14923.433742191768
Calm2,7125.694259352623,14929.255626648828
Calm2,7123.4492677919325,14928.342954405298
Calm2,7117.489055225615,13789.892894374298
Calm2,7108.9002479615465,13775.863290008898
Calm2,7113.215225811462,13779.684626858014
Calm2,7129.729155904338,14698.93576566109
Calm2,7106.214531670403,14699.167340796861
Calm2,7120.440945388738,14695.19713787664
Calm2,7121.5250109800245,14682.877614158077
Calm2,7118.607997753963,14674.331090554686
Calm2,7119.947526279252,14681.533111722763
Calm2,7125.562017161187,14696.588086704702
Calm2,7118.282993848333,14684.670585278956
Calm2,7122.851838456723,14686.28289079787
Calm2,7104.133605503743,14678.688000413695
Calm2,7117.095560423807,14684.082092470264
Calm2,7099.113609641675,14676.364650556849
Calm2,7126.000080930189,14669.540488897694
Calm2,7114.680936458673,14690.28181918124
Calm2,7125.565722127481,14687.791420986614
Calm2,7122.276480375441,15129.652503535735
Calm2,7108.440985968223,15115.382319785951
Calm2,7113.659610593212,15136.459109148152
Calm2,7120.201740562103,15126.01303226046
Calm2,7109.483274085056,14987.883242976775
Calm2,7140.783427123171,14993.396290604993
Calm2,7122.865887875274,15000.275592259448
Calm2,7125.120531418603,14966.527090529236
Calm2,7133.390152401304,14983.096515998563
Calm2,7121.540506002548,14984.259486935845
Calm2,7132.530595993919,14978.193320638373
Calm2,7130.575302988991,14987.875150764661
Calm2,7137.480147113558,14983.60856939891
Calm2,7128.965781359198,14995.549916651244
Calm2,7123.226283550713,14990.449546356105
Calm2,7129.836806308877,14987.06389271495
Calm2,7135.119316044327,15026.34470075598
Calm2,7126.954691090464,15019.10489528398
Calm2,7115.09442687987,15011.343178460842
Calm2,7127.784816808159,15027.91772543563
Calm2,7115.427923178891,15038.404030572685
Calm2,7114.678489947541,15031.76530347484
Calm2,7125.893881212644,15053.076289225774
Calm2,7132.367413766117,15040.618093752242
Calm2,7113.498580211,15037.425084346876
Calm2,7111.798604140893,15031.426337980873
Calm2,7111.009518515636,15027.192473791882
Calm2,7127.525966068442,15051.27711497007
Calm2,7129.937116494935,13860.325294022254
Calm2,7133.100547131946,13853.406920898453
Calm2,7122.1169507752475,13840.642247081538
Calm2,7125.9090599401925,13855.280448701407
Calm2,7119.399133897739,13858.91083010368
Calm2,7130.554149806001,13866.014562715476
Calm2,7125.678969730914,13857.873530877097
Calm2,7129.489787208999,13858.17010503727
Calm2,7129.609855364868,13878.902945107182
Calm2,7134.531717920066,15269.495614965917
Calm2,7122.229079918747,15273.408399155807
Calm2,7123.855320303934,15254.913374828364
Calm2,7137.306752882037,15273.781543409334
Calm2,7123.175081162133,15253.193424036934
Calm2,7125.246445339431,15259.341995809154
Calm2,7116.0388129512985,15257.920946111004
Calm2,7107.661620760629,15266.154869553777
Calm2,7119.948644607937,15253.0319484116
Calm2,7133.728040752756,15248.666742113764
Calm2,7127.68837277773,15254.497129396132
Calm2,7117.988982211026,15245.33588638661
Calm2,7123.8361421267455,15259.08632203415
Calm2,7144.435225625655,15072.35417598546
Calm2,7132.109238309853,15068.474305612544
Calm2,7146.032814834358,15075.348741306632
Calm2,7139.215251963218,15065.295581152532
Calm2,7126.752024604282,15058.641060237394
Calm2,7128.172694269399,15059.909595510699
Calm2,7142.076531304025,15068.961395469252
Calm2,7121.245322725847,15068.284706895116
Calm2,7125.910489659976,15090.17974588844
Calm2,7140.375112665187,15718.660855070742
Calm2,7138.122627673832,14827.183043731198
Calm2,7140.362488454488,14843.108137505646
Calm2,7142.063558482197,14842.596287340242
Calm2,7126.296422633366,14857.600891614653
Calm2,7131.511893843757,14674.950404595043
Calm2,7119.533038159683,14645.757521434409
Calm2,7122.621623731141,13977.84651648994
Calm2,7140.313964302144,13995.513922788065
Calm2,7135.525478570966,13987.176852908828
Calm2,7134.490071162545,13989.106553776532
Calm2,7126.94966843396,13974.875864171408
Calm2,7123.390186822289,13988.666092178046
Calm2,7141.094195023092,13997.412032572412
Calm2,7128.959502661543,13989.754485869404
Calm2,7135.94580612907,13996.238267348894
Calm2,7148.902640473122,13988.75737119276
Calm2,7139.4441080302095,13979.109290775095
Calm2,7131.046226357258,13981.977106138555
Calm2,7133.620978059512,13991.921988917828
Calm2,7127.797813050048,14315.463344742533
Calm2,7133.702746226242,14321.15937225777
Calm2,7121.719592526987,14306.628152865753
Calm2,7149.020512080887,14921.888253899951
Calm2,7164.985258214444,14925.084317571827
Calm2,7148.034823641466,14910.663998800106
Calm2,7159.750163024506,14902.093066954994
Calm2,7161.6258289680745,14918.162724213604
Calm2,7147.5857651699025,14906.032416525119
Calm2,7159.106036847292,14920.352191007914
Calm2,7159.871827527982,14903.468533909227
Calm2,7135.76185361439,14913.963328755903
Calm2,7140.188118783127,15163.414688916271
Calm2,7147.811015488688,15155.079962396429
Calm2,7131.328752196979,15145.059695677932
Calm2,7147.811151255073,15153.28884382506
Calm2,7133.509158961,15154.90746998747
Calm2,7154.546310700463,15152.11358826457
Calm2,7147.673323026754,15152.736612876506
Calm2,7150.625793942466,15183.944660233796
Calm2,7162.522360282157,15175.508072790963
Calm2,7139.8487756935,15196.696826207206
Calm2,7157.282993996994,14727.194249412389
Calm2,7137.3286319196495,14711.706991605224
Calm2,7158.444886843853,14726.179816374972
Calm2,7176.328843087723,14715.144373937495
Calm2,7158.113942840499,14728.484604262847
Calm2,7158.040731877771,14718.422645771354
Calm2,7154.846227566765,14725.691819610673
Calm2,7149.898779172401,14722.019723327903
Calm2,7165.255612784076,14726.714696178553
Calm2,7155.391057637577,14727.080949816676
Calm2,7167.743137008357,14724.044834503398
Calm2,7154.769281612257,14716.504034875814
Calm2,7153.445522133238,14730.133630530896
Calm2,7154.363551597882,15126.47233095632
Calm2,7163.495670695475,15124.766690752127
Calm2,7157.654203350867,15126.537718818381
Calm2,7167.009349250583,15135.513996171816
Calm2,7150.907329025273,15140.028269503791
Calm2,7169.214180993121,15123.679300888976
Calm2,7159.247500750099,15121.896582943127
Calm2,7162.517050697701,15142.426240939612
Calm2,7159.417973273305,15138.583887716637
Calm2,7140.808363998062,15026.334121155161
Calm2,7154.675784822267,15037.150273144242
Calm2,7137.277557435126,15030.975473991615
Calm2,7160.273519490056,15261.910574713884
Calm2,7176.801463800021,15265.510523068586
Calm2,7162.061967357858,15258.415580488472
Calm2,7167.536623588031,15281.496785024008
Calm2,7160.314496675805,15266.572475633098
Calm2,7171.545552572566,13825.629343783108
Calm2,7155.058210070028,13834.079326449752
Calm2,7171.033035437286,13833.315415368426
Calm2,7156.9144227167535,13826.890584346413
Calm2,7158.433762769386,13841.309180916953
Calm2,7158.183290145282,13836.157256421126
Calm2,7155.109565340296,14816.646917756914
Calm2,7165.1383116662155,14799.807599150627
Calm2,7158.274820572626,14811.179894211924
Calm2,7163.013318690823,14810.382020277395
Calm2,7154.697536587451,14812.403737296147
Calm2,7176.892632640924,15079.37263988187
Calm2,7167.669498202073,15083.530478760904
Calm2,7156.021075077147,13793.922186286085
Calm2,7153.0722081058275,13775.475793172316
Calm2,7161.738828749152,14881.46860256057
Calm2,7156.8658787843915,14872.205291270584
Calm2,7148.039808305768,14872.809819013124
Calm2,7159.027429453098,14868.336280646781
Calm2,7154.29595991468,14872.072983622309
Calm2,7161.277734149055,14872.657233473126
Calm2,7159.116581314588,15345.482122868376
Calm2,7167.681826756781,13788.171875258919
Calm2,7175.864727676127,13785.59647283581
Calm2,7184.993893668165,13783.561254466777
Calm2,7170.039952890372,13772.594034163363
Calm2,7167.469279822277,14410.300154936307
Calm2,7165.455780796188,14407.716209030259
Calm2,7162.803901946667,14415.765182193942
Calm2,7170.260940034953,13957.215477915048
Calm2,7175.67546713049,13943.491789329624
Calm2,7181.5129890606095,15337.840365176944
Calm2,7172.159660237386,15367.715817693641
Calm2,7183.952497604467,15341.782313344407
Calm2,7161.735916992828,14956.551626004331
Calm2,7164.573855724741,14952.938761787182
Calm2,7180.166668737556,14945.16045855471
Calm2,7172.430321198412,14949.116082118257
Calm2,7171.459078849325,14951.98177578852
Calm2,7180.667657276706,14941.34562626641
Calm2,7170.544513742015,14959.626511789827
Calm2,7161.600892197585,14956.530871199704
Calm2,7168.325800084611,14946.951108035559
Calm2,7182.090747887824,14960.663638451853
Calm2,7181.783211462936,14961.288024290237
Calm2,7180.637120813203,14939.693843310091
Calm2,7160.848381594172,15393.708577186459
Calm2,7191.511688289439,15385.001214344078
Calm2,7153.93117000055,15396.919197091847
Calm2,7169.370078514492,15398.594317055788
Calm2,7185.255674115194,15395.821413526597
Calm2,7167.495595834517,15393.413524906317
Calm2,7164.100285472552,14756.26638508687
Calm2,7155.4377559476325,14764.156760465528
Calm2,7165.040355078723,14774.363001987653
Calm2,7156.315545687882,14765.998171330026
Calm2,7183.841370368172,14775.032753215071
Calm2,7181.65736709384,14830.13610842539
Calm2,7168.0563867672045,14850.635964550129
Calm2,7163.341545601508,14844.757841799392
Calm2,7195.665156439525,14952.050426982943
Calm2,7188.6023173358635,14948.582321452635
Calm2,7190.147546378728,14959.66142954693
Calm2,7171.270161512025,14969.280438011516
Calm2,7193.608261966374,15036.413691068256
Calm2,7190.730537301899,15029.34361462531
Calm2,7195.110652645892,15039.276711673843
Calm2,7192.6072790515855,15042.625509004862
Calm2,7184.835577890111,14815.445779591577
Calm2,7188.107931143547,14812.922537528864
Calm2,7180.73102619186,14803.29076185208
Calm2,7184.548711579017,15428.014786433767
Calm2,7187.2099665761025,16065.759055997498
Calm2,7180.092386754993,16077.59622529313
Calm2,7195.552610320863,16075.797543066463
Calm2,7164.1168881352105,16072.058666378627
Calm2,7177.237961835842,16082.95289783507
Calm2,7205.199247366155,14131.973356281047
Calm2,7178.928516264793,14137.80536775136
Calm2,7177.467974504087,14115.349346373998
Calm2,7207.146557191703,14775.868629760973
Calm2,7183.502286669045,14778.106342101972
Calm2,7204.733366740625,14765.544586267039
Calm2,7182.546242131174,14767.537984035214
Calm2,7200.238246191933,14772.67891566884
Calm2,7200.065940161841,14778.968006021023
Calm2,7194.400649556528,15294.570325265702
Calm2,7209.378121636248,15283.18730069008
Calm2,7211.795504493933,15282.006470879018
Calm2,7207.121863742548,15283.815429135884
Calm2,7197.127945285145,15298.4181636749
Calm2,7212.135292088807,15287.312783434578
Calm2,7198.426218659293,15300.63908994174
Calm2,7204.5939385725105,15296.145306572018
Calm2,7196.69979803674,15283.79026523963
Calm2,7193.545451577211,15291.570025484962
Calm2,7199.593864882669,15271.447680395795
Calm2,7188.572888674488,15278.004642499214
Calm2,7223.074795443618,13813.825886988132
Calm2,7209.43671993506,13812.242686848886
Calm2,7193.928938064314,13808.617431665125
Calm2,7203.8976979274,13825.702832170206
Calm2,7201.296260381198,13820.994182589935
Calm2,7199.071151166369,15119.403682087104
Calm2,7194.838923201799,15111.071209099335
Calm2,7206.028746671943,15106.73469833476
Calm2,7207.445839002994,15107.818935152427
Calm2,7200.166064855924,15109.794175128327
Calm2,7221.88691511713,15112.945871789549
Calm2,7210.435452235089,15101.371167307658
Calm2,7199.094483935553,15105.4262476408
Calm2,7201.4662611743515,15118.419758088789
Calm2,7210.592050684898,15107.325811729675
Calm2,7183.381317888068,15105.251784184584
Calm2,7198.144210208583,15094.295628784696
Calm2,7211.160088343533,15105.724235183925
Calm2,7195.924423240244,15111.787302784205
Calm2,7211.565227797529,15116.858522036331
Calm2,7198.481779217519,15099.970888957276
Calm2,7194.300587032668,15111.704314176704
Calm2,7211.289034607793,15094.144509909565
Calm2,7203.577538452027,15247.04763680623
Calm2,7221.021539689835,15245.871060446956
Calm2,7212.958242097557,15248.13828694765
Calm2,7215.322411394682,15217.847803060418
Calm2,7203.670264919699,15216.952511004283
Calm2,7198.726550201335,15239.490853209416
Calm2,7189.050915139183,15453.23317921957
Calm2,7186.937118400034,14518.312471373622
Calm2,7169.752702152342,15006.639004579314
Calm2,7189.762998337507,15010.464099946783
Calm2,7194.018231353967,14978.462673868064
Calm2,7178.493344723385,15004.01896874915
Calm2,7199.490182497777,14999.704747863263
Calm2,7216.950289948179,14860.880461901574
Calm2,7219.063446808266,14881.83428459461
Calm2,7213.848550300186,14873.172457830218
Calm2,7228.31519818055,14875.090143857034
Calm2,7193.780765057347,14877.790320289032
Calm2,7203.839079002063,14868.52788513293
Calm2,7220.928932557681,14856.705283645151
Calm2,7210.807975317806,14889.880083244268
Calm2,7202.636468400511,14993.761609598832
Calm2,7193.561226779217,15005.22472430779
Calm2,7202.182944026993,15011.41950709187
Calm2,7208.868931671519,15127.759695398903
Calm2,7209.47269617139,15151.658473194857
Calm2,7228.210143236724,15147.5744657812
Calm2,7216.580217969291,15141.440644861521
Calm2,7208.383233317349,15138.544109540637
Calm2,7219.940295545015,15140.316016941264
Calm2,7202.305647504053,15154.321893961518
Calm2,7224.690521735094,15204.17001142066
Calm2,7226.071970438301,15211.019006413018
Calm2,7239.164457084101,15213.204042725396
Calm2,7229.081862011631,15209.903879709422
Calm2,7215.829518703527,15184.0687203654
Calm2,7233.365378187546,15194.37458919487
Calm2,7211.260710960367,15204.531712275084
Calm2,7217.32984839459,15206.184160464098
Calm2,7220.274912025878,15201.28089424343
Calm2,7240.201885075489,15188.726182465365
Calm2,7210.074361999764,15208.786991537168
Calm2,7230.882167072169,15211.125305157004
Calm2,7221.752260258745,14955.104691425948
Calm2,7205.17184108376,14959.399218273727
Calm2,7228.434638780048,14965.370706546108
Calm2,7214.033525768454,14966.272449734704
Calm2,7215.3109172884015,14964.394833215738
Calm2,7216.704820558562,14938.810343169836
Calm2,7213.296292832314,14852.041467254778
Calm2,7211.843616969514,14849.662406933247
Calm2,7215.4358836808,14921.123548222578
Calm2,7222.0912658457955,14941.178173197603
Calm2,7212.97891745067,14981.76728030091
Calm2,7201.470346469874,14984.01604940061
Calm2,7225.272411859551,15407.007197163368
Calm2,7218.214118867461,15408.538007096238
Calm2,7221.026919523028,15421.014526351393
Calm2,7234.335219384871,15409.988264691438
Calm2,7224.055022993802,15421.234746821578
Calm2,7227.729622343493,15331.84362501176
Calm2,7208.0474567696365,15346.071046140136
Calm2,7205.953813871516,15329.071946887063
Calm2,7218.854090575746,15321.792457470317
Calm2,7239.929780127469,15320.981271890632
Calm2,7222.474968403308,15022.302479805157
Calm2,7219.0046925299075,15039.8920896054
Calm2,7229.3054059634715,15034.386352578293
Calm2,7234.985172242906,15014.41059515102
Calm2,7221.723464154312,15031.397715032088
Calm2,7236.271452535799,15010.771892839408
Calm2,7230.839735324631,15013.512935382238
Calm2,7231.849550091455,15027.587155640913
Calm2,7225.244930114761,15018.422852157115
Calm2,7217.791470299134,15441.354443067537
Calm2,7219.5627909450395,15086.415556605174
Calm2,7225.023242683943,15086.463135700145
Calm2,7220.549703412839,15081.035067172483
Calm2,7220.848019176464,15084.748909773558
Calm2,7223.870917883929,15073.601381907856
Calm2,7227.125677920803,15083.192458411462
Calm2,7234.96035057579,15067.73989969329
Calm2,7223.214064288447,15072.466239463349
Calm2,7235.899896968897,15077.194525852221
Calm2,7236.276934091887,14589.837566336575
Calm2,7233.29187296357,14617.24218568971
Calm2,7222.741464877745,14591.265082638107
Calm2,7218.110310504066,14582.930047900489
Calm2,7223.464161061724,14578.298595894717
Calm2,7226.23844062795,14609.80556062571
Calm2,7222.129843597855,14503.177450507474
Calm2,7225.940184061414,14690.836143602884
Calm2,7211.305742458801,14978.310267259407
Calm2,7259.19942019779,14993.758164828392
Calm2,7235.861255267156,14984.691426863872
Calm2,7235.0586627987705,14965.80309118091
Calm2,7216.804439771573,14989.276376236656
Calm2,7209.70760930952,14974.82736312771
Calm2,7243.143029105564,14981.398106741837
Calm2,7217.994637501908,14990.891674359447
Calm2,7224.461332874487,14983.065877547462
Calm2,7208.0339602531585,14974.98894368034
Calm2,7236.763324355913,14996.686665566873
Calm2,7229.6144905847805,14984.812736256166
Calm2,7227.308605629088,14973.144679889703
Calm2,7230.548490408522,13996.202802529271
Calm2,7227.464590943503,14001.39284462583
Calm2,7232.663881477017,13983.912569263362
Calm2,7230.510492615743,13996.838194186757
Calm2,7219.76644736841,13999.560671703386
Calm2,7254.915486142781,15384.073736790166
Calm2,7242.070458322614,15390.840494980082
Calm2,7247.859956092619,15379.108825259877
Calm2,7251.942650488506,15383.174288676079
Calm2,7256.733469902449,15374.639622622542
Calm2,7257.783798808612,15388.640204744379
Calm2,7247.485888704263,15377.247417282937
Calm2,7240.724781034339,14914.584942699454
Calm2,7250.267432203061,14907.9510391507
Calm2,7243.448963620891,14925.27914877799
Calm2,7228.777272020803,14931.586818764297
Calm2,7258.301099515032,14937.441720008625
Calm2,7259.308443108768,14922.662912586975
Calm2,7250.369469033538,15523.570189476795
Calm2,7243.797370335061,15512.475691151112
Calm2,7244.130756446063,15509.318095103608
Calm2,7250.492190200565,15490.660380580704
Calm2,7241.071787000578,15508.201585315994
Calm2,7241.884463847141,15509.951375610675
Calm2,7248.776161208472,15145.366753642904
Calm2,7261.622740133623,15138.35317431114
Calm2,7246.703367349693,15141.00255160333
Calm2,7257.986627387383,15129.66832336076
Calm2,7255.014908876852,15138.45003461633
Calm2,7243.80615288659,15144.506538033304
Calm2,7269.010470874572,15152.016784829771
Calm2,7246.275037563408,15145.536872699779
Calm2,7245.9525235215315,15145.39574796576
Calm2,7265.264445551026,15135.792816749588
Calm2,7261.134126122663,15126.236006781466
Calm2,7237.615041016678,15128.178108255057
Calm2,7253.858639467986,15085.241794537722
Calm2,7250.552944532967,15100.798860878704
Calm2,7258.645048279884,15104.114040609227
Calm2,7254.555108892791,15099.880004780915
Calm2,7255.644563751327,15091.069325278855
Calm2,7256.801066270868,15100.512473152496
Calm2,7218.014394651106,15236.534789828038
Calm2,7240.617356604229,15224.015673766964
Calm2,7257.7585662655365,15053.284080205372
Calm2,7237.4402090737685,15049.76912677564
Calm2,7243.261761884261,15032.193547074123
Calm2,7268.484859358501,15045.119999474062
Calm2,7266.909822074594,15049.225962214352
Calm2,7251.070064948792,15058.964642388102
Calm2,7244.87005012133,15032.27088425097
Calm2,7251.087940981554,15054.33081278395
Calm2,7244.671472795709,15046.055014466672
Calm2,7268.263621657795,15291.238733817832
Calm2,7261.120828208638,15291.964307818338
Calm2,7274.9957137356505,15304.109120370682
Calm2,7271.830776350472,15297.659792527742
Calm2,7258.8760179026,15296.058090334962
Calm2,7263.061532724505,15294.938000853732
Calm2,7265.387800379548,15305.938567604175
Calm2,7245.678661050013,15302.369682422464
Calm2,7272.364604930005,15306.69261092192
Calm2,7271.107792214888,15443.970085823286
Calm2,7259.1592820545775,15329.691799299271
Calm2,7265.966085959745,15341.128678062269
Calm2,7261.502613442154,15335.078277819934
Calm2,7260.321474342935,15330.714154007697
Calm2,7271.32014467779,15341.696868700581
Calm2,7248.693764064392,15344.009149866632
Calm2,7267.725283417503,15167.547768148335
Calm2,7271.218728900614,15140.035046456509
Calm2,7263.62383458417,15166.489464224609
Calm2,7269.384188294886,15155.317855281264
Calm2,7252.527597770271,15157.564206588972
Calm2,7244.430402630429,15152.553007303663
Calm2,7260.173281388663,15265.433601009361
Calm2,7264.815148668802,15258.028102184093
Calm2,7259.248767266768,15261.637988793058
Calm2,7260.603058649722,15270.456718255562
Calm2,7276.61465074345,15273.393459000503
Calm2,7254.054692327963,15251.25905967629
Calm2,7266.2146939173235,15260.343416787307
Calm2,7266.90089585226,15214.978404680987
Calm2,7267.917629722698,15185.150364873945
Calm2,7261.355809020531,15190.74203506987
Calm2,7267.670414480369,15207.332851694366
Calm2,7255.342184966962,15193.411792515426
Calm2,7257.95723490084,15198.039471892405
Calm2,7278.814924994752,14973.19038200505
Calm2,7256.098759184291,14973.192575983925
Calm2,7258.95400832296,14970.45074743156
Calm2,7297.671379591585,15228.68328339923
Calm2,7296.638817195678,15261.253163050722
Calm2,7301.673183521879,15228.358944501606
Calm2,7291.425672924874,15235.821120437768
Calm2,7283.713901205065,15240.008869737387
Calm2,7292.068562943712,15237.640313777025
Calm2,7306.988678282877,15249.501842252135
Calm2,7286.034486313032,13913.907768145622
Calm2,7272.5681355952165,13898.657819473403
Calm2,7275.822156190432,13914.971254151253
Calm2,7291.1567053726285,15078.530603277632
Calm2,7279.834715916382,15421.59176346024
Calm2,7290.850063120112,15429.020613431818
Calm2,7271.110141390878,15414.012821452327
Calm2,7279.623324370335,15433.308256143051
Calm2,7271.116735312065,15410.809612033463
Calm2,7286.407717743509,15418.79691376345
Calm2,7287.176069640665,15208.357623628159
Calm2,7279.74206390137,15200.96725339787
Calm2,7301.778383952397,15219.514192843979
Calm2,7287.933030389334,15213.220037820029
Calm2,7294.393252108346,15186.543661304368
Calm2,7286.38550415419,15185.118445282325
Calm2,7279.40519295543,15217.691810062437
Calm2,7271.9523523004,15288.64242234155
Calm2,7282.069423247427,15277.792421969936
Calm2,7290.252221673981,15280.356768181087
Calm2,7276.580771681433,15288.13795149945
Calm2,7279.260299642517,15283.139770738837
Calm2,7298.081228393145,15325.282376077812
Calm2,7305.600970760367,15337.253585684044
Calm2,7303.732986379647,15332.044291750599
Calm2,7294.428809418534,15327.069271886434
Calm2,7294.9159705974835,15330.366547555717
Calm2,7291.8500100958045,15331.547085260956
Calm2,7315.210803404082,15330.754029391888
Calm2,7298.58420005742,15331.951649701816
Calm2,7286.156045371674,15343.532801830564
Calm2,7298.293573412691,15489.968701383337
Calm2,7302.797443277052,15497.032773651541
Calm2,7310.093914511967,15501.43837930714
Calm2,7306.537760639352,15499.074872223742
Calm2,7313.133171318451,15506.996557660845
Calm2,7321.815788049058,15498.902317477265
Calm2,7300.852940285934,15378.675844397287
Calm2,7282.001188511037,15391.287275558276
Calm2,7294.183918417412,15381.454460360923
Calm2,7296.817515238202,15370.153093529998
Calm2,7293.666634309678,15383.555050626184
Calm2,7291.0369220600605,15478.121740570385
Calm2,7291.663509584836,15471.29360452123
Calm2,7283.530156817804,15465.40064912423
Calm2,7281.4240183493175,15469.554954396823
Calm2,7292.786529197228,15528.16213864772
Calm2,7301.7277221380255,15528.120756052838
Calm2,7305.30968719396,15520.179282362247
Calm2,7318.063120827715,15542.013615970907
Calm2,7298.173269188428,15556.479969051621
Calm2,7298.5937619795195,15263.313285436188
Calm2,7285.079649231492,15564.998161109757
Calm2,7291.034113953918,15561.732087893224
Calm2,7282.385548242682,15344.779247891543
Calm2,7302.038587250063,15374.597187591235
Calm2,7334.754674378519,15565.914939232136
Calm2,7328.437511730392,15579.84398536851
Calm2,7318.062891147755,15587.399671560397
Calm2,7317.435604593003,15572.268611347055
Calm2,7310.7089828835005,15573.390212859795
Calm2,7312.206011990242,15568.54108435617
Calm2,7309.300849383856,15054.747523555186
Calm2,7327.7666710091335,15072.672708055743
Calm2,7324.649810216079,15056.012084561908
Calm2,7315.077845545528,15063.830310701393
Calm2,7309.582006610293,15050.896349467836
Calm2,7332.137154149203,15041.476105282061
Calm2,7317.212453558816,15064.882532827929
Calm2,7325.572255687918,15058.305872942075
Calm2,7304.672747920145,15066.268292515138
Calm2,7335.989469655783,15068.17406583851
Calm2,7332.362814790199,15056.131259352524
Calm2,7312.925908361062,15060.946292219689
Calm2,7330.336099786313,15324.827769252035
Calm2,7321.621028425409,15326.026813418175
Calm2,7339.521331824801,15317.633287989154
Calm2,7324.061849848515,15445.437204113825
Calm2,7315.914594698609,15447.772563716999
Calm2,7320.543615500218,15457.610008531503
Calm2,7320.548094897162,15653.790471204587
Calm2,7323.944006405789,15650.908646124448
Calm2,7320.178387681663,15644.504337080245
Calm2,7328.325410225044,15672.90265488769
Calm2,7320.895293889939,15642.544812596621
Calm2,7344.232237994221,15506.41706963467
Calm2,7338.335669273837,15513.596268033514
Calm2,7334.125716969051,15507.005541728126
Calm2,7321.876826184692,15261.546325747024
Calm2,7326.667236214335,15282.330647682362
Calm2,7332.124234820902,15281.732561797187
Calm2,7350.914590963865,15273.711649418732
Calm2,7347.830217793971,15407.193609399108
Calm2,7341.4161500132295,15415.627227785253
Calm2,7346.526220580217,15420.515783352503
Calm2,7338.8229630060405,15407.934860626005
Calm2,7337.708348443109,15418.052669297313
Calm2,7356.253484768821,15411.70185465894
Calm2,7327.103125518536,15425.787374040814
Calm2,7338.68582008371,15401.992527388942
Calm2,7343.366048477668,15477.018317033018
Calm2,7311.760913759023,15492.98755132557
Calm2,7345.315318602318,15470.202575262161
Calm2,7344.805258250971,14272.78034252039
Calm2,7331.28303818397,15247.862373017319
Calm2,7347.040830906346,15558.896478004712
Calm2,7344.539928888331,15548.064210102548
Calm2,7351.323906578816,15559.060668221196
Calm2,7349.64999706112,15362.590018324106
Calm2,7360.140519416968,15381.94451314094
Calm2,7337.861475676401,15389.59928724781
Calm2,7339.316281886635,15368.717874635991
Calm2,7343.286040673429,15380.790126326803
Calm2,7354.534576034148,15373.566464198479
Calm2,7351.493297228985,15361.68425603668
Calm2,7362.334768567738,15380.857729840169
Calm2,7355.012772597246,15361.082061771522
Calm2,7344.638544839552,15238.07830381576
Calm2,7332.6142581238455,15248.650749285134
Calm2,7344.376462283148,15294.79554987829
Calm2,7355.388890857829,15285.815639353063
Calm2,7350.930283649264,15307.101326560818
Calm2,7357.379574687511,15316.541163888136
Calm2,7359.2928357130695,15618.823387900426
Calm2,7363.636196182454,15608.722138292545
Calm2,7350.760469944846,15625.433311409313
Calm2,7362.535110023797,15615.751163705687
Calm2,7348.530555945953,15619.452747348367
Calm2,7354.282600727426,15609.669833983724
Calm2,7351.407877445222,16302.847565523853
Calm2,7350.53527562614,15463.098452420189
Calm2,7367.945717415643,15458.234936509893
Calm2,7367.951707878919,15449.116959297835
Calm2,7351.872094527803,15454.486274347179
Calm2,7374.145109440306,15465.391757656611
Calm2,7354.406099578738,15466.246413010982
Calm2,7369.894802449717,15329.246045723723
Calm2,7376.209423958717,15328.067165640447
Calm2,7345.107435319564,15695.15284120189
Calm2,7345.482179843916,15683.431156217935
Calm2,7358.82462758038,15670.506398609446
Calm2,7341.452202222756,15659.956349972146
Calm2,7353.266128512266,15658.65310737792
Calm2,7375.74577538019,15512.311950083982
Calm2,7380.210272216757,15505.852115509275
Calm2,7357.666142346341,15499.176967291776
Calm2,7366.65941090277,15498.218258207753
Calm2,7355.569324683108,15504.20167003646
Calm2,7369.951267369479,15489.250836080962
Calm2,7368.47904302039,15504.533607334777
Calm2,7371.655993645872,15507.82274271804
Calm2,7378.5620353295535,15504.048956458151
Calm2,7368.151255878737,15713.207593854908
Calm2,7375.090855498182,15753.153281553703
Calm2,7361.435208192126,15775.012962417139
Calm2,7365.110476929054,15768.294376056858
Calm2,7363.546161396419,15777.176034139411
Calm2,7390.581724574534,14263.10495826329
Calm2,7373.068809813108,14830.275837067864
Calm2,7359.450824482327,14821.050681170844
Calm2,7370.951302475884,14824.428410079305
Calm2,7408.946097631521,15432.913614973206
Calm2,7373.380557458137,15414.635707732168
Calm2,7379.924954517514,15420.089330053845
Calm2,7392.839655541939,15423.075522396959
Calm2,7380.716831970995,15421.332028398534
Calm2,7386.981444237312,15409.29053076155
Calm2,7362.600316710772,15255.169833002108
Calm2,7370.848756673386,15273.442550004407
Calm2,7382.183182118682,15269.278310974985
Calm2,7358.490642774984,15348.74086286757
Calm2,7376.170622749755,15341.590860930723
Calm2,7375.9530415707095,15332.947381415168
Calm2,7360.967838503455,15347.512380363794
Calm2,7369.56384627829,15339.147298763057
Calm2,7351.791383803085,15350.107870942247
Calm2,7372.819786216217,15353.403336972613
Calm2,7379.023153097782,15337.32041745181
Calm2,7372.483920128538,15134.689896372334
Calm2,7375.995027060353,15125.450239752003
Calm2,7384.273250244127,15125.78954566073
Calm2,7392.50498511729,15602.575152922034
Calm2,7377.302750730898,15610.703703562138
Calm2,7370.900768520044,15588.58733410631
Calm2,7388.56795677124,15621.488156314468
Calm2,7386.022811560864,15603.906191040836
Calm2,7385.862114926816,15578.314811791586
Calm2,7383.033093876757,15670.86339936041
Calm2,7382.943253664898,15662.270325221829
Calm2,7381.45285518925,15644.444269833622
Calm2,7371.060214051798,15572.085012212388
Calm2,7390.458218309242,15570.023338328312
Calm2,7395.493753834633,15584.114852935072
Calm2,7383.166155228817,15578.580942845667
Calm2,7394.2287029456165,15696.050502987084
Calm2,7390.154550987733,15697.03568421526
Calm2,7382.0633029413775,15700.001562225927
Calm2,7388.442949757081,15747.364346767708
Calm2,7394.974880052107,15748.507102829913
Calm2,7391.3671445282325,15721.28926084505
Calm2,7394.004236341867,15717.387922636175
Calm2,7399.556614024111,15734.592979843637
Calm2,7400.357629295513,15728.87280262395
Calm2,7390.858896135091,15543.129398831745
Calm2,7407.269454815365,15546.83133608262
Calm2,7401.060330707668,15556.373445707906
Calm2,7407.281780846614,15629.654223888238
Calm2,7418.396725865979,15638.493866950466
Calm2,7403.16100728006,15619.19231130843
Calm2,7402.128459785964,15636.788817013685
Calm2,7406.860863865186,15611.194806587446
Calm2,7398.674382289936,15628.38645887571
Calm2,7401.98928064687,15642.672724487593
Calm2,7415.86504779015,15449.490951073985
Calm2,7413.903567395818,15455.593661465708
Calm2,7407.7764374969365,15449.590518543166
Calm2,7398.874289868659,15480.347362157872
Calm2,7400.7887858375125,15451.688935907423
Calm2,7405.402874309518,15457.034988970392
Calm2,7400.267022995437,15461.944905536051
Calm2,7407.298963763129,15458.451967789242
Calm2,7414.233989392569,15749.349901873846
Calm2,7419.4271544053545,15759.951068449338
Calm2,7432.158776838399,15751.88511520104
Calm2,7412.2105935516465,15736.258909416007
Calm2,7429.167546945173,15754.533875387904
Calm2,7422.66515551125,15747.111473046976
Calm2,7420.232928368936,15768.427125316482
Calm2,7427.528800281873,15753.666181261438
Calm2,7429.462553109297,15756.611393281117
Calm2,7431.703402279652,15301.34323304331
Calm2,7424.474264781953,15293.044635738026
Calm2,7422.3288614389,15297.62575405265
Calm2,7435.88022116309,15282.226029765674
Calm2,7416.966851270271,15273.743007945552
Calm2,7410.568142993419,15297.920511672248
Calm2,7414.1901531779395,15309.833370763301
Calm2,7420.882050746047,15292.522738620608
Calm2,7413.616165755906,15290.944312646137
Calm2,7420.945456825975,15694.135713801852
Calm2,7425.4125760103,15696.481046403122
Calm2,7415.009581491066,15699.571044918097
Calm2,7420.934208811145,15690.286993612168
Calm2,7419.661536887038,15696.189459062936
Calm2,7437.332734614335,15698.75262450954
Calm2,7425.514717839578,15687.073791878101
Calm2,7414.118356446104,15667.574165656137
Calm2,7399.943005726882,15694.014406479118
Calm2,7424.786159970068,15701.782488051476
Calm2,7415.91653253847,15703.853411928214
Calm2,7397.980458462752,15673.276639673068
Calm2,7409.512547299679,15692.837252027766
Calm2,7424.270214562526,15796.997668874275
Calm2,7438.956797784714,15787.7228602082
Calm2,7413.912472093948,15782.145388929357
Calm2,7430.606345648348,15772.470378159538
Calm2,7420.063263231837,15782.670763879989
Calm2,7417.550429539106,15797.082086235296
Calm2,7414.85669439379,15778.205411118646
Calm2,7410.793831371303,15803.247542799707
Calm2,7426.059010666571,15776.898079688735
Calm2,7410.879990374939,15364.308641841215
Calm2,7417.026489850534,15350.236710878798
Calm2,7413.820435525156,15375.11614544197
Calm2,7429.4299324009935,15351.091221676348
Calm2,7425.816198606751,15366.007328734242
Calm2,7427.086856040241,15346.679954574603
Calm2,7438.836071127762,15511.920134014292
Calm2,7430.495590594723,15512.601635673345
Calm2,7438.1912718206495,15506.015445187331
Calm2,7437.195648321902,15496.731997186285
Calm2,7421.770885817047,15503.532724503038
Calm2,7409.9286337320655,15520.606743343278
Calm2,7418.930033505158,15837.06771885737
Calm2,7423.523526535995,15846.01415741293
Calm2,7423.594902269648,15850.406328854597
Calm2,7443.466398600359,15843.428886606234
Calm2,7413.596506143468,15851.716038562594
Calm2,7428.9844545831975,15860.25727652105
Calm2,7443.9604835287755,15571.02185726832
Calm2,7430.183814958865,15553.199854520926
Calm2,7441.3357580486845,15558.236304733178
Calm2,7436.934856588628,15555.70250422187
Calm2,7446.066004162736,15545.019630787607
Calm2,7453.628561125374,15547.480542824313
Calm2,7430.188605994258,15554.62806342744
Calm2,7427.20230160429,15581.907368892407
Calm2,7434.142670170835,15577.797953344745
Calm2,7411.343972510321,15601.069863067363
Calm2,7420.037235714237,15597.489622557407
Calm2,7414.144159625565,15583.831685254674
Calm2,7423.748154279954,15629.777534458075
Calm2,7433.234750732891,15634.06346425
Calm2,7441.248568453693,15626.25157760632
Calm2,7445.516510770515,15630.698373815998
Calm2,7450.462790024665,15622.454017497397
Calm2,7453.198989480772,15318.967548215656
Calm2,7427.873141134919,15323.856317715423
Calm2,7445.897038302481,15326.913219581387
Calm2,7439.5387841114925,15304.912378951889
Calm2,7437.913922153577,15804.313284751242
Calm2,7447.917552694904,15810.92390016599
Calm2,7423.813458342945,15817.400869325169
Calm2,7439.631761795394,15807.194589154178
Calm2,7431.556402705798,15470.597320562112
Calm2,7451.487734096167,15482.109275768495
Calm2,7437.399015595151,15479.537301772314
Calm2,7465.231644107472,15702.314058285077
Calm2,7450.087271096672,15699.614332038664
Calm2,7439.003661465875,15692.7630178857
Calm2,7463.941664559858,15781.43091084755
Calm2,7460.046109092337,15782.675867139005
Calm2,7445.159501458233,15775.118440806546
Calm2,7453.010746164426,15792.131523648639
Calm2,7441.988661166861,15768.098270593637
Calm2,7450.662314529068,15878.271230974768
Calm2,7446.040921439947,15894.089124144728
Calm2,7459.062997173522,15875.817179080805
Calm2,7442.319436046006,15889.442602658994
Calm2,7450.492472434268,15872.37487621682
Calm2,7449.425618806336,15883.60544310693
Calm2,7454.425026095233,15907.517627889742
Calm2,7444.989893961303,15881.670156061218
Calm2,7446.659694317195,15892.290424515979
Calm2,7463.492496825384,15739.090043238008
Calm2,7470.2159289336,15761.323889121431
Calm2,7463.678248552126,15765.98098050759
Calm2,7480.876285849571,15770.902806299118
Calm2,7454.472739794661,15742.058136627935
Calm2,7460.653573301235,15928.717415777079
Calm2,7463.674322783206,15907.706245710204
Calm2,7473.761627806257,15939.22318400354
Calm2,7472.377606451733,15572.372737852951
Calm2,7446.15523929059,15575.613096324156
Calm2,7457.795826505351,15571.60354767081
Calm2,7460.236567461084,15636.919314754416
Calm2,7456.4634057368685,15626.551881502814
Calm2,7462.808340626824,15630.617415617575
Calm2,7467.163470245122,15632.457840935062
Calm2,7469.380694908281,15805.829372565515
Calm2,7485.366923512274,15841.09891152872
Calm2,7464.346305349098,15185.944704603326
Calm2,7463.882164345211,15174.518422891317
Calm2,7461.151175462816,15611.196628500616
Calm2,7498.968813928281,15896.557992886945
Calm2,7483.815453588888,15891.431150913219
Calm2,7502.1795114563265,15665.527426361314
Calm2,7494.955290470057,15678.003656652387
Calm2,7477.999846492622,15676.106603879245
Calm2,7484.780213574901,15941.98206526408
Calm2,7494.590379038355,15942.31237454757
Calm2,7490.544223676064,15953.35529073251
Calm2,7481.323213169928,15932.101781393456
Calm2,7478.7114032045265,15945.244451395556
Calm2,7484.325760392689,15933.55501425704
Calm2,7498.197166802065,15802.907491778074
Calm2,7488.457382834707,15713.943404930926
Calm2,7500.01960002068,15712.273691899896
Calm2,7487.260452404501,15751.778898352875
Calm2,7473.028989794919,15721.7781050213
Calm2,7495.180070211439,15751.473808576295
Calm2,7490.184476573709,15747.693196993307
Calm2,7499.631909317377,15732.540329526339
Calm2,7482.127446671214,15750.31940671167
Calm2,7502.231609953631,15670.982952300488
Calm2,7523.77355773347,15966.996653686747
Calm2,7517.893804813975,15980.277503179619
Calm2,7527.547230278734,15985.631337241455
Calm2,7522.302872176672,15776.5985675607
Calm2,7516.636186754391,15792.407261914495
Calm2,7522.623086456142,15782.96930465602
Calm2,7509.810104420465,15792.934157445578
Calm2,7529.884169395662,15790.92703544564
Calm2,7521.13665013671,15796.099934248785
Calm2,7511.956051976015,15833.313006134696
Calm2,7518.7719688440575,15845.42689259811
Calm2,7505.92594140433,15841.171851777886
Calm2,7522.135747210006,15856.38809032987
Calm2,7502.265664846021,15849.792743047456
Calm2,7516.472602846305,15828.022777172273
Calm2,7517.804441607047,15836.207787082045
Calm2,7523.781232250222,15853.409858477928
Calm2,7516.264704205297,15836.365463190268
Calm2,7514.634586718324,15847.348702367543
Calm2,7510.036843521539,16634.20749366002
Calm2,7522.621565238286,15695.447657657469
Calm2,7531.524609467116,15711.159467103425
Calm2,7501.661757082002,15697.591867246683
Calm2,7515.345648083169,15692.669589386393
Calm2,7507.800013504229,15700.6954877822
Calm2,7520.77131977007,15699.640520548577
Calm2,7519.087857366152,15701.665586146022
Calm2,7523.758336334642,15749.364883026949
Calm2,7517.8620396539545,15752.198829971372
Calm2,7523.747657727387,15762.412190599516
Calm2,7535.325029827971,15742.591188681747
Calm2,7536.746593586672,15745.95406921087
Calm2,7524.9689900921185,15743.787850845632
Calm2,7544.808842364819,15753.900795302343
Calm2,7520.759982363351,15758.966832857986
Calm2,7532.580443750739,15764.611594028269
Calm2,7533.562918412444,15740.050282116435
Calm2,7522.585183826061,15879.492600079351
Calm2,7497.382701749029,15863.296380618702
Calm2,7497.107386463321,15876.326513924003
Calm2,7520.565195474895,15887.144872575784
Calm2,7510.3960321318345,15873.448536625589
Calm2,7524.813407354615,15865.126585797047
Calm2,7527.295583240491,15420.470118888099
Calm2,7521.320778852181,15443.858704739048
Calm2,7524.614051701869,15453.087479944648
Calm2,7523.345119476671,15900.14826215612
Calm2,7534.066614048869,15926.388852844659
Calm2,7520.784374721299,15916.014498152213
Calm2,7553.587047425966,15828.26591538002
Calm2,7548.2376119248875,15829.982523431523
Calm2,7537.713450849969,15816.139899940332
Calm2,7546.578715708239,15824.311592092763
Calm2,7545.004627592062,15835.158745276303
Calm2,7541.648500946892,15829.203220875459
Calm2,7533.787001756641,15811.846192088695
Calm2,7551.045135495195,15824.673028091825
Calm2,7547.157646353406,15820.99680172679
Calm2,7544.144944034086,15829.733281888566
Calm2,7521.878588425224,15827.078189381184
Calm2,7542.847216155514,15830.85308020552
Calm2,7544.997415479186,15835.30146861548
Calm2,7531.296976186952,16005.118511065997
Calm2,7534.91059543845,16019.677315093131
Calm2,7522.847420298896,16020.934096049552
Calm2,7525.363588355752,16017.654766309848
Calm2,7560.379170380541,15852.938903403245
Calm2,7531.660202516155,15853.929463236622
Calm2,7534.034162317878,15872.013886211327
Calm2,7530.276083114205,16544.947435165228
Calm2,7526.832640014965,16516.47857591498
Calm2,7525.181697359098,15963.562549292234
Calm2,7562.630416032772,15967.567389592537
Calm2,7550.039678776696,15944.355945987352
Calm2,7548.535866141964,15956.17333866611
Calm2,7571.067689290019,15958.979479563079
Calm2,7534.8602211729385,16053.146350456376
Calm2,7534.976519595405,16061.977085939612
Calm2,7532.2614257507375,16048.527445254766
Calm2,7530.408157710693,16060.22080530787
Calm2,7537.082870918428,16050.070282600607
Calm2,7544.371457398266,16046.790350803405
Calm2,7534.690730020002,16048.666189864065
Calm2,7543.525351372497,16058.212065553831
Calm2,7548.723751378374,16069.564683900646
Calm2,7563.961577195454,15980.541494123288
Calm2,7594.025317499688,15981.888561977335
Calm2,7556.6858516507145,15984.897963448233
Calm2,7570.826381192667,15974.08746626693
Calm2,7569.936159551944,15982.276240445377
Calm2,7557.87677155078,15993.805306083246
Calm2,7572.636916303983,15987.510241403672
Calm2,7569.017438065724,15968.261806092156
Calm2,7575.790924233746,15976.671918877022
Calm2,7566.272083241199,15973.189343037166
Calm2,7568.65011800761,15972.288906231974
Calm2,7573.274110462651,15982.263132372855
Calm2,7567.6510008436,15862.023009137436
Calm2,7556.880005965411,15844.081350107264
Calm2,7577.336397757149,15860.357862321052
Calm2,7567.799746190461,15857.056898762945
Calm2,7548.078950117461,15790.961328986295
Calm2,7559.708606579196,15794.756538726902
Calm2,7556.923880441665,15815.240368759198
Calm2,7547.352331317537,15810.491713943975
Calm2,7558.350832721401,15799.174282546948
Calm2,7563.126810281024,15769.080346090634
Calm2,7545.995103561278,15803.26785791778
Calm2,7573.17848527235,15896.36259394155
Calm2,7576.671345296216,15881.876534048266
Calm2,7557.5903554283095,15907.60589767162
Calm2,7564.079065290403,15786.34840961603
Calm2,7560.9695487482995,15785.778366962739
Calm2,7563.803221188976,15809.366855784012
Calm2,7560.012200173594,16055.603059079047
Calm2,7582.275362876619,15935.37965837616
Calm2,7563.79695534574,15928.48247456353
Calm2,7574.491764612216,15932.497190034273
Calm2,7568.973812653608,15815.34950091757
Calm2,7571.007302144497,15826.040894862665
Calm2,7586.843018021685,15832.24362218355
Calm2,7570.054495207121,15822.06636252182
Calm2,7601.167026948688,15807.787388969993
Calm2,7572.331699433692,15826.744920773855
Calm2,7580.391842913965,15824.554326175676
Calm2,7581.218317027458,15827.426740562518
Calm2,7587.01404090549,15811.518999131014
Calm2,7548.842203564622,16015.98077396232
Calm2,7575.763115799614,16013.971528265205
Calm2,7582.823256609564,16657.466688659002
Calm2,7595.531427605132,16924.605460771825
Calm2,7596.466148289196,15881.705634140719
Calm2,7596.938140715947,15883.413058859927
Calm2,7590.859310577152,15904.040236382198
Calm2,7588.472513873835,15894.111855209525
Calm2,7578.252684368629,15892.28155098498
Calm2,7595.8301609241025,15890.91892039488
Calm2,7595.265077541248,14486.965249766992
Calm2,7612.3184766318645,15611.955762255504
Calm2,7610.498814515689,15614.929987141717
Calm2,7612.446793459233,15608.772761132052
Calm2,7609.742935610494,15619.927523846498
Calm2,7608.203151636273,15626.193365156281
Calm2,7598.690775257446,15633.030957944919
Calm2,7592.147404697036,15631.72410254327
Calm2,7596.472253052592,15616.582097941638
Calm2,7572.551200127613,16012.570600434861
Calm2,7598.434712047545,16030.605340915015
Calm2,7599.0008709524645,16036.761632169226
Calm2,7585.5731158032095,16615.133240679526
Calm2,7592.529098079077,16621.702152698934
Calm2,7603.968129851678,15990.078673313306
Calm2,7596.3127755149435,15965.419577217066
Calm2,7620.584314756626,15962.297404992745
Calm2,7609.883812149822,15875.088614208615
Calm2,7606.855362209937,15870.368196933565
Calm2,7601.525437004764,15858.075584019567
Calm2,7619.233614326747,15795.880528609017
Calm2,7614.351941747022,15798.08513515026
Calm2,7620.642884600452,15797.37182573021
Calm2,7621.120305315814,15936.674718788914
Calm2,7630.290050196854,15900.037189461244
Calm2,7605.520704747847,15931.205217451636
Calm2,7614.797940491263,15929.844552759881
Calm2,7602.803975513682,16118.943126753607
Calm2,7609.949457121839,16122.922146834848
Calm2,7644.818408524988,16010.830524967367
Calm2,7634.829600054342,16012.784030454546
Calm2,7645.558094485962,16014.868195319908
Calm2,7630.261200031722,16016.758567493798
Calm2,7638.892894929757,16985.180036089176
Calm2,7607.4497407536555,16369.61897221095
Calm2,7622.388801771219,16374.421055782708
Calm2,7627.768892949613,16363.493692462102
Calm2,7624.759712765734,16375.082227770345
Calm2,7619.702882704145,16374.953174026748
Calm2,7620.896514305934,16088.836609182854
Calm2,7610.780846284809,16107.050831121009
Calm2,7608.470616340676,16080.750382866085
Calm2,7638.389572841143,15920.162587015993
Calm2,7651.306006185967,15930.304726613935
Calm2,7635.214238878185,15947.590265181274
Calm2,7648.430101557628,15933.167695562537
Calm2,7648.59086376405,15925.74625715578
Calm2,7656.91943960073,15931.265062624665
Calm2,7639.456807627537,15945.543804530149
Calm2,7623.235420461457,15955.876920332177
Calm2,7631.130493013255,15962.2857733916
Calm2,7654.55428307049,15971.365635389806
Calm2,7641.011981013035,15961.912429844782
Calm2,7638.9851750549515,15968.701808858968
Calm2,7647.577036306653,15979.883203501899
Calm2,7645.580184973186,15974.826182875819
Calm2,7652.789139722702,15979.574840274976
Calm2,7659.883623607314,15956.169937485382
Calm2,7672.058728639569,15974.396108789591
Calm2,7647.780559399851,15972.744290456452
Calm2,7629.028636084293,16145.299297245172
Calm2,7634.246376696442,16164.528924248762
Calm2,7639.294948135813,16122.09490401325
Calm2,7648.7371771412745,16118.625053266382
Calm2,7646.0195346618275,16155.571819423649
Calm2,7654.837641402913,16160.807148104062
Calm2,7647.865677526593,16063.688836469772
Calm2,7656.055310791728,16065.945712719944
Calm2,7649.685175964173,16056.427397067773
Calm2,7644.8659374641875,16055.774318829952
Calm2,7664.048050680485,16038.40015778031
Calm2,7640.97397701948,16053.171347529906
Calm2,7668.793147750085,15907.93389388842
Calm2,7661.5580112596745,15904.510809158632
Calm2,7656.404466003127,15913.578901878916
Calm2,7673.261424005383,16177.782628509212
Calm2,7673.237315757837,16173.029972794835
Calm2,7664.441525214709,16160.25566574442
Calm2,7660.957710910313,16129.130883260152
Calm2,7664.000685609498,16140.364822085126
Calm2,7656.62393767445,16121.498521221585
Calm2,7649.003206039785,16122.561434347495
Calm2,7666.525256862693,16023.615586500842
Calm2,7678.68149691279,16021.684054846317
Calm2,7676.3113020790925,16030.458098662155
Calm2,7688.965969803724,16121.902377136348
Calm2,7683.751097218051,16130.693299725244
Calm2,7675.988609145762,16134.651319419268
Calm2,7687.416669938147,16003.380902560113
Calm2,7694.752433720846,15993.770564261302
Calm2,7677.223304458725,15991.996264490765
Calm2,7685.20465088498,15977.744333730208
Calm2,7686.1942806372335,16066.701497742524
Calm2,7685.341555048087,16086.579685886234
Calm2,7699.599349757854,16081.903781770892
Calm2,7680.326717886875,16208.089416511497
Calm2,7679.765435067271,16225.603020465891
Calm2,7690.599299618412,16226.471913310212
Calm2,7678.972203783204,15965.706558836098
Calm2,7690.26436198411,15973.41828307145
Calm2,7689.871157126593,15948.85633376979
Calm2,7697.538682777358,15954.526967346243
Calm2,7691.473345428758,15953.54798727751
Calm2,7706.899270796885,15954.553040211626
Calm2,7680.037107984615,15964.543570389855
Calm2,7692.203510197493,16156.508901108098
Calm2,7682.6457193020005,16155.845153911052
Calm2,7701.617090228331,16154.806788819915
Calm2,7702.232392480008,16156.421043207656
Calm2,7705.126019518875,16166.512738120267
Calm2,7710.8245852309,16163.40507041712
Calm2,7681.657071853048,16177.868324304674
Calm2,7674.3148560312875,16183.476160196351
Calm2,7683.695753334728,16194.515734134722
Calm2,7684.7716656316825,16187.009928220801
Calm2,7706.746424402606,16057.265524488494
Calm2,7704.589807357736,16064.536875107924
Calm2,7704.446374069086,16056.963392957385
Calm2,7707.3597709391115,16040.797022295044
Calm2,7708.815579124636,16056.456669494526
Calm2,7698.223076730112,16042.288018775784
Calm2,7715.040405523862,16047.627425598852
Calm2,7713.94994149537,16261.716697442364
Calm2,7711.797872236009,16266.513743368003
Calm2,7710.776977446891,16254.743208540456
Calm2,7687.267365554458,16267.891489018839
Calm2,7706.94282724872,16258.966890369215
Calm2,7716.967603255408,16265.907838161034
Calm2,7710.08062534017,16260.968976491458
Calm2,7692.804281593748,16261.270872418834
Calm2,7709.118209093457,16280.72008729822
Calm2,7717.627964940184,16266.600504612661
Calm2,7706.231485391225,16014.665990483856
Calm2,7696.913900629337,16003.702930983707
Calm2,7719.981787837896,16004.861013104697
Calm2,7697.8491256571315,16112.901835915161
Calm2,7698.587846941928,16127.258038444046
Calm2,7690.411509707882,16120.774249477034
Calm2,7681.350564076832,16106.858815649382
Calm2,7695.3908749034745,16126.101318294444
Calm2,7701.717496967187,16128.020380917342
Calm2,7715.074502944534,16104.395279983328
Calm2,7704.795192530208,16158.705604094748
Calm2,7720.768311352657,16150.956691825359
Calm2,7723.458404810037,16158.509896529293
Calm2,7706.310524604329,16116.3122749216
Calm2,7720.063326497019,16119.23959202168
Calm2,7737.359282910582,16123.538092213834
Calm2,7725.6938461117325,16148.27819723094
Calm2,7743.271702997237,16118.811495050948
Calm2,7726.981932078209,16132.750070632723
Calm2,7728.117925816381,16130.315791233017
Calm2,7736.181399678965,16128.589230663067
Calm2,7748.230137978827,16221.754521298375
Calm2,7719.001776326525,16221.960383343581
Calm2,7741.662978759406,16210.647487329546
Calm2,7733.971238875116,16216.776495455992
Calm2,7724.62587248549,16235.098221748613
Calm2,7733.67884838189,16233.13455287402
Calm2,7723.969324919198,16214.324343650393
Calm2,7726.915455195514,16211.912282466115
Calm2,7732.845660852259,16225.241114980656
Calm2,7733.270558790822,16200.222209557205
Calm2,7712.455599096887,16194.973361008866
Calm2,7735.075318389377,16175.830669673971
Calm2,7717.412005186944,16182.308659846216
Calm2,7715.827806689222,16174.435804528082
Calm2,7733.091475523713,16182.204636778815
Calm2,7734.445664843925,16187.366164305395
Calm2,7705.011782090832,16185.878265858935
Calm2,7740.537945987473,14817.212439212097
Calm2,7720.038299140491,14802.080884881445
Calm2,7729.13115072388,16085.65000458031
Calm2,7733.153010555155,16079.93104370611
Calm2,7720.517415396506,16081.947483061196
Calm2,7738.383127310081,16094.21578132118
Calm2,7736.505375610266,16095.975132076725
Calm2,7746.424493542698,16101.733454829138
Calm2,7750.793836412782,16128.558846873548
Calm2,7756.614486188028,16135.745179946389
Calm2,7761.828301705953,16137.406379099999
Calm2,7743.913913807913,16127.019692952887
Calm2,7761.506480734155,16146.26740887469
Calm2,7737.3946575234695,16046.11322432224
Calm2,7743.853101931273,16058.476486746862
Calm2,7763.264617534858,16285.05755230985
Calm2,7763.348215403301,16272.008422745448
Calm2,7746.1921122906015,16172.076946917343
Calm2,7778.2283886279365,16180.475421194773
Calm2,7762.503384954364,16177.0934271453
Calm2,7762.518825631508,16177.874986331515
Calm2,7757.582756648626,16164.98947864814
Calm2,7785.442514693296,16176.807789364202
Calm2,7773.0114836179655,16254.16171256629
Calm2,7754.064036429132,16236.094980398864
Calm2,7758.91018879078,16245.920421785362
Calm2,7784.5215087511715,16038.793466662924
Calm2,7747.004946937679,16099.571517014807
Calm2,7783.44047939616,16121.625007586355
Calm2,7782.385558991412,16113.731825130206
Calm2,7765.685116435521,16093.290757105231
Calm2,7760.642408770919,16113.67027269489
Calm2,7772.151426048538,16104.201153674765
Calm2,7768.041830615159,16334.214420692895
Calm2,7747.083356005537,16341.259566619274
Calm2,7751.981530749805,16348.30639758477
Calm2,7774.307280836758,16316.728679271691
Calm2,7772.945452132532,16331.634432313831
Calm2,7749.203533074849,16331.908142185215
Calm2,7745.963128183026,16340.764745465542
Calm2,7767.12338397949,16350.894753507322
Calm2,7751.269099803002,16342.145528765865
Calm2,7768.220128944493,16095.896737810257
Calm2,7773.948469704585,16394.124123810725
Calm2,7781.931161065763,16408.685208668816
Calm2,7775.771780879266,16397.669282928076
Calm2,7787.746517606819,16396.84255030893
Calm2,7795.265840563294,16329.288148621386
Calm2,7795.496400717089,16234.3759538439
Calm2,7784.7785606879725,16234.296514595166
Calm2,7795.772627984479,16257.133397284717
Calm2,7789.424325343239,16236.974452219682
Calm2,7774.788915222322,16211.572348169617
Calm2,7800.385306684126,16175.609736273873
Calm2,7809.967886372587,16179.164058599816
Calm2,7794.817562134354,16165.387491922926
Calm2,7800.638224157931,16170.392507268098
Calm2,7788.472715120371,16160.539107269175
Calm2,7803.334134564237,16161.92097715276
Calm2,7785.643157651855,16153.299844233146
Calm2,7800.836616833285,16229.388699376914
Calm2,7813.660768238793,16212.154405836176
Calm2,7795.745478393879,16231.535026464851
Calm2,7810.706859792637,16215.069579587154
Calm2,7802.412447325242,16217.273007179558
Calm2,7791.058032244965,16227.47586109878
Calm2,7801.013181510867,16214.367373148414
Calm2,7794.440260429847,16224.133525548086
Calm2,7792.518404797678,16216.260111333531
Calm2,7819.099294397574,16370.78666808254
Calm2,7825.296723606249,16402.52608712077
Calm2,7830.1269096664455,16385.93991262205
Calm2,7833.11760443714,16376.488728938093
Calm2,7827.911514045837,16379.996128589553
Calm2,7807.8229011921785,16379.82888942802
Calm2,7832.121691885169,16355.085509680726
Calm2,7803.7946386914755,16333.885833859033
Calm2,7824.221991356022,16329.30164669276
Calm2,7804.677198398499,16352.004021965766
Calm2,7816.25177729932,16343.018199441278
Calm2,7817.000764542013,16352.32288341459
Calm2,7814.077353428861,16276.899432433438
Calm2,7818.868100880115,16265.348399806348
Calm2,7809.04455808384,16262.113166576262
Calm2,7784.227313253812,16254.990277870325
Calm2,7828.585997580031,16248.775773637468
Calm2,7822.411863902396,16253.144092507253
Calm2,7813.2843545706,16281.195699283435
Calm2,7814.111307201148,16271.751569516662
Calm2,7813.771808095817,16274.243987432397
Calm2,7817.2143172783235,16278.502213630674
Calm2,7822.355983082243,16266.51981704972
Calm2,7824.980265027836,16268.90569608994
Calm2,7815.777076913387,16266.145900709758
Calm2,7841.344152811903,17216.196315364563
Calm2,7850.87206018191,17210.870075181992
Calm2,7844.365387519976,16204.411469097002
Calm2,7834.612295359451,16307.880257128623
Calm2,7845.021008426422,16321.810013747783
Calm2,7823.472790547943,16300.085493995553
Calm2,7859.605016186891,16290.41268096273
Calm2,7835.542797326798,16308.907351270835
Calm2,7811.590105083701,16313.164492987858
Calm2,7846.0868938694475,16422.65479180737
Calm2,7836.347260122642,16413.7385755869
Calm2,7864.456890684321,16408.26849340713
Calm2,7855.709088609716,16420.929761535273
Calm2,7859.799610608641,16416.455117921203
Calm2,7846.5998098110895,16419.665236847188
Calm2,7839.71496155087,16401.85178917895
Calm2,7843.902878097187,16428.865615269173
Calm2,7834.087114391196,16410.9102682074
Calm2,7853.584961608423,16414.685861193917
Calm2,7849.63514273703,16416.636089521315
Calm2,7841.767270894476,16436.94401838794
Calm2,7850.169751668504,16246.560259181158
Calm2,7846.002226417026,16230.185672944186
Calm2,7845.852093842775,16224.302353916724
Calm2,7842.419927047861,16242.441994626632
Calm2,7846.71029468372,16251.342586157678
Calm2,7857.022045605529,16248.843654693828
Calm2,7850.858726745539,15675.07857935424
Calm2,7835.276472924619,15694.58842895875
Calm2,7839.947852499149,15695.398879235274
Calm2,7857.18885866767,16340.468050028176
Calm2,7849.999809118027,16319.372664098037
Calm2,7862.265350228647,16326.698061744422
Calm2,7868.489046239523,16337.278287599167
Calm2,7853.58558106455,16318.169076040243
Calm2,7863.488622646114,16328.06366671224
Calm2,7851.692636738155,16325.160771691255
Calm2,7868.520819192607,16327.942340467163
Calm2,7857.050563660547,16321.914600726337
Calm2,7868.854194605848,16318.824897589218
Calm2,7851.736076223318,16328.987994094632
Calm2,7863.71588288286,16337.138717837312
Calm2,7871.424712549662,16331.972362055774
Calm2,7834.892899862728,16450.31001575894
Calm2,7841.944931140668,16457.552509389458
Calm2,7831.682669282843,16463.864313232192
Calm2,7830.101886481262,16441.491057329156
Calm2,7851.956129320855,16277.87469515105
Calm2,7859.381386408149,16286.386617683358
Calm2,7857.385807216139,16285.978727791291
Calm2,7888.172208130135,16370.840865056818
Calm2,7870.144958065729,16366.339422999317
Calm2,7871.652035288943,16375.0591651539
Calm2,7858.426785881759,16367.25221369823
Calm2,7866.540592297243,16358.77562952817
Calm2,7860.87700708296,16358.086190718668
Calm2,7869.6059258030755,16380.257084151846
Calm2,7863.995186986738,16368.883381464888
Calm2,7874.1327820997485,16355.081258373544
Calm2,7870.038709812912,16379.247300710082
Calm2,7914.374456857346,17233.72527578611
Calm2,7899.833979497084,17243.947378356686
Calm2,7886.990129053148,17241.11798730291
Calm2,7891.803551911402,17231.748178573205
Calm2,7877.877186818653,17240.461765186275
Calm2,7877.916222769845,17222.307316886043
Calm2,7879.249945569386,17228.485009046915
Calm2,7869.9169581561655,16447.978996302296
Calm2,7875.827453068355,16447.36491943085
Calm2,7878.039266967198,16439.052589660652
Calm2,7868.265640737506,16433.055411660927
Calm2,7866.9816873691025,16449.62806648274
Calm2,7886.596842360943,16424.63746857577
Calm2,7885.31070750386,16438.371658882697
Calm2,7876.3196568320245,16450.090998294894
Calm2,7871.627788827831,16252.735740738211
Calm2,7871.595934529708,16256.663310816857
Calm2,7882.850458595185,16250.276836009367
Calm2,7892.586370508031,16264.928261967221
Calm2,7874.742030042187,16257.826228228114
Calm2,7879.995614135434,16260.813766354859
Calm2,7901.26946433765,16246.722871405182
Calm2,7890.192528931924,16241.058085378605
Calm2,7876.861619958363,16251.98038300685
Calm2,7880.131422170289,16250.638734510607
Calm2,7894.44549599004,16260.132039313627
Calm2,7884.996373753816,16254.572056905357
Calm2,7880.587060088106,16511.465521435068
Calm2,7875.5359233908475,16518.062803300472
Calm2,7887.254185792681,16521.81820948148
Calm2,7877.381181119266,16515.839985901912
Calm2,7887.352246592669,16496.905118206167
Calm2,7883.488075757261,16500.665544406424
Calm2,7875.854431358667,16510.67278127873
Calm2,7871.829955197746,16507.38056645895
Calm2,7878.951695923452,16522.71572439985
Calm2,7866.964427026814,16512.34538814482
Calm2,7887.966667851171,16379.811258852746
Calm2,7909.031964712028,16389.4905661485
Calm2,7888.658490104349,16400.48634937263
Calm2,7895.468505385679,16388.622590724794
Calm2,7893.944580893588,16381.112489451556
Calm2,7887.11394215615,16395.5315179969
Calm2,7889.317021968526,16377.299655186693
Calm2,7886.509176576315,16387.58499362258
Calm2,7906.802506963392,16312.512350311157
Calm2,7902.063048400557,16356.400379668568
Calm2,7882.795325585974,16360.317182986259
Calm2,7892.45393472821,16349.29514287408
Calm2,7901.497554034955,16346.497872507536
Calm2,7897.3199862786605,16359.135802981162
Calm2,7898.038178524052,16359.527740805383
Calm2,7902.0789604957135,16338.30297471129
Calm2,7899.1867460473295,16344.634250211462
Calm2,7898.472381948858,16346.218602459869
Calm2,7880.697849077839,16356.153045790683
Calm2,7901.287286229853,16354.912264625536
Calm2,7904.236382212032,16345.390587811184
Calm2,7901.547948848351,17281.149513429104
Calm2,7908.138949476943,17268.48372122248
Calm2,7910.904029960017,16417.566927646203
Calm2,7895.143738339054,16416.439399169834
Calm2,7901.684392952642,16430.83496004234
Calm2,7900.422580354711,16419.60235731253
Calm2,7911.928003902513,16408.90512522932
Calm2,7910.165647140361,16408.396793200012
Calm2,7920.9591159290485,16425.80140460002
Calm2,7907.5906600679,16413.26422469922
Calm2,7900.959526924074,16423.829892413854
Calm2,7915.525024278105,16410.70976789891
Calm2,7914.123740065328,16410.257945197987
Calm2,7915.378902274849,16422.764400002186
Calm2,7913.4197474820785,16419.61648941688
Calm2,7920.371941343528,16426.046778093805
Calm2,7900.200509077886,16455.306980872854
Calm2,7900.962323772823,16462.840315144455
Calm2,7910.6690553041135,16460.79220838549
Calm2,7911.159312760169,16470.920541750158
Calm2,7899.524083788772,16443.62938646645
Calm2,7907.858422128616,16477.80652447413
Calm2,7938.619743039147,16527.73412967916
Calm2,7921.924123688793,16532.215049397335
Calm2,7922.361844754272,16533.542847583223
Calm2,7916.071529571298,16532.72011434049
Calm2,7914.466606121911,16536.381304634284
Calm2,7905.636380698709,16535.339945666474
Calm2,7929.237794376107,16550.96521229789
Calm2,7926.160373263234,16527.528367443447
Calm2,7913.110680584089,16527.56480842589
Calm2,7933.816436154948,16555.422088799638
Calm2,7916.122949623809,16535.99301768805
Calm2,7935.3682386286955,16554.257009913752
Calm2,7951.363002894334,16340.187736351965
Calm2,7922.849919491574,16332.018064002254
Calm2,7939.472176675677,16332.714396651972
Calm2,7938.306794013421,16337.082472417449
Calm2,7938.513893701966,16440.29256642192
Calm2,7931.757813762477,16472.31183877721
Calm2,7922.1397680519785,16456.615710545324
Calm2,7926.235497145118,16283.419695445731
Calm2,7932.736420200436,16281.283949036475
Calm2,7925.078804518553,16283.584674682035
Calm2,7944.415991520584,16392.86752556006
Calm2,7934.947445969506,16384.52317977138
Calm2,7933.119619923357,16409.176027693098
Calm2,7927.04847774244,16398.87543404724
Calm2,7962.361206823729,16471.960241852037
Calm2,7968.640031890631,16494.56035128715
Calm2,7953.083499259727,16475.572126917592
Calm2,7951.393586780853,16580.194574269786
Calm2,7944.874395555858,16575.755263187206
Calm2,7956.322394771263,16503.811066535894
Calm2,7966.707396001836,16499.122085626826
Calm2,7967.169583582549,16507.52603880958
Calm2,7979.256997803292,16491.614610719247
Calm2,7964.577556068681,16507.800025368015
Calm2,7949.871881189623,16504.708426129248
Calm2,7976.434736422824,16346.466297081193
Calm2,7959.949150574716,16368.44920798131
Calm2,7947.332467714013,16360.269394618885
Calm2,7964.98583030189,16349.060057999295
Calm2,7960.5527532133565,16368.269723836202
Calm2,7983.645819844703,16360.752961291195
Calm2,7971.861823057143,16425.681162082037
Calm2,7974.611925168706,16441.300036537184
Calm2,7967.562475188193,16445.734087823766
Calm2,7973.641824943661,16451.82884108965
Calm2,7963.418205273091,16449.50310880923
Calm2,7977.52869377451,16446.991958455485
Calm2,7969.642733202339,16448.34536561582
Calm2,7974.3074200602905,16440.679921459734
Calm2,7969.120543194223,16388.09390862286
Calm2,7972.442295250968,16367.08197466836
Calm2,7966.136444816744,16549.401999527105
Calm2,7977.721783078684,16564.02869474234
Calm2,7974.481179786392,16554.230633188665
Calm2,7979.866238454713,16552.58783689988
Calm2,7979.128391149038,16569.100544695422
Calm2,7960.282019033764,16562.843658391488
Calm2,7977.975569593222,16412.54391322965
Calm2,7965.121702623451,16400.659206895227
Calm2,7971.903128915761,16397.3488507332
Calm2,7986.845218474291,16397.65407456996
Calm2,7974.75559186384,16395.953079895095
Calm2,7981.385057638649,16399.957266786692
Calm2,7974.211749137871,16409.29404316155
Calm2,7991.108751516112,16399.320427906096
Calm2,7974.093665788663,16916.212498936235
Calm2,7966.394123263088,16909.828925518028
Calm2,7999.255557854867,16517.21725473446
Calm2,7981.024782166617,16518.193358474284
Calm2,7997.9909750921,16515.14991804881
Calm2,8009.333894922867,16460.81646993402
Calm2,8004.6181990109735,16462.936439348836
Calm2,7993.7587176459665,16467.555892434975
Calm2,8000.15054698037,16460.95155467993
Calm2,8001.799840907904,16454.30542250282
Calm2,7995.051648305837,16457.353853456516
Calm2,7996.476561174528,16469.098554603795
Calm2,8009.306963406133,16483.86583699695
Calm2,8008.028112809524,16547.107765914516
Calm2,8001.211463309176,16551.47899766945
Calm2,7998.191561825476,16544.511775033032
Calm2,8026.622393539156,16551.369526197766
Calm2,8004.299435102953,16548.374188720823
Calm2,8020.399088554691,16562.282975639693
Calm2,8012.767416304366,16581.57101053922
Calm2,8017.451277124163,16588.10628559645
Calm2,8013.787079454593,16578.60925170963
Calm2,8013.121734732648,16595.817315688033
Calm2,8014.676304595053,15877.995532607074
Calm2,8008.049079061689,15870.897125302374
Calm2,7994.632838166863,16624.31070177046
Calm2,8001.447759536137,16631.352551459124
Calm2,8005.775423488656,16605.57609712905
Calm2,8009.741427983933,16626.51428104451
Calm2,8010.7325655792465,16618.967875272956
Calm2,7995.0248179140635,16619.78400414955
Calm2,8013.361530563735,16365.960512865904
Calm2,8006.39401652162,17256.18754105821
Calm2,8001.540543312231,16406.594581815654
Calm2,8000.851540205888,16403.427320424253
Calm2,8013.569847940267,16383.811233925997
Calm2,8038.884336632953,16427.70627951986
Calm2,8034.31986264888,16444.402871315022
Calm2,8009.8120649103075,16436.8911135367
Calm2,8009.741398065021,16451.141246078867
Calm2,8026.042092387406,16417.992723271847
Calm2,8030.136908905555,16430.398902160632
Calm2,8012.1827582031365,16437.632683455024
Calm2,8010.205018672923,16449.56839970889
Calm2,8013.897138927256,16458.155887391258
Calm2,8025.177227232992,16445.120855664925
Calm2,8027.431583273913,16442.406163560285
Calm2,8029.717463096046,16440.840530095094
Calm2,8021.040358161314,16437.921821553962
Calm2,8025.593174783525,16439.8224719906
Calm2,8009.423555031587,16508.937578098263
Calm2,8020.9168784059675,16478.46941550188
Calm2,8042.083294737598,16568.985158665982
Calm2,8027.921021057293,16574.977891536688
Calm2,8030.626565961158,16564.670282991796
Calm2,8023.185523586357,16523.4007440524
Calm2,8024.403945429974,16523.412781856405
Calm2,8021.352000334559,16513.28327608886
Calm2,8008.037686961759,16510.38371632948
Calm2,8020.763586581595,16521.980157059545
Calm2,8048.5754018358175,16400.148952270432
Calm2,8016.7368975742675,16398.724628737247
Calm2,8046.531719417116,16390.968111912633
Calm2,8037.786844588787,16397.78951895435
Calm2,8025.599863592994,16403.641865977414
Calm2,8036.813480693477,16398.00699973264
Calm2,8027.707442607575,16397.66705432319
Calm2,8019.599659871877,16385.96542789261
Calm2,8047.294301512804,16387.84689845127
Calm2,8043.359042425464,16520.7644597802
Calm2,8048.287774867252,16535.764753381725
Calm2,8036.670845288721,16599.86125187447
Calm2,8055.881406807823,16586.43409024725
Calm2,8056.7040517270925,16583.463203722742
Calm2,8073.286468588646,16580.921560224033
Calm2,8047.158492010332,16595.96362291195
Calm2,8052.3175499584795,16494.21647355831
Calm2,8068.367214305348,16506.81905439532
Calm2,8045.725550932618,16488.696059495207
Calm2,8046.518281314858,16483.101782455025
Calm2,8058.973271923337,16480.029386249127
Calm2,8047.649448044291,16505.16686832954
Calm2,8053.782926756109,16501.529264899782
Calm2,8057.687497293394,16513.555634709362
Calm2,8054.721673754029,16503.714183563916
Calm2,8052.938734452087,16503.149479595264
Calm2,8049.4313603086075,16520.602508565324
Calm2,8066.35624705819,16449.569647287797
Calm2,8060.74428226059,16461.538157091956
Calm2,8058.433366170579,16464.38887459272
Calm2,8049.829238898826,16454.987848258126
Calm2,8043.783898588683,16458.342523349576
Calm2,8045.098718163015,16446.558230949046
Calm2,8054.280015657074,16448.16347244491
Calm2,8052.655936464386,16465.214116506177
Calm2,8068.553037388453,16437.46974740628
Calm2,8048.984044865171,16448.60579610848
Calm2,8052.460343541463,16660.71746965308
Calm2,8059.288806648456,16662.745014225486
Calm2,8057.075798005323,16661.64441880332
Calm2,8071.5268864675545,16548.049373864596
Calm2,8091.390660747104,16516.28749965567
Calm2,8092.048744162286,16511.667202927634
Calm2,8100.166189541112,16512.028866694254
Calm2,8080.45221134557,16509.815347526084
Calm2,8096.9353473349065,16498.30202772848
Calm2,8087.416742071795,16499.801770025148
Calm2,8100.517994920114,16495.792734720588
Calm2,8085.052255198271,16451.924485285395
Calm2,8063.399301893378,16448.73022975402
Calm2,8080.094007151441,16431.640729650793
Calm2,8064.350770703388,16449.617731697595
Calm2,8076.786615694975,16455.948785335862
Calm2,8068.0287627716025,16617.33871598311
Calm2,8090.123168861572,16617.63444194129
Calm2,8095.719777319102,16614.11835771603
Calm2,8082.928333981841,16628.474459992594
Calm2,8080.360180336856,16623.811898030453
Calm2,8081.086263323641,16615.824593590904
Calm2,8077.8433191548065,16623.531573915272
Calm2,8071.000378874537,16623.214382396767
Calm2,8086.066233553257,16574.938159000216
Calm2,8083.240285741377,16589.129123639414
Calm2,8074.757976753731,16578.437643058936
Calm2,8060.099987251119,15077.345662249616
Calm2,8092.344737412116,15067.576772698161
Calm2,8080.9300342878805,15051.271907761407
Calm2,8088.424376829009,16539.31975331402
Calm2,8083.037708871263,16544.295277397752
Calm2,8090.037415396472,16551.361974541363
Calm2,8085.3233426837605,16541.154199647513
Calm2,8092.801723093126,16520.888106125305
Calm2,8098.0052377633265,16470.99758699537
Calm2,8076.3632822892905,16462.317601059625
Calm2,8088.045326089393,16468.52643390451
Calm2,8081.716465368746,16460.483941696315
Calm2,8086.903159347661,16466.165294839197
Calm2,8090.953278632867,15066.632015055024
Calm2,8104.687449166354,15052.53175484551
Calm2,8098.573948200259,16722.85230067521
Calm2,8097.941683167839,16723.58088435625
Calm2,8094.97697848464,16728.05059841912
Calm2,8127.690187913534,16624.00938016574
Calm2,8108.360010288904,16636.38961492448
Calm2,8119.166927963388,16633.968575100494
Calm2,8101.470600780211,16624.13781667743
Calm2,8101.940033231697,16623.578894429902
Calm2,8110.203660452084,16613.798196723586
Calm2,8108.014311512328,16527.424255725313
Calm2,8116.426384239684,16547.675406313003
Calm2,8124.929458445693,16578.164240913375
Calm2,8124.094718849261,16573.022894474587
Calm2,8121.575586815521,16589.810191369674
Calm2,8123.967078909741,16565.29274845095
Calm2,8147.421393495352,16718.161743129975
Calm2,8116.291674581682,16738.81511230558
Calm2,8127.213739616938,16719.836816826653
Calm2,8135.802261328356,16725.304277250652
Calm2,8127.035196659552,16714.694983704914
Calm2,8132.005397253891,16524.840085756314
Calm2,8135.403021215109,16528.89579798693
Calm2,8129.977619460666,16543.141164973025
Calm2,8132.487773513259,16512.597049775362
Calm2,8147.177622957084,16547.55475006175
Calm2,8123.614181544661,16542.467600751177
Calm2,8131.485980957866,16527.56442819996
Calm2,8136.582042666282,16521.81980534245
Calm2,8123.24598311287,16635.72624140016
Calm2,8112.644624717546,16644.795447304015
Calm2,8149.679585633625,16583.291976375906
Calm2,8162.3573084214595,16579.165917113874
Calm2,8154.699447196211,16588.939624320043
Calm2,8140.592259417109,16580.73938972635
Calm2,8136.20849675021,16585.893258874505
Calm2,8157.990591525911,16581.780813191763
Calm2,8135.633819182574,16594.144612949258
Calm2,8140.041089393939,16591.38410729828
Calm2,8148.950552532014,16659.69019589997
Calm2,8162.152371037137,16671.986291521775
Calm2,8149.8318599221,16794.311119317495
Calm2,8159.636419342711,16780.876407921372
Calm2,8163.285139792304,16785.635259186558
Calm2,8151.126706364191,16790.39167481862
Calm2,8155.933196824064,16794.792832314917
Calm2,8167.626110830389,16629.016409905973
Calm2,8166.869975278689,16608.437389217925
Calm2,8155.826629695649,16622.83142592319
Calm2,8157.014547688365,16623.880235836907
Calm2,8166.267316824855,16615.469702383525
Calm2,8141.911276363152,16632.665760405158
Calm2,8155.073721626556,16615.30863899254
Calm2,8175.576936159843,16618.302243734284
Calm2,8179.157249026722,16618.493545540245
Calm2,8149.095866250061,16629.413558470103
Calm2,8143.047113798823,16708.319903792
Calm2,8144.255140644328,16702.882387122885
Calm2,8159.549841850232,16702.618287574718
Calm2,8145.060538307068,16716.008700849838
Calm2,8166.155558213809,16570.20661269706
Calm2,8167.824318136642,16550.445819463137
Calm2,8173.453469314136,16547.388532029327
Calm2,8173.782419750909,16538.999519561974
Calm2,8172.586484933256,16539.364015884807
Calm2,8185.103765671611,16564.028174989096
Calm2,8172.556579309735,16559.641877890783
Calm2,8174.957334953751,16556.51200291116
Calm2,8177.93224626757,16561.566404742094
Calm2,8168.564032415906,16651.611845883523
Calm2,8166.225331635478,16640.443994012803
Calm2,8177.569547918275,16644.031505310806
Calm2,8177.391950209861,16638.592624744568
Calm2,8174.008718914641,16645.315083525373
Calm2,8203.424411702574,16653.243120740055
Calm2,8173.621630066446,16634.812333259706
Calm2,8200.643170945455,16635.023505320645
Calm2,8185.598416199905,16717.46054302128
Calm2,8198.377107678818,16734.294190211946
Calm2,8178.950724625215,16716.238326936043
Calm2,8182.683701026654,16707.032760694525
Calm2,8164.689454139252,16716.64949510101
Calm2,8187.20891715599,16721.92253031285
Calm2,8194.99026233711,16679.398749781067
Calm2,8164.279353584432,16683.775571567945
Calm2,8178.355482160495,16668.070330833663
Calm2,8178.0863531351015,16690.103307711644
Calm2,8180.615956506243,16675.928322380816
Calm2,8182.171287436078,16664.127759908908
Calm2,8179.412399701366,16669.058795638182
Calm2,8187.224826297687,16670.90335645852
Calm2,8205.21128442539,16585.845362062923
Calm2,8204.562704844837,16609.254899479813
Calm2,8197.199274425582,16596.395056567224
Calm2,8174.475357833613,16602.714497461995
Calm2,8195.962361796279,16596.4365556374
Calm2,8182.171595660558,16609.14920950784
Calm2,8195.251021533388,16815.23553762116
Calm2,8171.539492804888,16797.405326055905
Calm2,8173.475611355942,16796.72900350592
Calm2,8196.11596503321,16767.518021001415
Calm2,8202.357512191125,16756.313116305817
Calm2,8170.815681061977,16753.42640861257
Calm2,8186.355546692104,16768.8060179906
Calm2,8179.8255399963755,16748.708967419832
Calm2,8190.809665427943,16761.179777124937
Calm2,8175.1839243969,15206.770707403015
Calm2,8184.567047858959,15175.607930664555
Calm2,8175.800288309033,15184.265985424447
Calm2,8194.793681961095,16708.75106385965
Calm2,8204.833874176744,16708.132313008624
Calm2,8207.833256206864,16685.680467659957
Calm2,8204.914947052537,16793.460764185187
Calm2,8224.194286235548,16791.98898461296
Calm2,8228.650374517505,16815.85841287052
Calm2,8211.842196992726,16791.649663601627
Calm2,8191.619624979628,14928.730172986458
Calm2,8209.40579034309,16532.978001340824
Calm2,8204.311520022638,16563.889981019445
Calm2,8214.368233633202,16544.319196697284
Calm2,8206.667575516083,15198.415656394856
Calm2,8217.800034388636,15200.960983106454
Calm2,8217.447251641068,16733.57006785053
Calm2,8224.11728313906,16707.375132013025
Calm2,8217.351667958967,16725.871102737558
Calm2,8224.18877185114,16642.397269683406
Calm2,8217.395777909951,16625.196408973556
Calm2,8222.318995900727,16635.55820672058
Calm2,8226.847583817398,16627.43121570267
Calm2,8226.776615975194,16638.11512972622
Calm2,8242.236568386012,16636.680475816025
Calm2,8221.518176831867,16635.69823516723
Calm2,8229.861052722285,16629.99625046534
Calm2,8231.770513254103,16642.108400908208
Calm2,8236.859209964745,16611.885096311355
Calm2,8210.193250066102,16601.13009606753
Calm2,8240.220202390805,16589.78501937796
Calm2,8219.428401644007,16601.92149454887
Calm2,8231.001382290566,16588.906630376983
Calm2,8234.026171745643,16625.825052849756
Calm2,8204.111492100736,16657.656279767296
Calm2,8225.107825095898,16687.070938716148
Calm2,8224.007341135564,16656.60563225337
Calm2,8222.045647433091,16813.144389512097
Calm2,8211.662028007038,16702.71328443597
Calm2,8231.065412207323,16676.13687277987
Calm2,8234.669165922842,16692.527750563797
Calm2,8223.564436476625,16767.29070583932
Calm2,8208.48764677031,16775.979280725565
Calm2,8219.737940020203,16791.084922435362
Calm2,8226.40228556824,16787.783974915303
Calm2,8219.889532896483,16792.54656800766
Calm2,8244.735301437095,15367.736369297334
Calm2,8245.921052309557,15386.167573719054
Calm2,8236.401525077003,15360.959820668304
Calm2,8255.46305461638,16858.179512752027
Calm2,8234.931473135277,16858.93792412117
Calm2,8241.316335068224,16859.23496035319
Calm2,8228.892190718509,16707.999809307454
Calm2,8238.934514044304,16718.19606584037
Calm2,8242.476948575797,16643.992410359057
Calm2,8246.907312681542,16652.31049064019
Calm2,8254.807305950451,16645.406959822896
Calm2,8243.823050759258,16839.14096911199
Calm2,8256.405776917969,16832.18564932861
Calm2,8230.144650445667,16822.397401124454
Calm2,8254.178637446948,16820.69959073732
Calm2,8247.656875916053,16703.291060080588
Calm2,8251.101302677009,16727.798159083693
Calm2,8263.110556214671,16693.46213922312
Calm2,8256.40945400914,16715.73650196999
Calm2,8264.630910601372,16754.284922836752
Calm2,8247.947758139862,16755.249905413442
Calm2,8271.077794305249,16760.676105669772
Calm2,8252.735383739828,16759.221313629027
Calm2,8243.563899803614,16757.762435212044
Calm2,8253.373011094509,16763.902725682045
Calm2,8251.067083200389,16799.177264636757
Calm2,8267.841037022501,16790.07205509045
Calm2,8262.568661635376,16796.425496612395
Calm2,8245.592647123267,16785.33763509206
Calm2,8260.8250614761,16801.474050958383
Calm2,8259.656342984554,16785.059217481306
Calm2,8256.920636109528,16781.868531118176
Calm2,8283.730369602916,16863.311901566136
Calm2,8279.816522174075,16870.265202804665
Calm2,8276.97356399664,16882.722554083768
Calm2,8270.873352780485,16667.69946124601
Calm2,8276.572951426406,16684.962169801234
Calm2,8276.597575389509,16672.38891288562
Calm2,8284.041668357822,16680.496260909254
Calm2,8271.47201171142,16672.94012287299
Calm2,8296.354461541729,16934.727272069045
Calm2,8293.533029852499,16931.18572237056
Calm2,8283.231047422962,16929.053591182448
Calm2,8272.503571464185,16939.94155075783
Calm2,8289.889098359907,16948.28008859632
Calm2,8289.51971167932,16927.033570809668
Calm2,8294.050402478422,16781.60176769914
Calm2,8295.391552056104,16776.550095350576
Calm2,8284.742842118827,16776.23099845087
Calm2,8294.836343973453,16772.127688898385
Calm2,8292.802659995381,16785.10167977129
Calm2,8295.324337820137,16775.817244430942
Calm2,8327.110053798977,16703.509972796848
Calm2,8291.176261502931,16705.44342956622
Calm2,8303.438002893452,16721.705424735235
Calm2,8317.537404886223,16697.307917442828
Calm2,8306.902798868541,16690.56118471682
Calm2,8302.719729421875,16732.852265704103
Calm2,8304.57821137199,16754.358721210923
Calm2,8310.513050787069,16736.49899015956
Calm2,8307.960478959825,16744.332946885028
Calm2,8301.921783823089,16741.947005080827
Calm2,8331.346192956691,16810.518144015987
Calm2,8326.939284804723,16796.871645353094
Calm2,8327.58839981761,16809.773312514168
Calm2,8308.991471020838,16860.947941034934
Calm2,8298.274454487844,16878.27800547546
Calm2,8309.670770828416,16863.946904693446
Calm2,8301.106856516819,16850.142336774486
Calm2,8315.452883207581,16882.33316913829
Calm2,8299.925446376888,16865.179526072654
Calm2,8343.733615956316,16844.854047049652
Calm2,8314.709797867747,16831.9125425286
Calm2,8324.576985182448,16832.811082338372
Calm2,8314.800626482345,16762.759626967214
Calm2,8308.05227964576,16815.938027977198
Calm2,8308.056729330241,16822.23846074484
Calm2,8320.773723389459,16823.547369905653
Calm2,8332.120772085616,16720.10089757161
Calm2,8330.781013272108,16717.815122393913
Calm2,8330.758594748077,16721.473933556194
Calm2,8340.662170376901,16727.777046708237
Calm2,8335.686794312336,16728.253582100722
Calm2,8351.470659691042,16710.786325863515
Calm2,8339.733812261858,16713.30771895157
Calm2,8335.958215102542,16757.583912262453
Calm2,8319.809496719634,16766.72073515485
Calm2,8339.534746013942,16778.349460807774
Calm2,8354.989638551351,16770.514187508743
Calm2,8348.482245015644,16771.719923855126
Calm2,8353.305648660951,16852.554592141114
Calm2,8347.47136480613,16845.828411687693
Calm2,8349.131789844148,16869.907204366893
Calm2,8333.000686204365,16843.961121166452
Calm2,8362.083783531869,16841.0354343171
Calm2,8352.447182247672,16856.00985716218
Calm2,8350.793476705994,16904.397293955666
Calm2,8341.906168901241,16907.67826334833
Calm2,8342.931521219349,16908.357045549998
Calm2,8358.175169736169,16900.225849222297
Calm2,8355.945606990776,16897.524872688282
Calm2,8329.699318296696,16896.01237404268
Calm2,8346.833412037897,16922.59084187769
Calm2,8344.40787434994,16909.68473015738
Calm2,8348.771659027952,16908.392539489596
Calm2,8349.298502494412,16902.456421962608
Calm2,8343.366009666222,16908.098153269548
Calm2,8346.771719099728,16911.176103213827
Calm2,8373.772304858332,16733.32983840379
Calm2,8374.635690883431,16748.734336642196
Calm2,8381.467210697752,16732.84057534668
Calm2,8373.406731486552,16743.07927203591
Calm2,8369.282620532791,16761.766696229097
Calm2,8381.054479106228,16752.19804188282
Calm2,8368.998427468552,16731.809968733476
Calm2,8364.239217639784,16735.281587727048
Calm2,8387.856681790421,16883.17677686788
Calm2,8375.744142388352,16874.021394293522
Calm2,8374.256788663959,16891.199799320253
Calm2,8367.446829407747,16898.889201617912
Calm2,8380.955179012673,16881.97530962999
Calm2,8374.00438502989,16896.724305077987
Calm2,8388.266150226118,16893.217812628074
Calm2,8376.327997098819,16882.487935728397
Calm2,8373.671108588142,16827.862652211305
Calm2,8373.231889546463,16830.728673590827
Calm2,8363.972432071572,16836.641510783313
Calm2,8369.081471757527,16841.091020567175
Calm2,8363.001555682566,16835.379947133657
Calm2,8371.781413459506,16821.851109093397
Calm2,8365.212430363545,16821.495251948058
Calm2,8368.483015639486,16840.998820618475
Calm2,8379.69715643377,16833.027833612585
Calm2,8369.676551042274,16829.40075380744
Calm2,8363.771666435901,16805.58614381229
Calm2,8371.45478013173,16807.684824213717
Calm2,8363.20173550851,16783.250754391593
Calm2,8386.53791347392,16783.997278709856
Calm2,8390.252355033437,16958.5463130461
Calm2,8385.551858641009,16961.355774279804
Calm2,8374.19032619465,16956.98951879238
Calm2,8380.46206051093,16969.871258717107
Calm2,8409.604511893429,16757.975056962092
Calm2,8391.670734519894,16751.9378715386
Calm2,8395.519600628708,16743.0172183892
Calm2,8401.719982727973,16760.20066278849
Calm2,8401.801081501482,16756.00196195927
Calm2,8389.356857076891,16767.4065432655
Calm2,8400.761370590937,17012.078320537807
Calm2,8411.83162293926,17012.614979168437
Calm2,8392.212219029967,17009.29568615481
Calm2,8412.966850743489,16912.648494243072
Calm2,8385.229601828605,16920.852797621446
Calm2,8381.654778707138,16926.625936378125
Calm2,8410.792712670074,16934.090281255005
Calm2,8392.841025899188,16926.758302636415
Calm2,8415.499279570919,15161.671767215737
Calm2,8405.63880149344,15158.581945660237
Calm2,8388.704897947486,15175.91963707861
Calm2,8387.487435230973,15162.261583695466
Calm2,8382.517605092735,15163.143686453923
Calm2,8422.599959458013,16861.745173429714
Calm2,8400.868920526613,16872.724178238714
Calm2,8416.047126732665,16869.239307277974
Calm2,8416.63730185692,16882.214663659142
Calm2,8423.42134735602,16781.043179830333
Calm2,8417.753445911421,16768.19910525071
Calm2,8411.546029782981,16773.432887243926
Calm2,8419.71630553077,16760.034802443424
Calm2,8420.812350836672,16759.438646492705
Calm2,8419.84016842015,16755.71281072838
Calm2,8412.720153190592,16823.456534206343
Calm2,8404.158187449111,16837.812259597413
Calm2,8410.70353018663,16850.72671551804
Calm2,8403.388945564733,16855.889575416903
Calm2,8413.153695753228,16833.27845747216
Calm2,8407.04113327931,16837.593754577872
Calm2,8413.137155105127,16846.064657796367
Calm2,8414.100201232737,16839.590963742507
Calm2,8388.20961464334,16837.014026615452
Calm2,8423.428465109331,16917.08441796679
Calm2,8431.4120278428,16909.606107309584
Calm2,8421.33585459134,16911.722056894912
Calm2,8415.915834157533,16998.504731434703
Calm2,8407.467989643108,17004.029434015098
Calm2,8431.33807753074,17013.270540493777
Calm2,8431.917295313699,16813.41068408114
Calm2,8434.051984254002,16802.397929963314
Calm2,8433.240996549246,16966.40406497792
Calm2,8417.9585111896,16975.43175621408
Calm2,8422.678709899103,16973.67790297181
Calm2,8415.172461591712,16972.701723452108
Calm2,8460.030285279656,16899.995912607737
Calm2,8465.003551026854,16912.1507014252
Calm2,8469.111624528834,16908.391313065407
Calm2,8446.298181251812,16929.85144321204
Calm2,8451.408844748381,16923.11380585344
Calm2,8453.435970114091,16919.24355694849
Calm2,8443.544174268207,16936.979468560494
Calm2,8457.0519794578,17052.840134315054
Calm2,8438.798865754525,17035.703900975896
Calm2,8450.21762287111,17027.465273874608
Calm2,8463.01633400607,17062.050213535123
Calm2,8455.217200389703,17031.431959076264
Calm2,8449.316286885001,17041.75803126346
Calm2,8435.556169803705,17057.243972650467
Calm2,8457.351028808882,17047.787785151846
Calm2,8462.069983260333,17028.39889102564
Calm2,8451.35946949184,16854.602571181465
Calm2,8450.538478915076,16849.62114962701
Calm2,8458.599540149495,16852.37836031371
Calm2,8443.06692251466,16875.532673052086
Calm2,8433.010796657205,16852.162417921623
Calm2,8442.582548110779,16867.238437086686
Calm2,8449.979068464747,16848.627148499832
Calm2,8452.256518214113,16860.949331392654
Calm2,8451.064716989194,16851.027755490963
Calm2,8449.485611442664,16859.992996492147
Calm2,8442.568370119043,16975.39268691498
Calm2,8442.673780808378,16978.668462091882
Calm2,8453.595791045751,16980.02889682785
Calm2,8463.840244320389,17000.27246063171
Calm2,8455.126567720134,16995.41158637412
Calm2,8456.76516227376,16998.14718845687
Calm2,8460.220837661753,16987.035788719204
Calm2,8465.808447092913,16972.98468495506
Calm2,8462.05318551011,16991.674030087375
Calm2,8459.084697768803,16981.691178141136
Calm2,8459.099662833416,16997.592377963596
Calm2,8457.358247750799,16984.451842842987
Calm2,8467.42851219224,16990.74953441425
Calm2,8473.014660673378,16994.167683380878
Calm2,8453.293230040326,16999.111520586463
Calm2,8448.339737909468,16717.778567443536
Calm2,8465.643479569926,16715.887375875987
Calm2,8468.07713932663,16697.997284874316
Calm2,8456.830744169012,16825.022704153584
Calm2,8456.795510846345,16846.089390177858
Calm2,8461.390006729944,16836.744881223814
Calm2,8460.904939412101,17026.04842691176
Calm2,8495.406991552194,16928.027283812393
Calm2,8461.688993255415,16916.67424175539
Calm2,8485.900753566073,16908.333067860305
Calm2,8471.048958811556,16930.63523470717
Calm2,8474.315242408278,16915.085518453896
Calm2,8476.093054322771,16912.484501513063
Calm2,8475.749948569966,16927.783303716515
Calm2,8486.743766308935,16922.748849942156
Calm2,8481.554888847575,16915.411490618917
Calm2,8475.57614752239,16802.126672128947
Calm2,8469.61840403057,16806.153673035333
Calm2,8486.616258855189,16813.244592474286
Calm2,8503.365388943417,17058.03026913683
Calm2,8490.0568171367,17078.69613630554
Calm2,8494.224049561391,17068.194914855037
Calm2,8491.829502067512,17060.435879655153
Calm2,8486.438573290734,17083.62534962864
Calm2,8467.113693184454,17073.075443334143
Calm2,8476.558509612534,17067.102781474547
Calm2,8494.311022368256,17066.955312755617
Calm2,8491.696007904282,17061.439710019004
Calm2,8488.212322230596,17065.80755500213
Calm2,8507.377419547553,17077.771119098757
Calm2,8477.581714741067,17067.175267042043
Calm2,8472.299736087669,17083.13831540405
Calm2,8496.28930778327,17062.776019902423
Calm2,8492.685620370274,16846.830115748453
Calm2,8490.489309985878,16839.137034603795
Calm2,8488.801644748903,16842.005236444198
Calm2,8492.060133327754,16850.746934286803
Calm2,8488.05725850362,16846.981781493683
Calm2,8504.793961158164,16849.748172120984
Calm2,8500.95354333094,16840.534136488877
Calm2,8498.464017139984,16830.789741364788
Calm2,8488.318153839828,16866.399565413736
Calm2,8482.015184597727,16859.008472469708
Calm2,8489.25678485074,16852.27347034162
Calm2,8499.92651266304,16836.709913818577
Calm2,8505.717911496235,16894.303354829055
Calm2,8494.23117232785,16893.222058189494
Calm2,8496.03491715616,16898.69586680707
Calm2,8516.186420487373,16891.598604292074
Calm2,8499.339289966061,16904.37388861729
Calm2,8506.117428265858,16895.26441765826
Calm2,8508.268728861398,16892.77937545508
Calm2,8512.00022767237,16896.41576281889
Calm2,8512.636324258227,16890.749542588273
Calm2,8525.45101321185,16904.074421646266
Calm2,8505.51188503552,16884.772918220384
Calm2,8509.597892914137,16885.758311062644
Calm2,8518.03519656967,16891.41276425637
Calm2,8511.665284289318,16892.461989652034
Calm2,8494.133531671827,16895.68782252541
Calm2,8504.565665136917,16899.448937462443
Calm2,8502.843877927287,16891.421890441477
Calm2,8500.972368707031,16900.49840472305
Calm2,8495.919864976653,17027.810513275548
Calm2,8484.585316012292,17021.040720636698
Calm2,8483.875118055814,17027.333731638453
Calm2,8493.70449154313,17016.13486483766
Calm2,8503.949065944727,16956.15425305468
Calm2,8514.078911503057,16947.03824184998
Calm2,8498.313252848498,16942.423870803323
Calm2,8497.628747400304,16932.53487347515
Calm2,8514.43345334457,16945.334699616134
Calm2,8500.742936056748,16942.396403694413
Calm2,8504.239228007475,16928.84710446223
Calm2,8506.653160030215,16952.02468356396
Calm2,8497.67869592097,16943.27170758169
Calm2,8504.399509087656,16965.086180730057
Calm2,8493.478348391596,16936.124877726503
Calm2,8478.722344433576,16978.535386875556
Calm2,8508.43140235571,16984.017683126905
Calm2,8514.030972778086,16976.313305645497
Calm2,8502.275706921158,17000.041575168292
Calm2,8497.122699083306,16983.076880447723
Calm2,8510.024033006368,16982.603197083074
Calm2,8510.550393039146,16980.74077359436
Calm2,8498.197256090829,16982.740677339287
Calm2,8484.20481853166,16992.703651781685
Calm2,8506.351587127823,17098.188100780033
Calm2,8516.128638770939,17073.740558918642
Calm2,8501.47837840517,17080.87779322412
Calm2,8532.274934502491,16982.052480019793
Calm2,8534.09038865045,16980.29690266026
Calm2,8528.381341036711,16977.253830779642
Calm2,8545.61554663563,16980.46850622915
Calm2,8514.026664722442,16990.918524784724
Calm2,8522.002247154198,16999.925991745655
Calm2,8537.944796129634,16981.135414980145
Calm2,8518.455500429536,16986.82067527467
Calm2,8514.461221805834,16997.20953299827
Calm2,8535.8853637118,17000.38421297359
Calm2,8535.438251313068,17021.94761695524
Calm2,8514.228374230817,17014.380350536776
Calm2,8533.9301648962,17010.996423763558
Calm2,8530.148003250904,16943.16919233241
Calm2,8548.97856059426,16933.849923265872
Calm2,8520.059394859933,16946.38881362385
Calm2,8551.727058325278,16937.630431488713
Calm2,8534.09125551841,16920.947989215507
Calm2,8542.18944844316,16934.823499905084
Calm2,8535.792661908928,16960.31224231744
Calm2,8541.003311696997,16940.183386549015
Calm2,8532.909535990686,16935.893694803017
Calm2,8522.304197925127,16938.66141552442
Calm2,8551.895984115814,16895.385689523195
Calm2,8536.20840924469,16895.28109113965
Calm2,8536.6747685969,16900.876924162534
Calm2,8557.543988364443,16891.873341537892
Calm2,8514.001262115096,17065.19799822438
Calm2,8523.613832998475,17066.47943742484
Calm2,8552.680036765338,17109.332437500063
Calm2,8553.969771847964,17225.534891778894
Calm2,8550.591354154167,17213.49573110328
Calm2,8550.586674267106,17199.266359124238
Calm2,8563.8548636389,17007.47526587873
Calm2,8571.563616297384,16986.937781487202
Calm2,8558.010013127001,16989.859016810828
Calm2,8556.4871978407,17089.450061593896
Calm2,8568.939984976563,16945.50133604063
Calm2,8575.199333897266,16936.716213839274
Calm2,8568.31120856493,16954.163187245296
Calm2,8593.989798281225,16952.151514028905
Calm2,8584.350168045157,16921.908434302786
Calm2,8579.599716332594,16949.85984735433
Calm2,8572.820501988559,16937.50250536784
Calm2,8604.171284806718,16940.097374935143
Calm2,8571.188302779985,16938.51399707599
Calm2,8557.881626687547,16957.963441164535
Calm2,8560.580914277103,16959.07919967287
Calm2,8567.296974194593,16946.55075503832
Calm2,8576.550676771602,16942.213653230523
Calm2,8542.949411910684,17039.676578144
Calm2,8549.591663245203,17012.311852219245
Calm2,8566.662035281133,17032.485318773495
Calm2,8562.664390400187,16897.36658619303
Calm2,8560.497814389553,16917.6983142749
Calm2,8588.72583307957,16897.916194440833
Calm2,8585.277648252799,16981.913715937055
Calm2,8585.627209277613,16982.450523792555
Calm2,8584.537707374038,16970.53490520824
Calm2,8611.022441107207,17807.19196597723
Calm2,8607.517202040057,17809.686627932515
Calm2,8597.031872384294,17820.438446252607
Calm2,8585.006263241356,17080.555279322016
Calm2,8583.519814820364,17063.767435079513
Calm2,8601.660842495723,17074.22906502112
Calm2,8587.09696234359,17065.059065260513
Calm2,8590.125423488425,17086.734493119588
Calm2,8605.202937071233,17077.51615336121
Calm2,8586.37200308289,17009.51582412672
Calm2,8589.453706687562,17011.084293733755
Calm2,8580.667573152015,17031.7428131779
Calm2,8592.833853563572,17007.200900153177
Calm2,8588.840360517857,17009.323643689055
Calm2,8599.341482219625,17019.41176912068
Calm2,8600.709116661827,17148.695946349617
Calm2,8595.799324859549,17141.585093699767
Calm2,8606.10375378672,17134.777305664422
Calm2,8596.197646693858,17141.920592334827
Calm2,8584.844346991118,17142.202278006753
Calm2,8588.995600709717,17142.49928403316
Calm2,8587.28481867386,17154.853889382382
Calm2,8601.490261460543,17157.248035756013
Calm2,8600.661213154008,17145.409460963452
Calm2,8632.260716660732,16982.921874490887
Calm2,8607.819832337633,16972.040400183418
Calm2,8619.268319712079,16970.350547881084
Calm2,8613.320503923802,16967.61318895354
Calm2,8620.158958762098,16964.252264632836
Calm2,8616.783517640662,16968.741716646084
Calm2,8605.253878760344,16970.128877323885
Calm2,8619.026093591432,17016.823050200666
Calm2,8612.911006684892,17011.486886777162
Calm2,8631.183948601276,17010.405443840857
Calm2,8618.490294449039,17000.619709846393
Calm2,8630.122534469616,17002.74402446522
Calm2,8617.468424323568,17000.146600337357
Calm2,8626.297423856848,17177.930057123238
Calm2,8635.062236077658,17177.805435312166
Calm2,8636.4153387404,17189.77280055032
Calm2,8630.388075487654,17178.803364546933
Calm2,8641.60263135226,17179.57895448466
Calm2,8622.87935942588,17177.011710998588
Calm2,8625.644302320645,17170.784979498814
Calm2,8635.49362956626,17183.53736493976
Calm2,8629.665978082972,17183.178169471586
Calm2,8632.489463829503,17180.474937746836
Calm2,8647.587905334964,17111.618482176742
Calm2,8649.560834007414,17109.37564168337
Calm2,8632.286775785296,17115.692384760427
Calm2,8632.38607028944,17114.808652227042
Calm2,8630.674756781933,17108.17800315934
Calm2,8641.082086577298,17112.836967668234
Calm2,8635.62100126254,17126.285201244584
Calm2,8636.704664402841,17116.021521936622
Calm2,8622.698589863116,17113.86039314099
Calm2,8651.043198712241,17281.030492936283
Calm2,8644.272758283507,17261.259497328647
Calm2,8640.128214104674,17253.710679588185
Calm2,8657.76241153315,17270.671430266564
Calm2,8643.8711480966,17261.847544995075
Calm2,8653.502862350639,17255.757234832432
Calm2,8630.909895762972,17240.45468859875
Calm2,8635.569326536975,17265.256864213836
Calm2,8643.490306720736,17224.768920240145
Calm2,8630.767015856354,17239.55807836104
Calm2,8635.182783547816,17249.056017120452
Calm2,8652.039716642743,16997.81693075747
Calm2,8638.566953525667,16998.309675974855
Calm2,8656.18953719242,17000.255255042804
Calm2,8642.98020139569,17005.37052709763
Calm2,8650.14635490058,16989.209896950157
Calm2,8645.096801258887,17009.089627112793
Calm2,8662.221375403205,16997.010423272957
Calm2,8651.916601426603,17018.625451286283
Calm2,8647.685230040417,17009.743310522055
Calm2,8658.909995606085,17014.676911945284
Calm2,8651.331483882994,17073.233072923555
Calm2,8656.876150857604,17083.018473207816
Calm2,8646.77588342782,17060.11234711879
Calm2,8648.268776205163,17066.614248971262
Calm2,8647.250041130488,17067.558279922945
Calm2,8660.738891519899,17065.657247673313
Calm2,8662.098826476278,17128.158015147277
Calm2,8660.349400929941,17147.116105726065
Calm2,8655.552904760347,17147.781270110136
Calm2,8657.59712674656,17147.9545893586
Calm2,8659.466808650232,17156.975768528035
Calm2,8663.564457769411,17130.532037973164
Calm2,8634.773125886211,17236.381880877125
Calm2,8649.027294178168,17228.50179942075
Calm2,8661.831171769563,17229.156288390663
Calm2,8649.36014283437,17236.670724939875
Calm2,8646.414812414,17233.467391118524
Calm2,8665.758674933582,17219.954470814795
Calm2,8679.063077036513,17032.98592321141
Calm2,8696.208472877244,17046.840474179102
Calm2,8668.922071786308,17248.2632087386
Calm2,8640.55975025815,17246.227403572102
Calm2,8659.750067856286,17237.262823730965
Calm2,8667.336985745209,17238.357322612672
Calm2,8697.576540129916,17111.697764271565
Calm2,8653.991135659777,17086.85256911893
Calm2,8673.181922534255,17073.915066434907
Calm2,8680.422466954096,17095.29211575199
Calm2,8681.542882860229,17087.229496924127
Calm2,8680.613366374228,16906.855908219553
Calm2,8684.574549306719,16917.97146469728
Calm2,8670.628887681463,16899.72555700513
Calm2,8692.377202622441,17171.993947877017
Calm2,8684.819186175866,17170.492638509306
Calm2,8680.376847307303,17181.969296936495
Calm2,8673.66539962258,17219.55015057593
Calm2,8671.40168691026,17219.316498852342
Calm2,8674.497920056325,17124.00858695678
Calm2,8696.252042479944,17124.971444749153
Calm2,8689.062010067093,17117.184609265416
Calm2,8690.543825592087,17131.465634452183
Calm2,8687.303332506324,17709.509679537416
Calm2,8684.41707765911,17703.40811631246
Calm2,8682.096738392127,17690.32549941753
Calm2,8696.60118105415,17720.56136499544
Calm2,8689.601601429147,17015.39322729169
Calm2,8693.919858378338,16994.523253302246
Calm2,8684.390000205602,17010.2532138398
Calm2,8699.894468189616,16998.400376652244
Calm2,8685.661379715431,17015.40475562006
Calm2,8679.114489070902,17004.014785492123
Calm2,8687.130026521661,17009.05513741782
Calm2,8682.722084541258,17006.66487268518
Calm2,8705.262108851273,17010.386236874343
Calm2,8690.011677076229,17011.09743531495
Calm2,8688.09440807335,17656.888801301313
Calm2,8697.438131003317,17651.023542700153
Calm2,8703.770658293892,17164.268420622124
Calm2,8703.523049068506,17160.33374634127
Calm2,8706.39512671752,17180.477036577664
Calm2,8705.653953610974,17156.966822822244
Calm2,8693.22619438856,17140.007742313177
Calm2,8700.054925583421,17148.521336925893
Calm2,8705.017553837355,17138.77753638013
Calm2,8703.898308556416,17151.23957216372
Calm2,8697.772651527053,17158.45917930613
Calm2,8721.99574111397,17215.402808653555
Calm2,8709.882887913926,17213.169328148688
Calm2,8729.140340577393,17223.16487165603
Calm2,8697.054768493514,17228.77627803876
Calm2,8718.297519026199,17198.96492294469
Calm2,8725.20232296309,17222.115008439177
Calm2,8721.582257486274,17217.01538287656
Calm2,8714.332246176013,17214.261335134437
Calm2,8698.476131835487,17246.6540553112
Calm2,8694.403795219667,17271.711573885095
Calm2,8704.697818746643,17257.768232239967
Calm2,8715.627697794813,17258.98356384861
Calm2,8706.095151496304,17264.739330406155
Calm2,8711.731188498998,17240.452444646686
Calm2,8717.665246397008,17259.38624825658
Calm2,8703.614157469625,17247.804849137454
Calm2,8718.21002369095,17069.48133345306
Calm2,8729.060762128243,17076.262690589312
Calm2,8735.465339597078,17072.962111821107
Calm2,8723.223306911477,17059.596786427643
Calm2,8708.94667004131,17073.040841072067
Calm2,8730.025170908764,17047.588579759966
Calm2,8723.226175870906,17132.70840963522
Calm2,8739.032602004942,17123.227449533435
Calm2,8711.015641987296,17145.224494922375
Calm2,8725.993519026992,17141.80522872749
Calm2,8739.048341706031,17148.864224131772
Calm2,8728.974643662084,17127.71922528506
Calm2,8731.5506238368,17130.696300210602
Calm2,8722.422322650333,17136.24953150713
Calm2,8715.90694627961,17247.598755471336
Calm2,8720.64283837842,17162.455451810525
Calm2,8718.274422477534,17182.134631439432
Calm2,8728.848712350016,17192.42337662566
Calm2,8728.235932358019,17183.212606993955
Calm2,8736.078458883214,17259.900989912952
Calm2,8745.222015473179,17281.479584141114
Calm2,8743.053861158782,17281.851563011114
Calm2,8727.145689137897,17285.318998142753
Calm2,8726.690900112126,17292.407985690625
Calm2,8722.192546285554,17252.292643214503
Calm2,8741.900112519377,17064.872734690587
Calm2,8751.536961293057,17092.33541134781
Calm2,8733.76631674637,17074.859306760092
Calm2,8731.5686579784,17088.96760653713
Calm2,8747.045940042028,17083.877651082414
Calm2,8749.108126752317,17087.98190834147
Calm2,8764.536939555388,17111.46699610266
Calm2,8775.680538783214,17112.318668524098
Calm2,8767.887344100654,17117.475600496946
Calm2,8764.195856662667,17112.220765767925
Calm2,8753.409685318948,17117.607863199773
Calm2,8774.56164591495,17131.351606114535
Calm2,8771.532366576263,17113.820311276337
Calm2,8766.145670190375,17110.898106694807
Calm2,8770.403154245938,17111.584451455947
Calm2,8766.373096828693,17106.5221283542
Calm2,8761.326546210625,17125.234107843928
Calm2,8779.975078078265,17125.341461209064
Calm2,8754.043557918825,17220.708183289935
Calm2,8761.938948124056,17233.789566496354
Calm2,8749.220535934057,17210.005313606027
Calm2,8757.687388314795,17235.734420805697
Calm2,8744.938620668765,17184.108608902465
Calm2,8744.243212378857,17202.12726493456
Calm2,8755.215403190616,17194.03520007048
Calm2,8768.023748627811,17210.63510373264
Calm2,8750.140364406549,17197.000536173964
Calm2,8756.998209063726,17189.042281857703
Calm2,8748.922518701915,17186.6593894798
Calm2,8756.102183263436,17187.316898757956
Calm2,8768.226593147634,17188.39282676975
Calm2,8757.490655657804,17196.06709466505
Calm2,8765.34998203687,17190.38710210528
Calm2,8773.657259685751,17201.000752543583
Calm2,8762.062238527014,17423.20274748368
Calm2,8766.361819065718,17425.54583314785
Calm2,8772.796732774734,17416.872326070326
Calm2,8759.80600069763,17433.021466644685
Calm2,8778.028323158693,17433.636368782827
Calm2,8747.595513675951,17408.003196315298
Calm2,8768.916408522897,17425.406925494637
Calm2,8751.65358022938,17157.211876390254
Calm2,8754.935896164505,17179.85861470036
Calm2,8759.894481004698,17176.972249295475
Calm2,8770.833248177509,17163.7142237276
Calm2,8771.429169321522,17155.71395832337
Calm2,8758.235042687811,17157.16723865721
Calm2,8769.131124366288,17165.943986381462
Calm2,8764.511903734387,17150.242361993653
Calm2,8770.937277106776,17173.907776895547
Calm2,8762.704397276031,17047.782597528847
Calm2,8763.95232417031,17058.017411999506
Calm2,8752.673458589741,17053.79976629225
Calm2,8769.229460729932,17077.685474026825
Calm2,8752.152923454247,17051.897093002135
Calm2,8765.21269852218,17046.143555965715
Calm2,8794.367371203094,17130.436404346343
Calm2,8806.105310612666,17143.650669004033
Calm2,8797.84276528202,17147.454556312245
Calm2,8798.042019610823,17135.92794932704
Calm2,8798.180461799964,17148.05448198127
Calm2,8801.240009764277,17204.370262907778
Calm2,8799.698513773825,17177.07892592153
Calm2,8817.877005871569,17188.75611080497
Calm2,8804.39029980752,17188.210020232807
Calm2,8808.362818909003,17194.308290810655
Calm2,8805.0891754125,17205.81629139636
Calm2,8802.132437382057,17178.17743943627
Calm2,8799.104670454524,17187.32083897496
Calm2,8805.659954570607,17197.00819870706
Calm2,8802.024394584381,17200.45512130801
Calm2,8811.944735958328,17189.397286569765
Calm2,8799.846232278875,17310.528485807892
Calm2,8800.202207760056,17318.890000468058
Calm2,8805.75347209652,17297.703926639184
Calm2,8785.719557243932,17291.781629870562
Calm2,8829.739270543276,17310.865088644623
Calm2,8831.356186547484,17326.337147757637
Calm2,8821.28135639467,17134.800527495187
Calm2,8832.929632140931,17122.495727443802
Calm2,8811.672433776543,17142.663198517515
Calm2,8829.070021781392,17128.38453743899
Calm2,8825.566358223932,17130.252683245304
Calm2,8826.622166756546,17121.764799621273
Calm2,8816.56023949416,17132.479331989765
Calm2,8812.770134763556,17114.11086268723
Calm2,8809.619059468478,17245.738245880064
Calm2,8836.558159881983,17234.390084541705
Calm2,8827.931199073097,17239.51134895399
Calm2,8825.117631000297,17748.78355515884
Calm2,8808.241221273178,17743.676600658964
Calm2,8831.495467683575,17731.575311730314
Calm2,8841.807401542956,17284.38882665719
Calm2,8826.554442601382,17268.38261212169
Calm2,8831.310100494919,17263.469398458798
Calm2,8837.188496989367,17285.26474709174
Calm2,8831.801387417834,17859.08259521552
Calm2,8852.66303118575,17855.57579802784
Calm2,8848.768466654066,17871.3138190253
Calm2,8838.32773657696,17197.88803921453
Calm2,8835.91197248295,17190.36370768219
Calm2,8843.30787023524,17186.188061393692
Calm2,8844.673227048268,17200.811525749457
Calm2,8851.6972092194,17188.57068234724
Calm2,8834.096111262026,17197.511595924974
Calm2,8859.072901210036,17764.783325256056
Calm2,8870.033857390104,17761.231504513416
Calm2,8862.482170717874,17136.789978463865
Calm2,8843.917810787656,17144.43081299608
Calm2,8857.441164383245,17155.022429413897
Calm2,8861.667875017993,17136.12881914707
Calm2,8857.186392852005,17156.685064659963
Calm2,8866.527365615735,17149.034593455737
Calm2,8854.232064429812,17150.660271088873
Calm2,8858.775122325773,17144.036978614982
Calm2,8858.291288205615,17154.748107716816
Calm2,8859.989987403436,17144.791447720483
Calm2,8847.552259953816,17146.361004060913
Calm2,8859.422102783219,17147.078939275667
Calm2,8862.057627440297,17133.836091234498
Calm2,8841.405289753862,17137.35006117626
Calm2,8839.926001854878,17363.421089450858
Calm2,8843.184980910637,17369.261201483972
Calm2,8846.085537711704,17382.64954561453
Calm2,8849.170145154083,17240.064613765542
Calm2,8852.31490466599,17248.45086308101
Calm2,8869.341972908414,17223.05430698679
Calm2,8844.537027582699,17225.568145722602
Calm2,8864.995818735215,17233.4649424446
Calm2,8858.758343665173,17226.02239297815
Calm2,8837.986898272986,17228.30786671331
Calm2,8868.148629126896,17228.896555857496
Calm2,8855.320991131359,17228.849413892483
Calm2,8860.311500998809,17243.599934926016
Calm2,8878.13882189483,17326.385759894438
Calm2,8861.885276626175,17332.904515923245
Calm2,8876.012354515282,17350.662627966125
Calm2,8870.861113070152,17345.437325274303
Calm2,8869.456955743593,17357.04971692243
Calm2,8882.208848090146,17324.23255561404
Calm2,8886.381703813347,17330.359437641633
Calm2,8873.658830272627,17349.23265834638
Calm2,8856.014598696262,17349.12222025
Calm2,8888.961225727968,17328.855987434734
Calm2,8863.576689313204,17278.69088419557
Calm2,8882.916375973871,17257.732612214968
Calm2,8872.602190414555,17265.61664413164
Calm2,8859.099231734428,17278.77363823137
Calm2,8866.21822504052,17257.772884788676
Calm2,8868.724533491182,17274.03159168945
Calm2,8858.749891844043,17259.690699750547
Calm2,8861.676950063209,17285.00147494475
Calm2,8874.021381767767,17278.02557515561
Calm2,8869.531516399176,17202.676054209842
Calm2,8876.977609794125,17190.072127163196
Calm2,8887.86044670532,17196.759187847147
Calm2,8889.26436411099,17203.582763441802
Calm2,8888.204375538015,17210.323874477814
Calm2,8889.589652897172,17197.535211490154
Calm2,8872.162556472907,17247.71741351949
Calm2,8894.121283136623,17228.325294990253
Calm2,8883.530298238686,17250.024981914205
Calm2,8885.440788117961,16439.4568543958
Calm2,8883.070795631818,16423.782217599135
Calm2,8878.970223961123,16437.29550813975
Calm2,8908.058592149093,17151.355078341396
Calm2,8908.281511232279,17164.178071516282
Calm2,8897.87613863139,17160.07642899993
Calm2,8901.524683596526,17174.12254628051
Calm2,8897.88768184533,17165.143365017186
Calm2,8898.023274960637,17157.262644956958
Calm2,8904.058141695783,17172.114954673234
Calm2,8901.731214578296,17175.545481310273
Calm2,8887.776805736685,17178.67444431033
Calm2,8906.445474625585,17171.57875172955
Calm2,8918.516456923373,17173.610706701325
Calm2,8892.12909961594,17144.70174769499
Calm2,8926.18103016978,17289.56907439438
Calm2,8919.380398191359,17284.95032347913
Calm2,8919.977443276115,17294.198745436865
Calm2,8909.794486750692,17301.62618002001
Calm2,8902.674550975838,17285.4580066886
Calm2,8916.394257915339,17302.142444253892
Calm2,8902.917319366083,17277.9359470055
Calm2,8903.992217836354,17303.96761068901
Calm2,8903.51508029452,17302.486349855306
Calm2,8899.377382277054,17298.369379670658
Calm2,8906.49089048419,17299.17082635944
Calm2,8920.038619115416,17305.82807745513
Calm2,8937.154558586799,17287.4260766246
Calm2,8911.807894533906,17306.58244911715
Calm2,8914.590132818692,17299.613291617363
Calm2,8906.252697990622,17284.860285423245
Calm2,8898.690705584424,17376.259727579385
Calm2,8914.410518503479,17383.452148773507
Calm2,8912.524135139804,17378.320863488585
Calm2,8900.548318269395,17385.128899371834
Calm2,8904.677718939856,17386.174634027622
Calm2,8905.42194412418,17377.546588771587
Calm2,8905.604413259056,17370.54473649262
Calm2,8913.4421705794,17376.389512452995
Calm2,8902.450248067404,17388.010495807765
Calm2,8907.800641701446,17348.672133554934
Calm2,8913.784543871594,17351.558973726227
Calm2,8906.727111360591,17366.21698266014
Calm2,8896.46289787803,17373.424644121074
Calm2,8923.239341433138,17341.447074085954
Calm2,8907.087416319519,17354.256553367846
Calm2,8900.294193290285,17340.36492571551
Calm2,8923.387931216796,17339.526576573946
Calm2,8930.187616009469,16020.722523818042
Calm2,8929.991951528598,16004.264658951368
Calm2,8906.562803935009,16021.894451659762
Calm2,8904.295643664876,17222.87373955069
Calm2,8905.957329834822,17231.84702594428
Calm2,8898.222821293517,17245.445910623457
Calm2,8923.96453576848,17245.264372320828
Calm2,8901.298780207468,17237.77580983306
Calm2,8921.650906948977,17246.36057026035
Calm2,8943.2823256801,17212.53772359638
Calm2,8926.520544012139,17194.693298186517
Calm2,8937.303643631896,17194.60673738958
Calm2,8930.85662401211,17186.008482211
Calm2,8922.814454597494,17199.901133714724
Calm2,8938.867280714938,17201.963465992216
Calm2,8943.370728306725,17193.021408189947
Calm2,8912.569912239518,15862.383156702053
Calm2,8928.385698234424,17104.101531358443
Calm2,8944.02110756461,17102.616813934754
Calm2,8930.862033794221,17102.924299923758
Calm2,8913.678758409325,17118.947493624517
Calm2,8930.69514782574,17283.39357625188
Calm2,8928.871276501144,17262.421058242853
Calm2,8927.375401830323,17265.971993264622
Calm2,8964.810373466316,17254.952362620723
Calm2,8947.108567080762,17266.83776786177
Calm2,8939.082638276057,17278.568240310327
Calm2,8940.784852392728,17325.233401425307
Calm2,8955.872238479607,17317.5377624233
Calm2,8959.459773523855,17312.122007046983
Calm2,8946.879149217448,17315.43224850236
Calm2,8956.444706479073,17312.285932188748
Calm2,8963.765156224548,17369.188242350916
Calm2,8931.845802182599,17362.553512980186
Calm2,8960.76225430646,17377.066061177382
Calm2,8952.555630392113,17375.97034350111
Calm2,8943.8672701622,17375.048510376007
Calm2,8944.702597319078,17377.121302269312
Calm2,8963.013784386905,17231.32253188028
Calm2,8977.029198983944,17348.160411303004
Calm2,8979.903862599886,17356.172625425133
Calm2,8980.221661638721,17351.333701299656
Calm2,8981.572228009529,17286.578279937512
Calm2,8989.633110776993,17278.60156399277
Calm2,8991.75305510356,15972.638389281605
Calm2,8988.376101385387,15960.95646152763
Calm2,8973.023814691029,15970.712548055026
Calm2,8986.795538628634,15969.761903644969
Calm2,8987.682439612287,15976.457894257508
Calm2,9002.569991782975,17275.369616205364
Calm2,8993.221515527368,17278.874832846916
Calm2,8977.593902874705,17253.9552113431
Calm2,9000.187480007198,17252.108458835002
Calm2,8995.523710287158,17274.17673299747
Calm2,8997.6153600271,17256.827451292593
Calm2,8984.840128620908,17263.675231313246
Calm2,9003.22513332841,17253.68133672102
Calm2,8993.048824451384,17267.010193771166
Calm2,8992.449453544934,17377.135013101997
Calm2,9002.862316247874,17377.316372236524
Calm2,9000.844105546912,17376.627258653472
Calm2,8993.498594992201,17386.903467894335
Calm2,9007.207087566372,17373.246753844163
Calm2,8986.73778429721,17406.00534740031
Calm2,8996.201233147922,17379.187067335726
Calm2,9000.855667174954,18028.595872240367
Calm2,9013.257138491568,18017.86276041345
Calm2,8996.175153526916,17439.539447332954
Calm2,9002.654204318944,17445.25389307925
Calm2,8999.950842870328,17438.21675167969
Calm2,8993.623882385607,17433.266323433934
Calm2,9006.883561640587,17432.989602758687
Calm2,9012.53986956399,17430.715848320375
Calm2,9009.420574415639,17215.190674818765
Calm2,9002.60093642039,17218.270318395378
Calm2,9010.668223972621,17210.101051698133
Calm2,9020.533991833263,17195.191116934042
Calm2,8997.779595304237,17199.10025005828
Calm2,9018.049859432716,17192.96031466187
Calm2,9007.561234455536,17168.596036597126
Calm2,9001.900942747361,17165.569091327136
Calm2,9015.01255800841,17181.493886864308
Calm2,9028.846163092097,17180.407521307112
Calm2,9025.596236747075,17235.427668417477
Calm2,9009.31669142421,17343.453176436396
Calm2,9001.280591883733,17360.17193673679
Calm2,8996.885053055386,17345.67274807786
Calm2,9013.704863422561,17345.998468824368
Calm2,9013.674991793245,17334.90823234979
Calm2,9017.346168427162,17349.538075452183
Calm2,9013.300956225083,17340.655384659432
Calm2,9010.010978009645,17342.064092581724
Calm2,9016.306557863396,17352.146608246556
Calm2,9040.469138001863,17352.0417383444
Calm2,9019.531460192944,17399.870758105084
Calm2,9008.59581582309,17405.300419111358
Calm2,9003.490493690799,17400.236533823438
Calm2,9024.78917864705,17260.047352869587
Calm2,9036.968401904978,17264.25661449296
Calm2,9027.765054925123,17260.509232975714
Calm2,9025.351722999969,17270.034867596605
Calm2,9042.378081592416,17274.406639010038
Calm2,9037.789195522908,17313.708552291453
Calm2,9027.87244704768,17306.178273146597
Calm2,9032.19806364357,17311.051184928117
Calm2,9025.743468643837,17305.25366696859
Calm2,9033.326044048457,17298.8570115186
Calm2,9064.330033650995,17386.700019389365
Calm2,9045.441494474371,17372.273985097603
Calm2,9050.45067496851,17386.64107431658
Calm2,9061.473717214278,17386.32642130038
Calm2,9047.413225115097,17397.072197812246
Calm2,9057.998290756559,17395.68966798389
Calm2,9046.790540455559,17390.658278605348
Calm2,9053.05935541546,17393.075901990785
Calm2,9051.025487674779,17233.5448423733
Calm2,9053.774652603974,17238.717278364642
Calm2,9065.556977939466,17341.780143581247
Calm2,9044.083389206002,17352.066583384563
Calm2,9046.080507571864,17348.425851475335
Calm2,9046.0267890905,17352.007732598577
Calm2,9041.897764464866,17337.13080768133
Calm2,9053.398253731726,17358.23530122418
Calm2,9067.712405536768,17442.695814802664
Calm2,9056.002734320164,17438.021753277175
Calm2,9055.020557429023,17443.10444015614
Calm2,9060.25843910189,17438.320144398687
Calm2,9054.740847587125,17439.519222525374
Calm2,9074.400326750394,17426.459479555873
Calm2,9068.867881163787,17438.69285998719
Calm2,9048.925130241485,17434.43533508828
Calm2,9052.283518684158,17423.511513826503
Calm2,9060.64281130466,17430.722154024443
Calm2,9082.275435908268,17306.5948716105
Calm2,9069.32218545198,17279.432326402013
Calm2,9086.620688278113,17297.570228773853
Calm2,9072.496892067044,17296.057268718658
Calm2,9077.948855090037,17292.606971678455
Calm2,9089.426628965673,17307.840169719446
Calm2,9083.810291733054,17292.678647970613
Calm2,9081.786849758322,17306.142089975187
Calm2,9077.283316679775,17306.429572297086
Calm2,9085.548589463177,17314.874040823637
Calm2,9088.663370069038,17305.085628439287
Calm2,9071.646112488155,17296.50338299085
Calm2,9073.525064116777,17299.596426809298
Calm2,9102.836417735998,17468.755277802797
Calm2,9094.37230597648,17457.527601254213
Calm2,9078.547420747782,17451.310108292542
Calm2,9079.65614481075,17459.278463027873
Calm2,9089.59810970397,17354.031112094555
Calm2,9085.241061202847,17346.814194494837
Calm2,9092.90344893049,17356.072220379017
Calm2,9075.36679882104,17348.919013529405
Calm2,9084.670348577058,17333.681436036397
Calm2,9087.786079755791,17352.48509203935
Calm2,9090.32395478066,18043.086007105932
Calm2,9095.380771225664,18037.517151127955
Calm2,9125.647421978845,17417.417797874456
Calm2,9099.474591949103,17415.229648827593
Calm2,9078.603326474116,17411.185033791917
Calm2,9094.758491293504,17405.10158017397
Calm2,9086.807696866495,17418.73476383149
Calm2,9094.820726549075,17405.286341194256
Calm2,9106.327349729656,17396.271199018018
Calm2,9103.05666670107,17397.34128885903
Calm2,9096.622990454296,17404.65952459137
Calm2,9102.551124608559,17476.331023969607
Calm2,9110.609905730747,17440.218126351567
Calm2,9105.067374516993,17464.36228086922
Calm2,9113.59444822266,17459.335044526433
Calm2,9106.45758031597,17468.238945014484
Calm2,9116.858398891614,17456.9796450271
Calm2,9109.319126479704,17449.034067017412
Calm2,9107.291232526259,17475.458133992684
Calm2,9124.150838251857,17454.664219535658
Calm2,9116.342882169636,17455.113797868948
Calm2,9114.218265345327,17255.29455939168
Calm2,9102.26204386013,17249.45207157828
Calm2,9107.04852574008,17334.357161078537
Calm2,9110.855071073578,17339.11234553553
Calm2,9101.341818958346,17340.51652261562
Calm2,9101.283368335657,17341.249537018688
Calm2,9111.92621104512,17356.647891034652
Calm2,9118.641814704573,17369.06552676095
Calm2,9116.703953462176,17368.971737823827
Calm2,9105.72478018966,17376.483928489084
Calm2,9122.194051000097,17363.034271555258
Calm2,9132.801153242364,17376.344631807955
Calm2,9118.890313976068,17373.10653346893
Calm2,9124.611925350593,17370.351137457263
Calm2,9116.994807780608,17317.29482441565
Calm2,9120.27850384176,17315.523505004596
Calm2,9112.746161272335,17302.317113664307
Calm2,9123.391458478165,17317.314151033926
Calm2,9131.967491919497,17340.674867439004
Calm2,9140.941712051746,17357.34145286573
Calm2,9137.93959380823,16248.584490580426
Calm2,9148.361046900147,17390.61046942462
Calm2,9150.280858434078,17379.765023793792
Calm2,9141.389532126306,17398.01327075241
Calm2,9143.495413563574,17383.78634435761
Calm2,9154.521254066649,17040.99984278322
Calm2,9156.883620497609,17036.82387580933
Calm2,9138.697697935057,17033.722069155163
Calm2,9144.277672567041,17473.580049073775
Calm2,9159.931648009473,17462.207449872698
Calm2,9164.426729088302,17453.471293434173
Calm2,9150.257395711353,17457.097390090537
Calm2,9155.5511157173,17446.860640409217
Calm2,9159.38381006148,17437.932994204813
Calm2,9155.60863126293,17367.420306218293
Calm2,9150.114850252863,17365.969740194556
Calm2,9161.784739601282,17356.11329527277
Calm2,9164.034200573647,17311.495040537775
Calm2,9152.559189400044,17323.49172266202
Calm2,9176.474849518088,17452.176605745106
Calm2,9180.47862014485,17436.660376293108
Calm2,9168.21345894014,17442.73183938744
Calm2,9179.70713920959,17440.382961148603
Calm2,9171.989171009674,17446.7133115181
Calm2,9175.240509883615,17386.688851275463
Calm2,9156.658418373863,17387.71174912801
Calm2,9182.289050221314,17362.09538344118
Calm2,9174.998388254735,17396.76590685845
Calm2,9165.748341732324,17410.29825528931
Calm2,9168.437485060655,17413.440915740786
Calm2,9190.306685493602,17419.963523535058
Calm2,9172.3049469795,17403.73371014798
Calm2,9170.36814978782,17396.170812993045
Calm2,9186.670449124693,17415.684882005266
Calm2,9192.595607417035,17484.18152329844
Calm2,9184.571108150092,17475.882384340686
Calm2,9170.970001241447,17486.0408874801
Calm2,9185.994113226943,17568.839754486213
Calm2,9177.965647887391,17571.62851502427
Calm2,9185.139762506808,17564.860997786014
Calm2,9187.819664161483,17583.944921559378
Calm2,9178.879933178425,17575.058776447404
Calm2,9185.785470698991,17572.025345395792
Calm2,9184.61016075287,17560.172223300502
Calm2,9183.36961414919,17576.111784912446
Calm2,9213.722800575932,17596.144907104288
Calm2,9213.662407076838,17347.24207033641
Calm2,9203.749524352197,17339.28343044614
Calm2,9206.424957818275,17346.754704231204
Calm2,9195.290322431876,17341.43705099749
Calm2,9199.784047820038,17340.9702616224
Calm2,9206.496228690607,17365.801774394284
Calm2,9180.331006710232,17460.570305044428
Calm2,9191.353439196404,17467.969348287344
Calm2,9170.524826373046,17462.550231250014
Calm2,9183.142739780209,17461.01587326391
Calm2,9199.989351600068,17475.176201355276
Calm2,9171.996791269674,17465.085496692627
Calm2,9200.216084990032,17486.266794200663
Calm2,9191.96722338792,17488.76920328497
Calm2,9185.967194634564,17496.090091447433
Calm2,9193.272482154149,17493.740686111985
Calm2,9178.547792307078,17389.5499735357
Calm2,9179.072579342503,17385.839987542236
Calm2,9205.786176681173,17366.37115606114
Calm2,9181.381141958778,17370.805263374474
Calm2,9201.362434200597,17367.906871420888
Calm2,9197.78759897551,17368.970746622654
Calm2,9180.76199400905,17374.458555646477
Calm2,9179.74035329266,17370.501924322525
Calm2,9204.058803208634,17449.670901337402
Calm2,9204.87063375664,17438.460600424532
Calm2,9206.36213963704,17441.8757082672
Calm2,9199.978393188578,17436.343726563307
Calm2,9200.827738506838,17431.167544358934
Calm2,9201.322589155969,17426.560973356623
Calm2,9208.703971135606,17310.299622095
Calm2,9202.497925239168,17326.223300474685
Calm2,9198.60363760038,17330.81283296427
Calm2,9246.140395005208,17388.647875232346
Calm2,9223.806290550487,17379.083943319256
Calm2,9238.17231375194,17472.464461015483
Calm2,9231.719388895368,17478.676727342383
Calm2,9220.159157287686,17479.858838332548
Calm2,9229.025471323599,17476.547961760272
Calm2,9233.323489579596,17477.522416027427
Calm2,9225.5665366029,17474.497667970096
Calm2,9224.094407223738,17477.01106330794
Calm2,9227.842601477207,17469.694101649176
Calm2,9234.841188309987,17479.741107307014
Calm2,9233.825504569637,17551.443370134748
Calm2,9253.926298841512,17540.15426603827
Calm2,9227.93397552492,17541.138094902144
Calm2,9230.98556281053,17546.734207039684
Calm2,9238.142724037494,17548.972897832482
Calm2,9229.157083872831,17548.326563189672
Calm2,9240.962779083215,17403.341804007418
Calm2,9241.363876866331,17406.12515181623
Calm2,9244.065755621928,17437.381765291637
Calm2,9250.723237292166,17434.678509155787
Calm2,9257.12620676824,15917.437526958009
Calm2,9250.347977597778,15921.209428981912
Calm2,9258.44118150362,15925.971539913136
Calm2,9270.811064178297,17448.333227054885
Calm2,9277.86800147768,17441.840266722993
Calm2,9275.196598874641,17436.64886278704
Calm2,9271.740951234025,17440.782253686742
Calm2,9266.302284219655,17447.29139000322
Calm2,9260.569613671187,17433.809808929516
Calm2,9265.660541853465,17396.41386232782
Calm2,9256.844717605129,17395.582802634606
Calm2,9261.676734611336,17402.62248159077
Calm2,9248.58360782843,17402.954227144783
Calm2,9282.47745329192,17394.737073126602
Calm2,9247.23066755778,17407.217786253153
Calm2,9260.979244222934,17401.310809229846
Calm2,9276.741206372175,16588.253806342873
Calm2,9277.951676875253,16605.76050420596
Calm2,9266.38850957862,16612.224822427866
Calm2,9268.28544532967,16624.046681627096
Calm2,9283.91321958887,16599.792692984032
Calm2,9278.069364472372,16609.94639742692
Calm2,9278.715700408007,16599.126817884367
Calm2,9272.875947972323,16605.27190640743
Calm2,9276.925736844874,16597.907930508987
Calm2,9281.169219736345,16605.121395125036
Calm2,9279.722290647784,17479.34232228267
Calm2,9270.417080955378,17470.94438633186
Calm2,9267.118019241223,17486.648302389727
Calm2,9254.503402889051,17487.44108610704
Calm2,9260.570162468199,17504.638285773028
Calm2,9270.773681734547,17490.5170879809
Calm2,9274.965968540531,17517.33887044407
Calm2,9291.201661185969,17532.78445439989
Calm2,9270.166727985048,17503.78999855046
Calm2,9286.311751195435,17520.82760595181
Calm2,9269.113447183317,17524.820768574522
Calm2,9289.024590634597,17516.0599895245
Calm2,9280.350155311751,17395.313947025905
Calm2,9268.923002022637,17378.506174346978
Calm2,9283.180947430646,17386.002988320084
Calm2,9278.53369621425,17386.522290308967
Calm2,9269.687948311584,17386.32576019052
Calm2,9266.43646438055,17370.15338559251
Calm2,9273.625096529926,17393.464711625387
Calm2,9258.095428016639,17377.409847231233
Calm2,9284.977244197005,17379.857274149406
Calm2,9283.17829237566,17370.58760773096
Calm2,9281.293976464161,17377.48068257189
Calm2,9267.562606502253,17368.4235144835
Calm2,9262.197865334181,17378.980155904115
Calm2,9270.320860942387,17505.27010384938
Calm2,9280.472471261697,17504.014853430093
Calm2,9282.11846196848,17496.227804162787
Calm2,9269.101482122245,17559.09407759618
Calm2,9281.230381351112,17557.970377017402
Calm2,9290.533627449719,17562.664470833057
Calm2,9289.705907425634,17563.316754802036
Calm2,9297.350928839262,17573.05265194847
Calm2,9276.475423158785,17556.231346344113
Calm2,9277.304158236275,17560.25450536867
Calm2,9290.949966895689,17564.029453913918
Calm2,9293.500421423707,17756.45095882897
Calm2,9292.374587078633,17766.003589321084
Calm2,9286.084884544867,17754.75423816446
Calm2,9308.346401457236,17237.598331074205
Calm2,9308.546834838133,17238.117910763573
Calm2,9296.921289363481,17200.88533964143
Calm2,9306.802976361229,17360.856249774955
Calm2,9306.438656233733,17387.46314138479
Calm2,9307.013588160198,17386.137209896355
Calm2,9302.35222356791,17368.523248784215
Calm2,9298.240942984603,17371.73362162562
Calm2,9318.399346975862,17366.107640018847
Calm2,9306.683058962391,17382.597442147595
Calm2,9306.802251306628,17346.584665785736
Calm2,9298.877383275563,17367.590661703234
Calm2,9313.131383600594,17376.49936221707
Calm2,9308.189763329647,17391.957306303262
Calm2,9305.371922705746,17391.117377512564
Calm2,9308.720931994174,17393.587363980037
Calm2,9326.458655454087,17402.657513131177
Calm2,9309.114460211305,17390.852545541504
Calm2,9295.31062234089,17398.901851292365
Calm2,9314.892678927616,17408.450661669976
Calm2,9308.763969430878,17476.828210043295
Calm2,9335.72281453241,17504.52789208117
Calm2,9330.03453432167,17506.392615430676
Calm2,9317.295851601184,17492.50970536838
Calm2,9312.472883997736,17509.664105283962
Calm2,9321.390923270485,17508.50652964728
Calm2,9324.73523135336,17501.120733252556
Calm2,9331.975706010604,17457.449038014533
Calm2,9350.973809059673,17452.274680689767
Calm2,9342.619274206878,17433.532779763667
Calm2,9345.86727836424,17429.626154643654
Calm2,9337.925270034693,17432.903576016608
Calm2,9335.887788456344,17449.539645790064
Calm2,9343.720069609946,17435.3980760613
Calm2,9343.19874034969,17442.59446084076
Calm2,9327.983293234756,17435.796174235547
Calm2,9362.837524012486,17488.912039874496
Calm2,9355.27380513464,17489.03008850669
Calm2,9353.603661511439,17481.32410138009
Calm2,9345.191827626271,17488.97630315188
Calm2,9343.444281660719,17475.54127214751
Calm2,9354.49103728224,17476.97628729508
Calm2,9358.742206261531,17481.664980666577
Calm2,9344.321775613618,17499.52207842149
Calm2,9376.7340542621,17486.50018364278
Calm2,9365.395635529143,17529.84889875682
Calm2,9355.208743971922,17562.938814867408
Calm2,9376.711440236872,17555.693909121233
Calm2,9357.145480793992,17555.10154116388
Calm2,9357.171477734702,17556.091697205604
Calm2,9362.377815159047,17555.061036002004
Calm2,9343.731598442399,17555.365113128304
Calm2,9353.8106847762,17564.684334457183
Calm2,9355.21449802826,17537.616210257573
Calm2,9363.22224452576,17396.980867140872
Calm2,9353.842544592035,17382.095148715965
Calm2,9360.064342376905,17409.526801700496
Calm2,9356.72858082801,17405.649353085748
Calm2,9353.240916038783,17398.89519665414
Calm2,9364.710661909368,17393.602784496343
Calm2,9357.239817159782,17403.027210618413
Calm2,9387.207914300609,17430.385179204917
Calm2,9364.79535771973,17587.794332628586
Calm2,9366.411253025879,17591.20655829183
Calm2,9335.759872886838,17573.967180704065
Calm2,9368.966303121651,17379.77316161782
Calm2,9374.328474090249,17377.78215198189
Calm2,9365.776694418055,17365.89358682825
Calm2,9374.041306847568,17382.81714327323
Calm2,9360.572709482813,17377.560759670116
Calm2,9372.006341967191,17404.142323512442
Calm2,9371.514936278498,17403.781836048915
Calm2,9362.6104741636,17402.539589588716
Calm2,9370.125404541333,18140.860644112203
Calm2,9382.385857743193,18140.51666596068
Calm2,9388.168019543893,18149.841348670332
Calm2,9386.624046907365,18140.961641120786
Calm2,9388.397244638396,18144.583863241573
Calm2,9377.492677654629,17437.006995061376
Calm2,9377.189880902439,17455.458192993534
Calm2,9384.468404964935,17569.977498651508
Calm2,9384.64507467147,17590.506150483696
Calm2,9403.228297984362,17582.159533428297
Calm2,9398.918822087137,17578.079995389497
Calm2,9396.437438277628,17584.37171517965
Calm2,9383.846171399675,17578.96482903607
Calm2,9381.79510833595,17467.38196306644
Calm2,9387.619696235086,17453.437402425465
Calm2,9385.406202236894,17432.56558583022
Calm2,9395.049785920794,17454.900003521896
Calm2,9382.136361700323,17467.57313283128
Calm2,9375.150586167436,17388.304314982164
Calm2,9387.645748942352,17404.772729514454
Calm2,9393.59826413663,17400.024114127056
Calm2,9392.963743110278,17401.792466364805
Calm2,9421.526124299733,18124.68287268073
Calm2,9419.377773447197,18130.767692954043
Calm2,9424.596434826522,18131.281124134235
Calm2,9377.88343326902,17511.51624680397
Calm2,9390.46832431456,17517.183855772782
Calm2,9368.430303137082,17525.984478055812
Calm2,9385.87108078497,17518.635059126846
Calm2,9390.973549203129,17508.922092594687
Calm2,9399.664942934214,17519.4309127079
Calm2,9391.998555924029,17529.073555599156
Calm2,9408.50531495061,17479.18608086166
Calm2,9395.546567062593,17474.875070070873
Calm2,9404.30267803763,17480.657555361868
Calm2,9396.444981690704,17460.50075846014
Calm2,9404.942784540439,18054.654634931398
Calm2,9404.756338353129,18067.620014994372
Calm2,9383.15207508044,18067.178049933544
Calm2,9408.785770670253,17528.908626686174
Calm2,9403.371488551811,17524.775433586165
Calm2,9406.590868322131,17449.52299213628
Calm2,9410.717084514123,17444.506281017293
Calm2,9428.678412740217,17499.386743911404
Calm2,9420.923315452337,17510.817055281856
Calm2,9422.176806726635,17510.900422075392
Calm2,9412.9688198519,17500.266066846812
Calm2,9411.487939869574,17489.483651777904
Calm2,9426.514986140868,17518.146494579054
Calm2,9433.510022589075,17487.91862212753
Calm2,9430.008808725312,17599.763664289494
Calm2,9430.887197556305,17601.08098465994
Calm2,9427.042126759057,17599.74529339739
Calm2,9425.178351839571,17581.777462522183
Calm2,9425.148903906871,17598.95015782147
Calm2,9438.526729062325,17612.821865610305
Calm2,9423.930039939378,17565.4791194448
Calm2,9436.547667684352,17558.86549310053
Calm2,9433.31849537863,17574.136464994892
Calm2,9416.439690080218,17566.978439061106
Calm2,9424.695292886034,17574.79130078137
Calm2,9408.650588404946,17578.006610803634
Calm2,9425.789651861998,17565.850567051246
Calm2,9405.813382282737,17555.885611931397
Calm2,9422.452840165606,17584.333115871585
Calm2,9425.001039566388,17554.160873084486
Calm2,9424.316764861673,17568.833020583344
Calm2,9413.970081775804,17570.106468978254
Calm2,9427.752831785987,15993.651426941127
Calm2,9437.872513941998,15990.503266044947
Calm2,9430.87587454868,16002.922495894143
Calm2,9417.582024236972,17417.49519798412
Calm2,9434.886335784968,17415.85317584017
Calm2,9440.467467777962,17417.725171729282
Calm2,9455.942082805326,16218.547726408255
Calm2,9450.676554191275,18170.298455988057
Calm2,9452.918983098405,17441.56885157539
Calm2,9452.418086118672,17446.459555520767
Calm2,9462.511347389851,17452.0725456974
Calm2,9457.456730658834,17431.409371386402
Calm2,9443.336084579561,17435.63594454744
Calm2,9473.704797821321,17451.8810953838
Calm2,9458.305383449502,17449.696723003486
Calm2,9457.898616894361,17445.140822279518
Calm2,9454.33475225123,17449.144846804058
Calm2,9460.716354679136,17451.57250977323
Calm2,9443.73676743674,17456.261518221392
Calm2,9450.953136715263,17441.432481509066
Calm2,9470.67845557046,17455.586564454614
Calm2,9450.32608064297,17448.92538445221
Calm2,9447.275034586539,17452.2875000456
Calm2,9443.785012978806,17544.36792490688
Calm2,9449.69951148565,17534.2228975529
Calm2,9451.535490908356,17540.62336372342
Calm2,9477.620439485685,17532.655424421777
Calm2,9451.67345681441,16892.558374385324
Calm2,9462.785091120943,16900.292669661678
Calm2,9457.867586933446,16895.807037653107
Calm2,9454.37266964087,16891.144364369633
Calm2,9452.075997566672,16871.233351707375
Calm2,9461.613010462679,16882.79081997892
Calm2,9452.815176394835,16891.18163276852
Calm2,9468.829525085499,16882.05500516447
Calm2,9456.637493188264,16892.6324826668
Calm2,9467.902616635796,16893.231827339623
Calm2,9459.324187061555,16447.356666315034
Calm2,9462.890865643718,16414.632632795572
Calm2,9462.541493795989,16433.34311546536
Calm2,9450.090735968757,17626.290527098197
Calm2,9469.807226639612,17626.854052636623
Calm2,9467.842459384714,17624.829325544822
Calm2,9468.962907281557,17618.808334301404
Calm2,9464.919826367703,17614.703984323947
Calm2,9464.71203889837,17601.604068542234
Calm2,9467.778534252226,17496.88245921225
Calm2,9473.454006487253,17487.747538440926
Calm2,9471.542257023591,17490.046485062714
Calm2,9476.880915316582,17502.196045201177
Calm2,9465.590865493727,17491.919387579655
Calm2,9475.06060799151,17500.659490889746
Calm2,9473.299225137365,17499.298289347833
Calm2,9484.584667610021,17501.515667657757
Calm2,9477.407660994551,17509.25997821388
Calm2,9492.161101213904,17569.313296266242
Calm2,9459.638863552753,17580.684129949124
Calm2,9481.987424397214,17554.3049000518
Calm2,9495.605265072887,17467.44322534099
Calm2,9490.290988998117,17457.48336237863
Calm2,9475.553620841822,17448.385665517355
Calm2,9486.853650207455,17436.009664985442
Calm2,9487.629078139971,17455.418663570963
Calm2,9492.881482107154,17449.623874652232
Calm2,9511.73206706137,17469.91918657099
Calm2,9515.898955795643,17467.72067253214
Calm2,9506.688686352796,17472.576020741224
Calm2,9512.115343851096,17470.57816617592
Calm2,9502.176326171717,17580.320246475185
Calm2,9500.718658755573,17593.58979943542
Calm2,9494.739091115684,17599.63609506219
Calm2,9520.102460101198,17594.943823553684
Calm2,9500.583403142615,17594.998566080005
Calm2,9510.984169716041,17598.832678318286
Calm2,9515.222796996268,17595.958394539008
Calm2,9494.313075405216,17597.29960995105
Calm2,9506.995502321619,17581.328929269584
Calm2,9491.745979276538,17525.22235699497
Calm2,9504.350631541723,17530.74373448611
Calm2,9506.440213693932,17515.98823162927
Calm2,9509.845876259873,17526.943430710253
Calm2,9499.515683656698,15958.060211688293
Calm2,9531.758051940666,17558.01672973676
Calm2,9511.177783153647,17531.15961732472
Calm2,9510.627934360062,17552.622208371504
Calm2,9514.95399483881,17568.084138689377
Calm2,9509.023602173254,17549.808593000012
Calm2,9522.47071824529,17556.083859507915
Calm2,9526.297617866183,17561.040338685194
Calm2,9525.982097142356,17649.552761131938
Calm2,9511.62667338282,18073.445177553094
Calm2,9520.01718667583,18079.013191721002
Calm2,9515.442905653917,16737.96331944158
Calm2,9526.950060015763,16724.859638220973
Calm2,9557.374194621061,17509.832801331595
Calm2,9525.197423128975,17525.17577346256
Calm2,9546.886660874672,17520.448615485457
Calm2,9542.049621389617,17561.459358351898
Calm2,9535.680453669513,17554.58925530933
Calm2,9519.872955957293,17557.18577212551
Calm2,9538.931297017652,17573.107994667516
Calm2,9543.361717391423,17549.790049834224
Calm2,9534.993600984822,17564.835471376347
Calm2,9552.87663831445,17560.639819253367
Calm2,9530.49105971957,17539.05182581181
Calm2,9547.375379738365,17544.07582093464
Calm2,9543.38159658915,17564.654050596626
Calm2,9534.366473441209,17558.08337790936
Calm2,9529.690434518348,17631.042609614888
Calm2,9526.767909257655,17626.686181140496
Calm2,9549.503054176212,17626.031678039686
Calm2,9536.535994026832,17639.955091627733
Calm2,9540.485309501239,17633.9906924414
Calm2,9535.422169022271,17637.210862294316
Calm2,9532.127331931331,17648.030507075502
Calm2,9550.363391800458,17624.127453079655
Calm2,9553.587569473279,17631.24670139422
Calm2,9559.908931055525,17478.424955252634
Calm2,9566.029651342293,17472.99751730581
Calm2,9556.095686869672,17490.594927024275
Calm2,9576.975668413123,17550.16124927274
Calm2,9574.288416794867,17538.024245967026
Calm2,9571.980653096278,17553.014086449974
Calm2,9574.387691460457,17536.649793751545
Calm2,9569.55849922381,17541.075715008887
Calm2,9575.456819858355,17546.095154999355
Calm2,9549.30673714236,17602.43808723694
Calm2,9544.939175180953,17604.532661210153
Calm2,9534.274915618738,17599.842253011586
Calm2,9546.932266274775,17613.551202459035
Calm2,9563.082611722279,17603.617159250898
Calm2,9582.890108111926,17660.744089260483
Calm2,9585.737264874437,17651.950341320764
Calm2,9598.548782746595,17659.616047322073
Calm2,9574.402808946332,17654.257817884747
Calm2,9575.716414626526,17652.841497093323
Calm2,9586.140202001881,17613.85397124921
Calm2,9593.362157095211,17609.151560813305
Calm2,9588.986980336691,17604.779883551782
Calm2,9592.403124026701,17615.535663097144
Calm2,9581.294395259427,17614.0036907728
Calm2,9580.040526257533,17625.86697663099
Calm2,9575.74193451026,16180.741549756485
Calm2,9580.214603542448,17696.964803053877
Calm2,9563.094892790024,17674.724929086526
Calm2,9564.562133864094,17677.627952480467
Calm2,9590.936381999914,17478.907056528657
Calm2,9578.837360665162,17490.692352250502
Calm2,9573.362552568899,17484.12897088461
Calm2,9586.786342969923,17502.097013135884
Calm2,9578.300679751466,17492.16088035085
Calm2,9588.561941061365,17485.540379832597
Calm2,9585.359065782866,17496.179310184703
Calm2,9597.65705334951,17481.436287944955
Calm2,9579.62071271668,17493.7463049439
Calm2,9582.26684943983,17485.51920498855
Calm2,9590.974589262487,17491.41442460034
Calm2,9590.208087756999,17482.587830075117
Calm2,9589.203376221212,17479.556892637076
Calm2,9576.782087220856,17505.27889408578
Calm2,9590.191675427039,17491.968154530783
Calm2,9586.494855151317,17491.143946760905
Calm2,9603.236824654403,17486.70449834877
Calm2,9585.616663188672,17491.178929645277
Calm2,9590.017922939856,17567.66842349172
Calm2,9595.767317393536,17544.578981879633
Calm2,9599.496713808401,17554.24482237304
Calm2,9591.7814010374,17572.03263987953
Calm2,9585.09851757658,17559.811854423406
Calm2,9574.149233125137,17562.177831325393
Calm2,9599.104371904828,17563.045827165017
Calm2,9582.474557288864,17575.04668066879
Calm2,9597.092938648733,17372.700487030805
Calm2,9598.272943694988,17704.861552751634
Calm2,9611.771800872362,17693.694559678614
Calm2,9617.938790456748,17574.687725422493
Calm2,9634.315807618406,17577.074425175044
Calm2,9619.404557964108,15946.32631232121
Calm2,9619.456700787207,15950.675492056225
Calm2,9613.71246046242,15946.224727132947
Calm2,9630.452380667588,15940.702627983299
Calm2,9632.513541283402,17607.65920329407
Calm2,9632.504879172377,17626.158707756
Calm2,9636.006900225782,17621.66200653603
Calm2,9642.081680971101,17605.603171526353
Calm2,9636.702674259872,17611.76296853552
Calm2,9636.18239940633,17627.88239230736
Calm2,9652.281987770844,17651.933119247304
Calm2,9640.01335212596,17656.61477042163
Calm2,9643.616735370373,17637.678606836045
Calm2,9657.403460089297,17513.824204558023
Calm2,9638.5767721252,17503.397344199686
Calm2,9647.208375579934,17522.579622515925
Calm2,9649.49853459191,17509.58113193497
Calm2,9650.370893914867,17511.669015154308
Calm2,9657.222686970896,17513.899405490698
Calm2,9632.871317178427,17492.011964631532
Calm2,9656.909366483518,17508.087551369033
Calm2,9654.305942775462,17543.377918911643
Calm2,9645.275658875325,17556.549843008168
Calm2,9653.639186438604,17533.297845939647
Calm2,9633.189429740883,17588.503664730513
Calm2,9671.543078154456,17590.935861053847
Calm2,9666.121857880957,17594.752755279875
Calm2,9643.447983356562,17586.518256198444
Calm2,9645.166094409702,17608.22760866795
Calm2,9645.07229243156,17599.8818581858
Calm2,9660.4105585126,17592.20565610607
Calm2,9642.217166640094,17580.77868211316
Calm2,9660.44652402318,17591.856812722235
Calm2,9654.800392829955,17717.817312637562
Calm2,9649.940388721783,17714.66329140771
Calm2,9651.983675940704,17726.866135303015
Calm2,9661.329557658324,17731.55569665415
Calm2,9654.60775626433,17724.46044203149
Calm2,9651.795980735953,17729.25760778499
Calm2,9650.77613730077,17727.621553663652
Calm2,9665.804025626483,17726.2844651268
Calm2,9669.600363310406,17721.869981464988
Calm2,9661.473039594646,17724.497675293078
Calm2,9671.285246626796,18219.483913078737
Calm2,9689.3019495074,18233.66282476856
Calm2,9647.053276117626,17615.841512785926
Calm2,9651.187137496641,17626.196260417404
Calm2,9655.57198553568,17611.739365149224
Calm2,9657.852612789635,17625.50936388721
Calm2,9652.704657008442,17626.480395902785
Calm2,9646.221118727375,17634.790368446626
Calm2,9667.065692122635,17699.582017435303
Calm2,9677.620422221951,17683.42269856529
Calm2,9691.166822510402,17663.202254035423
Calm2,9678.694479403912,17702.92193993901
Calm2,9662.4651545471,17552.187755908682
Calm2,9676.49371156984,17555.186746286046
Calm2,9671.111944443044,17560.318923782495
Calm2,9669.108250771704,17543.404831544263
Calm2,9670.534298905284,17558.343359951694
Calm2,9652.173450269787,17657.782396524686
Calm2,9669.720014221624,17654.412714547125
Calm2,9652.963433535704,17663.533022199706
Calm2,9686.33534491287,17595.923504895483
Calm2,9680.044893183958,17585.265368246026
Calm2,9705.1855593505,17651.30559105962
Calm2,9697.920369476924,17685.953710685208
Calm2,9689.080205613489,17687.56492271022
Calm2,9692.617971262782,17659.828544025106
Calm2,9701.810953481438,17663.18611414646
Calm2,9700.01185180594,17654.184203885467
Calm2,9689.669065642991,17670.841722271132
Calm2,9683.864432692042,17668.99147273908
Calm2,9691.851211393647,17684.52785371193
Calm2,9691.349549082597,17667.72535681027
Calm2,9701.363830810216,17662.74114925323
Calm2,9685.567805548446,18108.632577299504
Calm2,9699.795909225688,18146.087024230088
Calm2,9711.10537802435,18150.08280976475
Calm2,9704.877672843615,18144.389018742135
Calm2,9700.683458285428,17507.768226412154
Calm2,9692.480931269143,17524.292738610984
Calm2,9690.141840414066,17513.69268258791
Calm2,9717.478316744648,17535.275500833486
Calm2,9698.447637380561,17543.08171059244
Calm2,9718.441732317968,17526.001133641486
Calm2,9718.479898916175,17585.94655446021
Calm2,9708.48452135015,17584.174890872477
Calm2,9712.026391092888,17562.711919938443
Calm2,9702.967379016529,17585.052046971578
Calm2,9698.397281757447,17561.600775075498
Calm2,9719.058954982218,17593.198339706676
Calm2,9707.14134344471,17581.385854976994
Calm2,9715.004076180727,17587.3124689194
Calm2,9692.832355576995,17734.611599802553
Calm2,9723.086955094252,17732.881040724988
Calm2,9702.442487480766,17739.901216064693
Calm2,9744.347883901668,16147.340621318117
Calm2,9731.373496866327,16149.503251453982
Calm2,9732.31600814273,16151.246006697096
Calm2,9736.218312279994,17635.822356435925
Calm2,9743.473055702727,17644.795674267494
Calm2,9717.904896880967,17645.124764320393
Calm2,9738.28632384685,17633.725771427286
Calm2,9732.133176822701,17652.853782133032
Calm2,9730.609382028695,17655.326154511135
Calm2,9729.165685638023,17636.570384664064
Calm2,9723.35559427094,17627.17510709478
Calm2,9726.233579709364,17646.81425973143
Calm2,9717.112780217794,17629.353696277696
Calm2,9728.001775131563,17640.77230630767
Calm2,9717.910609732497,17632.506940753345
Calm2,9717.427206435059,17625.663388941764
Calm2,9732.102299309881,17652.164373901058
Calm2,9740.712480912589,18127.427982902667
Calm2,9728.513834860707,17697.346891388643
Calm2,9733.426861961912,17704.930284064136
Calm2,9741.063714326374,17692.194875016856
Calm2,9728.896317625844,17703.67665527599
Calm2,9719.451528439995,17692.09429581216
Calm2,9722.234202625456,16641.421742192295
Calm2,9717.261920635081,16652.5231531213
Calm2,9729.086304349983,16641.098227630275
Calm2,9731.85441935147,17564.42740401148
Calm2,9721.574949814183,17567.105080440782
Calm2,9732.01462304983,17589.08789098916
Calm2,9737.867125897568,17559.439692487536
Calm2,9733.975911676805,17564.613103835934
Calm2,9724.327149028572,17579.533580639745
Calm2,9748.600221308005,17581.166725952975
Calm2,9732.592667276362,17550.52251326821
Calm2,9732.660775439479,17538.917572494338
Calm2,9742.163021724009,17534.421103553894
Calm2,9726.16007919554,17545.53870266756
Calm2,9738.855070101545,17547.956674670248
Calm2,9750.396558436976,17551.851303391624
Calm2,9739.064646037892,17534.320479016937
Calm2,9729.951415807986,17528.10751518536
Calm2,9752.050618179577,17542.529054016228
Calm2,9743.731083594574,17536.161213327254
Calm2,9730.455257329959,17549.468061765594
Calm2,9744.928320005776,17657.387311616596
Calm2,9765.707398401773,17683.086015001347
Calm2,9748.844816838731,17664.16895381693
Calm2,9748.52033086758,17657.359497869544
Calm2,9743.091970076212,17664.24567435565
Calm2,9756.844849071862,17660.47889934396
Calm2,9770.719713706494,17618.12527290632
Calm2,9754.894996106555,17635.849926191408
Calm2,9766.261323961018,17608.212729305145
Calm2,9730.834308124913,17723.72482931675
Calm2,9747.482525030953,17508.274071639767
Calm2,9775.034788975909,17497.210041760718
Calm2,9763.70147995531,17505.14588053447
Calm2,9769.05911305172,17502.43359831241
Calm2,9770.619532505569,17502.28614059484
Calm2,9757.849698716765,17506.387961251083
Calm2,9768.90331246741,17708.476222213227
Calm2,9767.487323177866,17707.6740382147
Calm2,9772.454389641485,17568.620598446385
Calm2,9778.032916065486,17677.875850235087
Calm2,9795.304050722434,17665.6877571765
Calm2,9786.118000586359,17673.43040012032
Calm2,9788.226933423663,17675.80724524083
Calm2,9769.93400498544,17674.901298117446
Calm2,9784.441638463797,17674.03169247089
Calm2,9772.735671495282,17649.86628135505
Calm2,9762.463539160004,17642.40564791686
Calm2,9756.413815683552,17650.33559542698
Calm2,9771.150204633292,17645.012663211197
Calm2,9775.056805331214,17646.328775949034
Calm2,9782.589322299167,17575.13742193918
Calm2,9785.152887373715,17586.4900267044
Calm2,9795.45196548642,17590.354156276942
Calm2,9793.118186176674,17582.710302488205
Calm2,9804.232249738545,17590.302574547724
Calm2,9782.095185096814,17591.54258466659
Calm2,9787.15538718722,17585.675070301815
Calm2,9795.220790400455,17578.9927566475
Calm2,9773.451896397179,17568.19794429446
Calm2,9800.775810287347,17620.267076666314
Calm2,9792.561972021711,17573.1858785465
Calm2,9796.23897918481,17706.290455745344
Calm2,9792.150484950844,17707.965978635264
Calm2,9799.597536611422,17702.238882708116
Calm2,9796.132180565895,17718.668967217684
Calm2,9786.904705780486,17704.629347100625
Calm2,9786.686046644436,17700.512166968485
Calm2,9825.478011249794,17681.502693344755
Calm2,9794.569788600102,17675.63875322332
Calm2,9807.13576315192,17659.611165384355
Calm2,9816.296821073282,17688.151635382994
Calm2,9804.60520705915,17676.31798565191
Calm2,9823.66540332738,17673.83417567793
Calm2,9815.689042195272,17625.07027301281
Calm2,9832.328619879383,17623.06474630105
Calm2,9826.350235858199,17640.929395616262
Calm2,9826.26234765843,18067.376316736103
Calm2,9836.33528512136,18071.202118625486
Calm2,9835.97396115885,18052.679702998368
Calm2,9830.804797619337,17598.804240405985
Calm2,9821.450493374332,17595.59439135367
Calm2,9837.063437481536,17598.558796331054
Calm2,9812.737354062827,17587.597433743635
Calm2,9825.526875337282,17606.20694238281
Calm2,9817.409024134313,17588.843208734586
Calm2,9836.653261725434,17625.71240321147
Calm2,9819.0818833065,17784.09420523709
Calm2,9819.137574156995,17786.336517108906
Calm2,9805.052338957863,17757.851939633732
Calm2,9810.996021334959,17761.46583149834
Calm2,9817.011228589969,17754.33238151185
Calm2,9834.84142073036,17781.656268611157
Calm2,9854.547436516634,17690.935088732982
Calm2,9845.916016191995,17694.938727626246
Calm2,9830.177728389455,17684.525078265437
Calm2,9827.967104661415,17723.711112803772
Calm2,9826.611960159204,17711.857118675955
Calm2,9829.260618971162,17721.787646159955
Calm2,9829.518106212412,17731.257750430876
Calm2,9854.749259766044,17736.54119867205
Calm2,9844.291433076272,17732.160782295905
Calm2,9828.018590759793,17736.533227807733
Calm2,9854.191695756548,17621.764377101517
Calm2,9867.018705708602,17627.882417585926
Calm2,9861.836925060823,17627.175952043697
Calm2,9837.58682725383,17628.82461046915
Calm2,9841.239241937763,17629.142228208988
Calm2,9851.546288990958,17613.966302749737
Calm2,9854.607857244384,17756.540618358376
Calm2,9844.510481143667,17775.05092104718
Calm2,9867.163617767177,17755.04559142052
Calm2,9854.442851858375,17764.25193700367
Calm2,9866.161697882393,17746.997226447522
Calm2,9866.565365345257,17750.419421223083
Calm2,9855.792788518771,17759.812073915076
Calm2,9862.72015665047,17756.289573771082
Calm2,9853.52262872117,17771.966819496796
Calm2,9874.370898255866,17754.022945925422
Calm2,9861.240951601078,17759.898055056812
Calm2,9852.511104652202,17767.734695470426
Calm2,9856.550932468135,17813.199094712258
Calm2,9851.674057268498,17817.317260176198
Calm2,9837.98246085142,17648.8694911319
Calm2,9852.936269951973,17656.519911409287
Calm2,9832.550313461212,17664.80077530946
Calm2,9848.213896391835,17787.774855544543
Calm2,9856.232837172487,17787.094133927654
Calm2,9854.93723631608,17801.966414177838
Calm2,9855.181654339967,17804.130244039585
Calm2,9872.679560961116,17790.483870593423
Calm2,9870.646054812692,17785.71106363344
Calm2,9871.910244513178,17783.532564167934
Calm2,9851.779434320386,17787.844198302617
Calm2,9863.069801440208,17786.596892896825
Calm2,9871.08860579773,17794.515607757497
Calm2,9874.325575434828,17690.173141740466
Calm2,9868.886443184723,17684.054295922746
Calm2,9867.066741193721,17704.72202554797
Calm2,9859.47559006196,17716.15594551728
Calm2,9866.568034496533,17687.014215957744
Calm2,9870.508708171328,17684.73365578888
Calm2,9855.078539969203,17700.79503377899
Calm2,9877.071209560741,17696.948652653886
Calm2,9875.002751603255,17651.648578136206
Calm2,9886.338723065259,17628.72978676073
Calm2,9896.967608639416,17626.127605492908
Calm2,9893.720953349648,17629.206353539998
Calm2,9882.640291968468,17618.39556349782
Calm2,9892.778853715901,17623.218034555346
Calm2,9888.278337006584,17774.97537107895
Calm2,9899.443438539942,17789.82855388241
Calm2,9875.63435356149,17768.377879387375
Calm2,9893.18086708992,17681.093131196107
Calm2,9879.79196935797,17686.193230734752
Calm2,9888.377122498503,17693.66150800899
Calm2,9904.066919268163,17695.863663901873
Calm2,9882.159217795708,17697.12649314564
Calm2,9894.280126468995,16367.904799076874
Calm2,9884.23521065109,16351.970693986208
Calm2,9889.175261323398,16343.74996314956
Calm2,9889.53199458597,16355.991872985087
Calm2,9902.714344096605,16362.437620613311
Calm2,9897.501101463467,17666.49225365507
Calm2,9893.116548761807,17656.50168953493
Calm2,9903.933673591007,17659.818528170854
Calm2,9873.861111734826,17666.927323447115
Calm2,9907.89101884495,17663.484861662047
Calm2,9903.099932576488,17748.816739250557
Calm2,9885.747740073748,17762.646681216243
Calm2,9903.345854306948,17752.792061884076
Calm2,9912.186802253766,17647.87489218278
Calm2,9909.720725304827,17635.726369149772
Calm2,9887.183643121547,17658.431051819683
Calm2,9916.625836938805,17654.315057907814
Calm2,9907.278120115705,17636.811482874415
Calm2,9914.251105291942,17629.805102693223
Calm2,9926.804583314923,17727.005857183973
Calm2,9938.15056748817,17744.381286673048
Calm2,9937.51368571954,17738.723399070313
Calm2,9901.978666961471,17736.751641403538
Calm2,9927.750601886932,17740.313193235655
Calm2,9935.226186923612,17738.47265146211
Calm2,9927.303457149308,17751.04002376709
Calm2,9936.86817309713,17730.433546387285
Calm2,9917.629395752432,16369.533435306892
Calm2,9932.013062521119,16393.33055464704
Calm2,9959.841801890982,16384.194440583287
Calm2,9937.247236680325,16386.173892315837
Calm2,9939.823074394217,16373.256680773358
Calm2,9943.900051888504,16372.961654444747
Calm2,9913.198321551032,18072.815959303447
Calm2,9895.49062651692,18055.126175264675
Calm2,9936.934572132934,18077.240013433962
Calm2,9928.511707939528,18082.766001834247
Calm2,9920.365873850516,18066.105588828093
Calm2,9920.59457043207,18052.260244147845
Calm2,9909.739693863043,18060.429518207126
Calm2,9940.919344898934,18074.489604575054
Calm2,9926.505778770892,17687.801602339325
Calm2,9927.289638612003,17660.75904653482
Calm2,9927.425871639178,17671.226020901926
Calm2,9935.801379494027,17650.233069465645
Calm2,9943.820376490157,17626.61722879081
Calm2,9951.669725851232,17617.8151476384
Calm2,9957.224604257663,17618.383107526635
Calm2,9927.596809425515,17786.998610730192
Calm2,9931.848283497127,17804.732671503985
Calm2,9935.214576796228,17805.15516945651
Calm2,9944.022015751594,17797.91368545878
Calm2,9936.40566624828,17814.600366171024
Calm2,9966.253343398655,17799.09353065881
Calm2,9959.929913084301,17789.788708893106
Calm2,9964.243672160215,17725.424686610837
Calm2,9976.219750652424,17737.35061696093
Calm2,9949.22675360179,17773.982336930316
Calm2,9968.739174377139,17762.20170003228
Calm2,9957.705775896698,17753.90543857426
Calm2,9947.160639415573,17750.23863943181
Calm2,9970.50678326825,17768.610278461154
Calm2,9948.308155191484,17758.026058239244
Calm2,9975.256055612024,17669.65720981277
Calm2,9983.433300979545,17684.506521933086
Calm2,9996.414042536315,17670.524578176097
Calm2,9991.236336959873,17679.284761437786
Calm2,9989.356637481686,17676.893719482014
Calm2,9979.365502998979,17670.563475979638
Calm2,9957.921463957344,17681.532101578414
Calm2,9990.619911778655,17764.57537661498
Calm2,9986.758339472797,17773.00310800721
Calm2,9998.12420404492,17776.87002077759
Calm2,10006.901240542984,17760.65223182994
Calm2,9989.972593832746,17808.42700441268
Calm2,9979.752061755345,17813.72025300014
Calm2,9973.823572897,17800.65895925548
Calm2,9975.000457168857,17808.065064790153
Calm2,9995.003984982382,17802.73097068328
Calm2,9996.861021837303,17713.1773584692
Calm2,9995.765446937197,17715.884671175736
Calm2,9983.197369579842,17717.755513674947
Calm2,9987.355567452123,17707.73420772518
Calm2,9985.381450845865,17720.644016320875
Calm2,10028.85804959827,17668.569109799577
Calm2,10020.10388870842,17654.59059800932
Calm2,10021.37872321187,17654.72631738826
Calm2,10016.745447345544,17673.63803744852
Calm2,10024.222623643158,17652.77667843317
Calm2,10019.682339471865,17667.485649056736
Calm2,10034.064685482836,17667.0573192557
Calm2,10022.088439925057,17659.34444056353
Calm2,10018.620213833701,17663.114119304628
Calm2,10015.462173035039,17654.741010028938
Calm2,10019.71261731435,17665.986629753024
Calm2,10016.265957095593,17656.595254429983
Calm2,10018.755203219112,17652.794946580052
Calm2,10018.013335772319,17668.885862342224
Calm2,10009.921592301993,17691.22826200608
Calm2,10021.570938935904,17702.124304369285
Calm2,10021.112088680778,17705.42455130869
Calm2,10019.560707447034,17683.73011483827
Calm2,10014.777703384594,17691.607823460734
Calm2,9996.305947222549,17686.043617607444
Calm2,10002.50083314522,17703.184707523935
Calm2,10013.451032424973,17697.172865714463
Calm2,10008.530159281918,17744.270157600557
Calm2,10029.05414040473,17755.285118118565
Calm2,10014.756722106435,17755.733020651278
Calm2,10040.092943603024,17841.322585287595
Calm2,10034.827406385371,17871.261844517816
Calm2,10032.84644647994,17844.95762989205
Calm2,10058.90283534537,17736.155801102745
Calm2,10038.513107381637,17719.41891754173
Calm2,10047.624940186888,17738.67487605017
Calm2,10047.48037192984,17727.966559134395
Calm2,10031.147049634843,17733.537582571047
Calm2,10046.813075723221,17698.45816721967
Calm2,10041.003598331577,17697.26480761433
Calm2,10034.85917814437,17701.572093140825
Calm2,10040.996905430875,17685.382713885083
Calm2,10032.124127975241,17676.252004498154
Calm2,10040.393422552097,17689.02773392903
Calm2,10017.410569650781,17766.90578049216
Calm2,10048.937647662979,17775.354730521965
Calm2,10023.561400962439,17773.82526704945
Calm2,10014.111325402593,17777.895565961397
Calm2,10033.495972120363,17791.940133108677
Calm2,10042.815243452791,17767.439508902422
Calm2,10027.874522051428,17769.143042040465
Calm2,10042.045390471418,17770.179940290862
Calm2,10027.56361372612,17797.28352868811
Calm2,10059.582522879702,17796.21920149006
Calm2,10059.99052763548,17851.769338929593
Calm2,10078.162025438025,17868.10996836101
Calm2,10053.265378350641,17838.077212890432
Calm2,10075.933288480344,17853.50905873779
Calm2,10057.690532450757,17859.41728857233
Calm2,10068.238866586817,17855.370558457325
Calm2,10066.283189418597,17852.956926457005
Calm2,10063.27807825122,17847.81433009795
Calm2,10076.262923030234,17839.40363014071
Calm2,10083.018234482237,17749.686294553652
Calm2,10050.36487189633,17762.95866876106
Calm2,10068.249987476207,17754.178320250474
Calm2,10097.193063655914,17766.76614563026
Calm2,10085.221160118972,17823.857328782906
Calm2,10081.364978405756,17810.172441148905
Calm2,10086.955880709882,17825.79292774251
Calm2,10085.933029167494,17812.915274743726
Calm2,10075.996109699765,17809.157515072835
Calm2,10094.055080428225,17828.508508863288
Calm2,10063.71063356794,17626.649003187427
Calm2,10072.97773087776,17619.057417996653
Calm2,10086.196549124475,17638.12829886484
Calm2,10075.558475479325,17746.320483618107
Calm2,10075.460233437885,17734.46451572158
Calm2,10079.72700910622,17743.687459505352
Calm2,10071.104867345231,17734.49452817405
Calm2,10077.55655014977,17726.174442876563
Calm2,10070.130424598901,17726.197624198514
Calm2,10084.094432692164,17722.490699112277
Calm2,10073.272504868813,17719.142917720503
Calm2,10078.529154530754,17730.89640465017
Calm2,10113.283998626508,17720.37085568416
Calm2,10124.37031567475,17705.021643036172
Calm2,10121.424901475935,17686.30825754246
Calm2,10089.474322234779,17685.526316611915
Calm2,10098.068037778266,17707.92296578476
Calm2,10094.092609767822,17677.177912365547
Calm2,10089.64682042546,17682.70145972304
Calm2,10110.965297408267,17832.256952198597
Calm2,10098.59324803825,17851.37008457959
Calm2,10111.818349673309,17843.348898414595
Calm2,10110.117745846446,17838.79769028267
Calm2,10116.381622566574,17858.512256034057
Calm2,10103.054649530053,17857.600382294084
Calm2,10099.411548356788,17860.93461869066
Calm2,10086.829284702384,17858.91638088651
Calm2,10091.994888826111,17789.308186639715
Calm2,10102.421183919336,17786.193932498823
Calm2,10105.615726979864,17791.13497390452
Calm2,10088.224207355588,17770.32181734262
Calm2,10114.273392366069,17778.504789840175
Calm2,10092.733890678075,17791.53520916492
Calm2,10115.136411414342,17783.816739533035
Calm2,10103.83951939269,17787.66149985824
Calm2,10109.555014360969,17866.59583597317
Calm2,10111.441531948054,17892.157633626302
Calm2,10125.133146726188,17875.104846737944
Calm2,10134.583647652575,17874.76220801464
Calm2,10115.325278896968,17876.70523398257
Calm2,10124.22672249097,17859.292986086755
Calm2,10103.141043102694,17867.950388406964
Calm2,10117.64886152026,17747.333778751265
Calm2,10133.861110253674,17750.818407175346
Calm2,10124.644937686639,17740.022737714615
Calm2,10118.137900967266,17740.2201053346
Calm2,10117.551339403206,17726.883421246046
Calm2,10114.153580900727,17751.2290723577
Calm2,10125.026715541126,17747.817768190173
Calm2,10125.17279593389,17812.656495578423
Calm2,10114.960571214242,17823.135374204594
Calm2,10149.310455284083,17843.61458935712
Calm2,10145.919030604622,17839.596761680237
Calm2,10147.107603638215,17848.182777661314
Calm2,10136.733757257201,17841.38622350472
Calm2,10154.132924905422,17833.399435362615
Calm2,10145.31998934864,17849.226625241805
Calm2,10149.887652744706,17836.2126861471
Calm2,10149.12238105893,17762.573847238084
Calm2,10146.497821035344,17678.152925556773
Calm2,10158.204219541905,17685.63601993179
Calm2,10134.24508057914,17685.915784086912
Calm2,10147.756365237678,17702.148053931454
Calm2,10149.911879097499,17696.157454157055
Calm2,10153.074447983214,17700.380574834355
Calm2,10159.13961772737,17690.660213745396
Calm2,10129.087591849266,17698.931945215318
Calm2,10140.939627480922,17695.99625475022
Calm2,10142.133284622843,17694.957771144618
Calm2,10147.912979216857,17695.543042262434
Calm2,10131.481786708457,17801.198406439642
Calm2,10149.624875541673,17814.02231381662
Calm2,10139.634880462427,17811.791846062697
Calm2,10163.617201066332,17780.36883770011
Calm2,10144.5832601287,17801.06043756524
Calm2,10145.927384880084,17792.374328210422
Calm2,10164.846931790737,17797.928103572962
Calm2,10154.60108034468,17798.152890504753
Calm2,10150.797437205116,18204.243368732732
Calm2,10153.777231046051,18195.533589846633
Calm2,10168.461641672644,18198.011543953224
Calm2,10158.268468588982,17649.64576464639
Calm2,10156.003745827096,17645.21768861601
Calm2,10150.426468037964,17943.62357869545
Calm2,10169.316095549535,17948.50558149457
Calm2,10170.438918209418,17939.629266380107
Calm2,10165.70587519667,17942.436152151186
Calm2,10159.387727717574,17952.716959901092
Calm2,10175.057284128525,17747.20153486281
Calm2,10175.792142716242,17748.428942998613
Calm2,10159.64754984037,17763.06363241674
Calm2,10183.343345452384,17757.656390762586
Calm2,10161.293643891391,17750.003336976784
Calm2,10161.746600215407,17748.579606741856
Calm2,10161.014723832455,17740.694542992693
Calm2,10176.790722582475,17745.308281928956
Calm2,10183.410491591498,17756.10346194157
Calm2,10182.300495403393,17754.27741310208
Calm2,10151.577519990438,17758.2922721503
Calm2,10164.186861216478,17859.245404918165
Calm2,10177.747980585023,17867.092690591668
Calm2,10165.599795982796,17874.05842734329
Calm2,10173.882765808246,17707.039794232394
Calm2,10167.647333902021,17718.28692862898
Calm2,10184.936835023758,17706.763322750732
Calm2,10198.628523920435,17724.223807905437
Calm2,10174.651386797666,17719.84440846781
Calm2,10154.527036988728,17716.584840991814
Calm2,10209.102728067237,16861.646155413306
Calm2,10195.273466293374,17767.82040731626
Calm2,10195.825902208077,17772.05863919051
Calm2,10206.669562095998,17783.976342412367
Calm2,10176.408726954844,17812.150021148387
Calm2,10186.59621025063,17825.830710371145
Calm2,10176.522615080312,17837.90714148006
Calm2,10193.226349804438,17811.967100410082
Calm2,10194.631207336537,17811.58899991547
Calm2,10214.355459561935,17826.328761807523
Calm2,10196.345609504448,17840.18199058454
Calm2,10198.173930284553,17838.533725334528
Calm2,10210.605520938772,17823.89397037049
Calm2,10191.937082173783,17855.427161625685
Calm2,10196.270977878328,17833.71680669848
Calm2,10189.255843816049,17739.443702065935
Calm2,10203.425698127054,17725.967942043175
Calm2,10204.043956462092,17936.738182700377
Calm2,10203.963168902821,17936.940209531043
Calm2,10206.89863864991,17927.540191753105
Calm2,10200.78744348259,17946.932347456433
Calm2,10212.380824124759,16834.439646248316
Calm2,10210.214952924869,17873.596025064777
Calm2,10219.349537511502,17848.365305010215
Calm2,10213.981285187085,17766.547926640313
Calm2,10228.563037612099,17755.54279753903
Calm2,10226.709275749334,17756.33297763138
Calm2,10215.308264473033,17754.212295359976
Calm2,10245.96412070014,17759.053075905915
Calm2,10227.185708889307,17798.42036017532
Calm2,10235.402325816347,17796.88964683182
Calm2,10219.752949458065,17808.056010302
Calm2,10235.08627174493,17807.364080220555
Calm2,10218.827881862539,17808.960827937688
Calm2,10222.942308737393,17804.419967138037
Calm2,10228.051661578005,17717.052013542896
Calm2,10245.043310794594,17715.08253726793
Calm2,10235.965518227105,17718.276695655335
Calm2,10230.151532619735,17699.574299057527
Calm2,10239.319990233867,17718.567884429893
Calm2,10227.618459210276,17703.498847389605
Calm2,10228.201339933785,17706.926677556603
Calm2,10220.607676674363,17706.168289965826
Calm2,10241.240143423995,17716.381455432806
Calm2,10240.248777639998,17848.689247044942
Calm2,10249.420009513698,17843.169590012192
Calm2,10248.220015154217,17844.43819385641
Calm2,10262.659381289714,17850.348871092032
Calm2,10243.956389368988,17819.49034620381
Calm2,10227.115739178133,17845.614560864975
Calm2,10232.513611130427,17839.004293166807
Calm2,10257.829880047899,17846.93270822796
Calm2,10233.608774408054,17850.99618410237
Calm2,10251.11536497558,17831.798133906253
Calm2,10231.531809849706,17844.8626264827
Calm2,10229.710286378573,17843.171299834838
Calm2,10249.301548402898,17959.195569607138
Calm2,10243.712282470502,17976.218376799963
Calm2,10256.445851204417,17977.0389248547
Calm2,10264.435937466884,17771.179329818562
Calm2,10272.455286908697,17771.70628797034
Calm2,10275.5403086304,17802.348256619498
Calm2,10244.517365458767,17799.17283191943
Calm2,10261.48315551199,17791.84733448418
Calm2,10266.103675336002,17802.265132793247
Calm2,10258.390125265996,17788.39259363111
Calm2,10253.283630695114,17798.86889610607
Calm2,10265.374800235393,17811.74694925092
Calm2,10270.76162825899,17797.957715956152
Calm2,10267.673426948913,17811.705316238556
Calm2,10267.888639568228,17817.368752295253
Calm2,10264.56989354293,17733.336347463366
Calm2,10273.328054293963,17740.75325740602
Calm2,10269.35787644698,17876.12719152755
Calm2,10273.8912081677,17880.222021482943
Calm2,10276.334722137415,17883.81172738919
Calm2,10291.752020236496,17911.15545485484
Calm2,10286.339417064664,17883.790189147956
Calm2,10283.845174861537,17896.01838722443
Calm2,10270.222555774357,17890.1325435555
Calm2,10264.935114526854,17891.798595707118
Calm2,10280.101724806345,17893.241815821104
Calm2,10275.056292297202,17889.591359949216
Calm2,10276.62333931387,17881.682501124422
Calm2,10281.225192527862,17816.786772278454
Calm2,10264.511908204024,17819.869990469477
Calm2,10274.816274585757,17822.954327278345
Calm2,10293.594620159709,17769.117495112267
Calm2,10306.523491468382,17766.756970861425
Calm2,10299.026467617925,17777.024561404418
Calm2,10293.9541397066,17755.261056919215
Calm2,10301.34184827919,17775.84132819703
Calm2,10305.950817128827,17758.707777939075
Calm2,10311.567283216804,17773.51528126356
Calm2,10296.02582915623,17772.23646626296
Calm2,10303.935743482614,17770.853569587896
Calm2,10302.99009712709,17982.0475014688
Calm2,10297.381062423836,17979.64660590682
Calm2,10305.58337340819,17987.141180174476
Calm2,10303.185887784673,17996.57376063437
Calm2,10306.938889741965,17992.71949252791
Calm2,10299.597970763405,17987.49283803502
Calm2,10290.517745000443,17977.458102635046
Calm2,10304.184912398692,17986.19901924526
Calm2,10303.972447706432,17995.498514917294
Calm2,10288.965346415238,17977.50026942165
Calm2,10298.891147263452,17809.47615382219
Calm2,10306.920331780819,17805.775414695006
Calm2,10282.24639946267,17795.544670258125
Calm2,10292.23588652886,17847.273786527792
Calm2,10305.256632119612,17839.200436885956
Calm2,10294.127330558715,17828.37569711271
Calm2,10267.415408201994,17838.999255738934
Calm2,10304.482205034641,17822.89725359753
Calm2,10312.599520125752,17818.984024083133
Calm2,10307.505704162268,17818.29425552563
Calm2,10331.8197406405,17892.074696041855
Calm2,10309.70251244651,17902.454709390633
Calm2,10328.785129558026,16888.47941732456
Calm2,10327.486242495019,16890.221930625685
Calm2,10333.042885457586,17846.91694153683
Calm2,10339.94049565581,17849.67281145391
Calm2,10331.808425291805,17857.017008558487
Calm2,10332.50436396651,17862.721268065437
Calm2,10325.506794858102,17846.493084699563
Calm2,10328.371331948289,17853.76892758427
Calm2,10326.723833816848,17844.64310144854
Calm2,10329.562336230409,17848.649845191223
Calm2,10335.15042339289,17853.349453254545
Calm2,10348.553126245117,17794.564008715355
Calm2,10342.55342370526,17757.048506180294
Calm2,10324.40214394927,17777.739775069917
Calm2,10326.570719244659,17779.86048739009
Calm2,10328.176068858998,17787.059479201278
Calm2,10365.288283018725,17771.237887593015
Calm2,10336.396702834403,17795.406248773153
Calm2,10328.220723278628,17787.35609973201
Calm2,10331.921938672576,17791.411198895505
Calm2,10319.560007249276,17820.309544149623
Calm2,10329.286330779365,17814.19040818874
Calm2,10328.738808058857,17812.221022534788
Calm2,10342.678609716344,17814.950359875307
Calm2,10329.56808606088,17825.274808437407
Calm2,10330.405083620384,17823.610553165072
Calm2,10345.653266559757,17815.634403176708
Calm2,10349.634762842663,17884.82459812505
Calm2,10354.248538828333,17892.411052161493
Calm2,10348.088112996287,17894.641303323922
Calm2,10375.812480877237,17887.016651888734
Calm2,10349.33428806948,17791.610889146952
Calm2,10355.458399707215,17801.535546651285
Calm2,10367.698716214376,17796.062003640047
Calm2,10345.241594477258,17796.54063598449
Calm2,10366.664568655131,17922.87451996479
Calm2,10373.272867717147,17917.559924449553
Calm2,10360.075328460449,17926.33970635331
Calm2,10387.564235065674,17916.53365222197
Calm2,10362.425511160785,17916.997636334676
Calm2,10359.187158842355,17932.490802098444
Calm2,10354.381110398266,17940.612131641992
Calm2,10349.457833234514,17912.623303332748
Calm2,10377.092261839894,17923.87182818644
Calm2,10366.089844094868,17863.979379634344
Calm2,10364.381957867328,17851.754386487115
Calm2,10373.360371696355,17859.97411690058
Calm2,10373.871162356509,17877.157370690868
Calm2,10354.458822565632,17858.72705170523
Calm2,10382.528418674381,17591.12905032587
Calm2,10375.241750583535,17574.194825897775
Calm2,10384.875065867616,18349.029570501145
Calm2,10382.412213404354,17834.500556092215
Calm2,10381.014587784037,17820.453106049117
Calm2,10392.040650066212,18037.773196727772
Calm2,10390.51577687525,18022.79260214517
Calm2,10400.384918547452,18030.096347621307
Calm2,10388.036552926456,18022.620515956703
Calm2,10396.919359756863,18031.002278485466
Calm2,10385.755168376525,18014.912456334358
Calm2,10399.309886330537,18021.47117916468
Calm2,10384.154917103217,18050.238758204443
Calm2,10395.254088229834,18014.56293482089
Calm2,10384.617611535874,17780.00948269499
Calm2,10384.190997049638,17790.2240651754
Calm2,10394.893892819904,17775.962259761072
Calm2,10389.286668985731,17792.33051667015
Calm2,10382.657339598381,17798.23189562416
Calm2,10390.065936046054,17768.90358777334
Calm2,10384.412319109702,17799.79041463319
Calm2,10394.76446378825,17778.83818924023
Calm2,10374.695458424685,17781.21171102281
Calm2,10382.601334132829,17929.44659102966
Calm2,10387.351991356541,18106.272360486677
Calm2,10397.458853797008,18098.080277532565
Calm2,10404.181736711742,18124.750053806234
Calm2,10397.610115425572,17859.606843279314
Calm2,10393.836908288124,17854.61243462054
Calm2,10395.289453871137,17868.896702619895
Calm2,10405.97177190296,17836.492562905256
Calm2,10385.162374386577,17859.48090369948
Calm2,10410.569536641893,16930.13727461801
Calm2,10421.71655529292,16887.882842726143
Calm2,10418.554768661797,16917.861605933027
Calm2,10429.412767973989,17920.721423009225
Calm2,10408.988247428057,17914.57043716797
Calm2,10427.540114598196,17905.179429636853
Calm2,10412.777318936303,17928.17847799736
Calm2,10416.62446747503,17916.39014314199
Calm2,10446.091187336648,17928.09629044951
Calm2,10434.433136949936,17994.79147783107
Calm2,10425.978745992392,16526.891423591296
Calm2,10423.852595631355,16515.91397364744
Calm2,10434.914894403773,17829.021462152
Calm2,10423.441670888134,17819.82645724462
Calm2,10413.79695626921,17829.80308160528
Calm2,10434.25880478928,17830.078079790666
Calm2,10437.367230289983,17820.009769755296
Calm2,10427.90930920096,17885.633986756417
Calm2,10428.366479804523,17882.84897502203
Calm2,10440.399197536904,17863.591947471323
Calm2,10433.625120199893,17870.133655954774
Calm2,10427.9525473803,17868.620233870286
Calm2,10416.152711857505,17877.048197784025
Calm2,10425.921250311363,17890.31386315819
Calm2,10435.418496303988,17872.501416013813
Calm2,10449.83281071147,17865.405862418676
Calm2,10452.642237004982,17801.376472400236
Calm2,10451.94294079848,17811.28929881384
Calm2,10456.910634900018,17811.56881915212
Calm2,10458.174321970513,17802.98540455795
Calm2,10444.193806285308,17800.17280393183
Calm2,10451.196155439795,17802.416542837753
Calm2,10457.253684480034,17800.628183176093
Calm2,10459.934346006425,17804.512033588944
Calm2,10460.754558921131,17804.092302663907
Calm2,10444.187755677884,17800.811099178
Calm2,10447.066681491271,17797.82292546166
Calm2,10450.064082339379,17798.470238649315
Calm2,10448.558211865151,17937.262293399664
Calm2,10461.027346458472,17923.732579695697
Calm2,10458.04735367303,17857.929087706474
Calm2,10471.48686911515,17844.904422587584
Calm2,10468.850319335099,17859.4712968635
Calm2,10454.54137100537,17832.624971270045
Calm2,10452.082536068265,17845.064907330896
Calm2,10468.395122350526,17831.249784406304
Calm2,10453.156739059736,17856.562022781054
Calm2,10466.496061705788,17839.907613462507
Calm2,10449.623559260674,17842.636008400263
Calm2,10456.681013943822,17839.42288704692
Calm2,10464.398775536887,17854.187009228386
Calm2,10461.940895647067,17857.842566593306
Calm2,10473.61788733379,17908.886307403096
Calm2,10463.872878355913,17902.545212416117
Calm2,10490.107065655271,17820.488195687696
Calm2,10490.578745959916,17826.993380953052
Calm2,10486.487222021706,17822.365167681728
Calm2,10492.07137214771,17827.891172575273
Calm2,10478.366095095591,17820.051241461573
Calm2,10486.818809690141,17899.13235981398
Calm2,10469.51715592824,17893.448803031417
Calm2,10471.273970747525,17893.18359696795
Calm2,10477.77340533218,17880.48349612303
Calm2,10471.494707645938,17893.281373711186
Calm2,10487.911142779332,17888.85706738429
Calm2,10486.051495285483,17068.5771253451
Calm2,10496.403955219244,16722.624114495506
Calm2,10491.117083830359,17945.63653774535
Calm2,10481.581107954678,17947.270566118652
Calm2,10515.46757952192,17891.183005021325
Calm2,10513.137089139143,17889.40963138656
Calm2,10510.374237986693,17921.716287236657
Calm2,10518.611703825662,17912.664117727978
Calm2,10531.784356399627,17850.15785978944
Calm2,10519.668740128676,17855.154800666925
Calm2,10518.531412388933,17863.469029728356
Calm2,10531.178403382051,17856.539048268627
Calm2,10520.243332481969,17857.062180984714
Calm2,10525.450022751971,17848.49131071947
Calm2,10524.546921940733,17857.36428742953
Calm2,10523.053327404474,17855.228144062163
Calm2,10531.955494427402,17820.529734299926
Calm2,10540.466088264278,17811.853944420163
Calm2,10525.436136112407,17827.804127844774
Calm2,10526.16431381621,17806.29172026218
Calm2,10525.458822296929,17820.12284049
Calm2,10529.189444928323,17813.098289560185
Calm2,10519.26807392136,17978.17114600532
Calm2,10550.602820100026,17894.047447628483
Calm2,10537.826323549594,17878.61933819367
Calm2,10549.91016040742,17891.089969845456
Calm2,10554.632709949758,17878.238847961748
Calm2,10548.728162688749,17878.81657767189
Calm2,10541.224944172105,17895.838782260824
Calm2,10547.561566187587,17875.759763464917
Calm2,10558.744828254261,17892.935842008712
Calm2,10532.608121973264,17881.426452679323
Calm2,10533.388999507622,17881.603638649165
Calm2,10537.695863256838,17877.647956077544
Calm2,10544.9966049375,17878.200277621712
Calm2,10533.53011048159,17948.641089101482
Calm2,10553.170918759288,17934.384362965382
Calm2,10546.346384060937,17982.090327989557
Calm2,10539.352997648552,17954.79800110707
Calm2,10561.813224259662,17951.57954918564
Calm2,10537.848335820428,17963.10616237265
Calm2,10555.591253044553,17957.837270814543
Calm2,10546.55421514876,17965.19652961197
Calm2,10544.48494324015,17939.44967086213
Calm2,10553.889197824463,17815.60980189126
Calm2,10550.559528231508,17803.671495768485
Calm2,10537.402589461031,17806.228461208215
Calm2,10557.9193892245,17814.492703856577
Calm2,10549.936682444482,17813.35684594603
Calm2,10546.176682760011,17831.064450530557
Calm2,10551.436769496073,17818.653173319297
Calm2,10544.00249609374,17822.294576907552
Calm2,10550.940330615005,17839.92693866751
Calm2,10544.05151012465,17837.515586273774
Calm2,10579.278412112679,17826.86242961416
Calm2,10569.341469175322,17837.407605813907
Calm2,10583.62187475985,17882.2901404648
Calm2,10597.105653905457,17898.648345406436
Calm2,10581.778912944368,17874.25180834863
Calm2,10571.642440460675,17886.633446679938
Calm2,10590.268497308667,17897.085503199385
Calm2,10579.28355009989,17891.375912287374
Calm2,10585.212344699961,17873.255747967192
Calm2,10598.072185722755,17873.25261871372
Calm2,10581.107395032192,17898.203359055595
Calm2,10570.841308410674,17890.60029879738
Calm2,10611.571986533105,17917.709113578763
Calm2,10606.581924420234,17916.712154887486
Calm2,10600.601358582222,17920.60574599748
Calm2,10599.038428359225,17927.04294503074
Calm2,10621.63843446889,17919.241243916913
Calm2,10622.210578152873,17921.522594217407
Calm2,10586.698936276298,17920.10000699872
Calm2,10592.854138799006,17916.85032634657
Calm2,10592.791927660728,17928.837296368318
Calm2,10601.577774291125,17919.438622423306
Calm2,10602.568734480847,17865.11305378645
Calm2,10602.045792632765,17861.24912942044
Calm2,10610.566988268834,17859.185950214847
Calm2,10626.15411391472,17863.45689687771
Calm2,10625.705260919134,17883.050275668687
Calm2,10591.633099621771,17867.209577315345
Calm2,10610.80132588049,17872.204983308115
Calm2,10605.615593798117,17879.34983722691
Calm2,10602.586275315123,17869.038647237714
Calm2,10607.139880472501,17870.241077650615
Calm2,10619.652589052996,17864.022301778525
Calm2,10614.04104641768,17874.459064124945
Calm2,10609.754325801501,17939.381346112536
Calm2,10606.675708327297,17954.60036346041
Calm2,10628.919196650311,17962.15237066307
Calm2,10640.770613326054,16568.493334613042
Calm2,10646.375883033463,16587.858473459684
Calm2,10637.078234285142,16590.308188291165
Calm2,10644.358546368783,16579.56777321959
Calm2,10643.944178297023,16586.138591718267
Calm2,10654.202279985107,16579.11664336171
Calm2,10648.026558258634,17822.698462991553
Calm2,10637.616462956657,17836.51611500769
Calm2,10638.98595868885,17829.0448506021
Calm2,10631.456176722202,17840.542977597986
Calm2,10636.784266636052,17839.383918817817
Calm2,10633.428756164372,17831.067501135414
Calm2,10633.894423555152,17838.506957124668
Calm2,10620.718869853808,17828.995989396877
Calm2,10637.412619741106,17832.657569718212
Calm2,10643.068323230193,17847.66099955392
Calm2,10630.369563367918,17822.77352257221
Calm2,10649.885058982145,16805.800578408893
Calm2,10650.083436661198,17890.664835218937
Calm2,10652.65656372212,17888.50810132666
Calm2,10668.816468219795,17887.66778442878
Calm2,10646.082527632625,17882.702184307334
Calm2,10648.817379612463,17876.407755731325
Calm2,10661.494979953148,17865.84633930373
Calm2,10643.299432557687,17878.37844623123
Calm2,10656.470402585008,17869.882930274485
Calm2,10667.653385692758,17887.4596403412
Calm2,10654.417529326733,17884.179240874288
Calm2,10662.173361330373,17887.39075570024
Calm2,10662.755531571933,17893.874186538218
Calm2,10630.648086319568,17869.61250861963
Calm2,10660.52522852498,17947.676819200413
Calm2,10649.930865630695,17969.0108469298
Calm2,10667.713508548692,17957.51972131424
Calm2,10665.304250705942,17977.97921625841
Calm2,10655.939776367952,17965.67915946511
Calm2,10667.228446336692,17957.968949526843
Calm2,10681.895910176989,17956.79910727704
Calm2,10690.064192974512,17949.200163029065
Calm2,10661.669201852625,17962.771279286164
Calm2,10662.833657566945,17947.959279861767
Calm2,10698.185618556876,17869.257551252726
Calm2,10681.593249483349,17876.276123200278
Calm2,10685.724912833544,17879.677115614406
Calm2,10697.082526188944,17870.467092222647
Calm2,10682.973537959868,17882.03562612103
Calm2,10676.22464012079,17865.187912191097
Calm2,10692.10899564961,18351.42760326924
Calm2,10690.236101038889,18327.94953946205
Calm2,10712.907319440834,17908.751003803754
Calm2,10693.892717506622,17921.367807568186
Calm2,10693.482616573287,17908.704975000284
Calm2,10700.310123020929,17919.96865369199
Calm2,10726.044362330806,17915.272766494407
Calm2,10710.155563878337,17914.53113025823
Calm2,10695.657220419398,17929.770307737064
Calm2,10700.908745603365,17909.023096417717
Calm2,10706.440094943273,17893.726259243358
Calm2,10703.289158942664,17916.336719916457
Calm2,10700.078638798972,17922.985976690255
Calm2,10712.271518379715,17926.986313446636
Calm2,10715.64072212971,17849.126050923092
Calm2,10717.441131695283,17835.93728779666
Calm2,10711.694767649622,17840.738781432978
Calm2,10715.0329220154,17847.32760549343
Calm2,10713.705346964303,17831.639661946596
Calm2,10724.915870306146,17838.97157672203
Calm2,10711.482222886154,17837.403465400792
Calm2,10711.111178686184,17845.589600802068
Calm2,10721.745140749565,17865.577109139344
Calm2,10717.212915319367,17829.600130054234
Calm2,10720.507196200666,17836.892936340286
Calm2,10711.589867912682,17832.43818171569
Calm2,10715.76952304115,17849.044341690395
Calm2,10724.727189845515,17842.826702420967
Calm2,10715.901761933254,17845.569786100677
Calm2,10706.632136240753,17931.416826686207
Calm2,10725.262740684773,17944.93524087463
Calm2,10710.558968195422,17944.933228144815
Calm2,10712.478736128285,17886.095373351345
Calm2,10720.693545678003,17885.993540490515
Calm2,10715.1117357876,17887.504854273713
Calm2,10738.624593316086,17876.19391609402
Calm2,10728.898880964998,17857.605664527644
Calm2,10735.515042058187,17852.700956851964
Calm2,10728.719067408072,17863.421088851668
Calm2,10708.779719302933,17865.07051735321
Calm2,10726.97490891278,17836.623532133453
Calm2,10742.899769335132,17830.066855090965
Calm2,10754.659877320073,17829.520857212156
Calm2,10745.055171242364,17838.653310501977
Calm2,10749.864111787983,17950.23735849968
Calm2,10732.954848716707,17966.502576233743
Calm2,10738.57671374942,17930.19973130625
Calm2,10760.309543629737,17953.767390837045
Calm2,10733.752714307275,17942.317833978566
Calm2,10731.451809260188,17947.521409404206
Calm2,10734.407101282679,17902.892457843398
Calm2,10743.301622814717,17900.887425904806
Calm2,10726.630353093991,17907.126082117862
Calm2,10742.081980235485,17912.607619160583
Calm2,10761.614232054319,16525.337231613565
Calm2,10762.934337252313,16503.08155663449
Calm2,10777.162833374172,16527.897735926654
Calm2,10757.904900254456,18032.72930390935
Calm2,10755.451999254155,18035.336399700805
Calm2,10760.123072485787,18040.797176612057
Calm2,10764.652346942199,18033.781381140318
Calm2,10750.168417181381,18036.01385816373
Calm2,10759.386080948338,18024.441946642197
Calm2,10778.623237844266,17873.763151615985
Calm2,10769.562779311977,17860.921379752843
Calm2,10750.208609583133,17857.998675366172
Calm2,10765.14813413582,17867.378464010864
Calm2,10767.91139593603,17865.369169667494
Calm2,10757.742878420546,17873.688579373593
Calm2,10763.27347704745,17860.666426289783
Calm2,10770.968602816385,17958.616613243405
Calm2,10779.347746980127,17926.631584000366
Calm2,10792.466224809117,17945.61896382916
Calm2,10772.44720704884,17940.33307079556
Calm2,10773.879548499288,17828.6864718184
Calm2,10784.156177057308,17832.01468210248
Calm2,10762.066537392922,17832.527632308505
Calm2,10777.092706190233,17835.548464014428
Calm2,10782.875134443133,17882.511444597283
Calm2,10791.089105471678,17907.988927743136
Calm2,10780.251828929071,17884.29941903438
Calm2,10797.273588199458,17903.253642109194
Calm2,10800.282656742947,17881.75034006649
Calm2,10789.225478247574,17902.283802592254
Calm2,10774.825285503277,17909.988831687668
Calm2,10804.598287041757,17894.36511524587
Calm2,10785.342885461148,17901.40651993046
Calm2,10803.047590637525,17894.952266576536
Calm2,10787.454599454511,18002.609269838777
Calm2,10807.878646979796,17991.579996214354
Calm2,10796.525743222188,17997.501197794187
Calm2,10822.50336194539,18018.658887420017
Calm2,10788.77362845243,18009.90397101688
Calm2,10797.140884329,17996.65168569703
Calm2,10794.775457477961,17994.16858208295
Calm2,10798.050687922156,17988.729146602698
Calm2,10824.64807339583,17848.26306600934
Calm2,10799.24870517943,17840.35573244938
Calm2,10801.75913589418,17864.416008182492
Calm2,10835.082583013256,17890.91653412147
Calm2,10803.511277710277,17893.504291370715
Calm2,10818.018929193493,17885.948239674864
Calm2,10812.146544043808,17891.045739224865
Calm2,10813.37550001182,17889.904348992022
Calm2,10821.439515569486,17892.21919269819
Calm2,10825.449514160073,17875.40804126764
Calm2,10809.098940582247,17897.944853351128
Calm2,10817.188402851672,17916.03541462514
Calm2,10823.309294233044,17903.2887909915
Calm2,10825.757082540884,17888.84612387302
Calm2,10834.11585962342,17899.56260089061
Calm2,10824.09228788303,17978.87077627096
Calm2,10839.00612741865,17840.541713894065
Calm2,10844.325775797308,17836.810756700994
Calm2,10847.46283589363,17962.994884761345
Calm2,10842.308717767613,17955.60561323524
Calm2,10841.555339478115,17942.577209703693
Calm2,10832.631062108403,17964.2182502254
Calm2,10841.463198530622,17945.68682461794
Calm2,10836.2921983124,17961.694195909375
Calm2,10845.2818940628,17958.51617943108
Calm2,10833.164605335198,17935.52668864336
Calm2,10849.183633245255,17899.088643802697
Calm2,10854.430095229302,17894.585264747733
Calm2,10853.569177858612,17895.505164110586
Calm2,10848.970416732342,17908.477696739796
Calm2,10840.6505642439,17901.441213552833
Calm2,10843.045261320935,17894.999143563695
Calm2,10858.153981421501,17895.60777380506
Calm2,10854.832536919954,17906.598258377304
Calm2,10859.064175973404,17899.36227977892
Calm2,10862.55237003542,17898.846368262177
Calm2,10863.97113862445,17863.16429203641
Calm2,10853.660597190492,17850.887348021326
Calm2,10858.818664668706,17862.230800886042
Calm2,10862.537607019092,17866.86889773095
Calm2,10866.763980039932,17861.103313561445
Calm2,10858.166597242353,17863.90855064891
Calm2,10853.311677523963,18014.362533135787
Calm2,10864.497908978006,18010.21851327023
Calm2,10843.86734355825,18015.62975211533
Calm2,10865.112411437005,17974.215354120737
Calm2,10851.529576862895,17966.77227872064
Calm2,10871.21933349609,17933.743918070253
Calm2,10860.160833394804,17930.629793316242
Calm2,10874.503498980645,17815.1130884397
Calm2,10886.334133182554,17832.17042728875
Calm2,10883.13304346563,17817.442346386426
Calm2,10893.115339833701,17910.15927367918
Calm2,10879.740262093484,17916.454551462255
Calm2,10881.641548956395,17898.657833439018
Calm2,10882.951435859097,17907.27108772096
Calm2,10879.241948992725,17895.675445906396
Calm2,10887.95915361134,17905.242794370457
Calm2,10877.665313334963,17920.883022592592
Calm2,10898.181119376744,17910.53946164228
Calm2,10895.834685027448,17897.950348289796
Calm2,10884.02860392243,16591.105899338178
Calm2,10885.021142142714,16603.55366324692
Calm2,10901.460935822031,16609.924635336127
Calm2,10891.057884649355,17845.857564610335
Calm2,10898.305276410105,17853.34971635694
Calm2,10887.679674539815,17842.014747031026
Calm2,10898.642549762177,17856.822314569832
Calm2,10895.073937224275,17846.85527509902
Calm2,10900.229254423992,17981.29171676157
Calm2,10915.358133885207,17975.641141317486
Calm2,10894.46596390748,17816.17213103024
Calm2,10905.088006278735,17858.83967391549
Calm2,10919.992591628077,17860.096763738824
Calm2,10904.910085369544,17861.763789817505
Calm2,10910.858604143079,17867.26024799001
Calm2,10925.840884514453,17885.434855010506
Calm2,10912.085475112615,17888.006126293054
Calm2,10919.56807957796,17931.282019119008
Calm2,10895.792737896802,17937.462365429416
Calm2,10924.711274233825,17942.68062735401
Calm2,10923.271948459618,16958.555092103514
Calm2,10923.76249169201,16964.13843651101
Calm2,10920.147783386023,16966.34026919455
Calm2,10932.15712635789,16969.83309681997
Calm2,10928.59994290432,17986.963835092043
Calm2,10935.81115248053,18315.050984741283
Calm2,10935.843555319483,17917.176248739343
Calm2,10945.209775253288,17893.81993739626
Calm2,10954.355638647032,17903.04147944459
Calm2,10949.871059587462,17900.466896839916
Calm2,10931.0171021742,17838.473029568282
Calm2,10948.912817657922,17859.845108533384
Calm2,10953.593071346753,17850.35238401626
Calm2,10964.896767788778,17873.73264424448
Calm2,10953.521280480842,17943.26871207104
Calm2,10957.736747731049,17943.36568271071
Calm2,10934.179763963375,17953.368528217226
Calm2,10940.619917574804,17933.736449354034
Calm2,10961.06316017906,17945.3008783963
Calm2,10959.92077380266,17954.321179274997
Calm2,10973.220714623105,17956.31902775547
Calm2,10970.487550088594,17939.351833453886
Calm2,10956.43734837949,17960.016640485926
Calm2,10963.339054293268,17968.439288038557
Calm2,10963.21035896875,17988.329649315587
Calm2,10972.58298550859,17957.872871044638
Calm2,10982.106195106117,17949.628461325905
Calm2,10989.8905619064,17958.177880397983
Calm2,10966.26776875766,17898.189743990064
Calm2,10979.37559094701,17888.62912880451
Calm2,10974.03389101621,17870.45595244896
Calm2,10979.346116944927,17880.124377659
Calm2,10977.389480777141,17886.605723575147
Calm2,10975.625191625148,17872.738319616907
Calm2,10951.98399425012,17877.9370330134
Calm2,10969.613786097732,17983.749565970105
Calm2,10974.34400851343,17998.86363452291
Calm2,10977.94201319401,18006.319357755994
Calm2,10995.03591065341,17881.13413318529
Calm2,10988.627491351828,17876.504267204895
Calm2,10986.60314489716,17884.054135287126
Calm2,11012.482819084902,17881.387623543174
Calm2,11004.445050111925,17885.798093069745
Calm2,11000.159690121978,17876.99663746476
Calm2,10990.06750900912,17875.45384312014
Calm2,11001.827689602294,17890.122068448738
Calm2,10992.584234516398,17876.312393733173
Calm2,10995.300043065323,17901.44943876773
Calm2,10986.811275714626,17936.561452815706
Calm2,10997.518858633275,17926.933497163507
Calm2,10987.371283912384,17992.05655465216
Calm2,11004.40081234667,17954.005924066983
Calm2,11007.289187201333,17977.045635503622
Calm2,10998.374423909707,17940.420439201447
Calm2,11022.606515038646,17858.539800749997
Calm2,11027.537419616432,17860.350749187106
Calm2,11010.87845217968,17845.628447353825
Calm2,11041.362990582014,17827.98275126835
Calm2,11015.811137345556,17962.508190102297
Calm2,11034.40625495647,17956.27273267488
Calm2,11020.27883647443,17949.673187009037
Calm2,11018.503651387224,17972.297709199018
Calm2,11023.997751864114,17947.388173673655
Calm2,11034.691258276183,17949.16215380668
Calm2,11029.431726491137,17971.69870358756
Calm2,11027.342285097893,17951.509339976856
Calm2,11036.67373602228,17956.347042914298
Calm2,11022.815763737544,17946.801749937837
Calm2,11039.637111196353,17910.827036363324
Calm2,11034.154424770706,17908.182011503282
Calm2,11039.34542851926,17834.30912059448
Calm2,11071.316473737446,17834.250102725047
Calm2,11063.416455833758,17840.100413766228
Calm2,11030.933739642593,17845.318749905404
Calm2,11063.19652756106,17837.94614479778
Calm2,11053.547328186653,17846.13292988295
Calm2,11059.108316045129,17831.081365159625
Calm2,11057.904909469005,17851.132637698254
Calm2,11062.090694556966,17826.944004557045
Calm2,11039.81441548886,17876.287460853317
Calm2,11052.374667480399,17897.061247996862
Calm2,11053.067873198024,17875.275752237852
Calm2,11055.48858960901,17886.62684780574
Calm2,11051.693392049767,17882.43531086127
Calm2,11061.353652132286,17892.26442544966
Calm2,11039.19832266632,17885.899601027686
Calm2,11043.683386397366,17887.573467353057
Calm2,11045.14922106487,17877.55066451846
Calm2,11062.848425230035,17884.166556042597
Calm2,11049.277665272604,18002.614653261982
Calm2,11046.104079550327,18013.491131620016
Calm2,11044.815736851935,17985.169708341506
Calm2,11046.065199699764,17985.899317115738
Calm2,11062.251440081003,16623.66711905943
Calm2,11046.348534071103,17974.66555512545
Calm2,11051.2217115693,17940.15504853078
Calm2,11054.158556000291,17970.172901986218
Calm2,11084.262764334377,17912.08990222458
Calm2,11069.497001840451,17905.073895758476
Calm2,11085.396507056063,17910.62811901792
Calm2,11072.695699940894,17931.135783403384
Calm2,11096.149744168164,17921.230826936873
Calm2,11092.57584770075,17913.872496466836
Calm2,11092.847297684548,17892.97276107931
Calm2,11086.255572695352,17910.6313776205
Calm2,11089.03841213725,17917.4541898094
Calm2,11094.288698278035,17901.108132923055
Calm2,11087.244731236871,17909.691626367112
Calm2,11083.388427412854,17922.977770814483
Calm2,11055.844232268959,17972.277052187965
Calm2,11064.556738620473,17961.052891693926
Calm2,11056.82906793851,17963.80152757608
Calm2,11082.332823144077,17976.701229793278
Calm2,11068.976441244555,17972.12633147524
Calm2,11091.022712698645,17873.93684250974
Calm2,11090.056321801236,17870.744970249925
Calm2,11097.747157242446,17868.181548531582
Calm2,11094.487048496783,17865.24339832509
Calm2,11108.206804511101,17876.29965830924
Calm2,11096.356808199878,17874.779299911497
Calm2,11091.953417087032,17869.515504587005
Calm2,11096.158538180645,17881.984902620025
Calm2,11100.158515095052,17867.17800704883
Calm2,11092.777712224171,17840.374363285788
Calm2,11098.041995084652,17821.020637535363
Calm2,11110.41078023866,17814.436247846545
Calm2,11109.534135315009,17826.98724332976
Calm2,11100.014743231659,17833.867217858522
Calm2,11102.011741757859,17822.714211775103
Calm2,11101.366785767343,17933.850503069687
Calm2,11096.156743683343,17936.368909152046
Calm2,11094.411682756108,17960.42207705977
Calm2,11094.65309063347,17923.993016497145
Calm2,11114.695345550477,17929.236826477456
Calm2,11100.823375956601,17916.223176376814
Calm2,11108.45692717645,17799.645777124773
Calm2,11092.146520938602,17797.38388548105
Calm2,11099.98636610874,17803.495257229406
Calm2,11120.743517808556,17800.20518439256
Calm2,11125.71636620516,17779.336553535628
Calm2,11098.281951311943,17776.236110568014
Calm2,11126.892325784214,17883.90435934514
Calm2,11133.452594386243,17875.468922636504
Calm2,11126.06007052073,17912.98397731878
Calm2,11135.701518937496,17921.270099873545
Calm2,11125.897413840084,17911.53773917277
Calm2,11160.254391303684,17814.31579326759
Calm2,11158.379432469124,17812.36270777692
Calm2,11144.447991548246,17822.37494060805
Calm2,11148.714429371494,17848.10692204175
Calm2,11150.454607555446,17830.34490265417
Calm2,11149.865168335333,17824.68459137741
Calm2,11142.344952225467,17854.119190101275
Calm2,11136.587348490351,17854.66991765031
Calm2,11131.787929778551,17861.72890024029
Calm2,11127.886618651792,17847.009980797215
Calm2,11126.588232781045,17849.800708392482
Calm2,11132.403918947744,17852.076041179014
Calm2,11148.457265959494,17934.43113445671
Calm2,11163.014525756364,17881.73180601171
Calm2,11183.431332787895,17876.354750873586
Calm2,11163.878302706593,17878.877792943258
Calm2,11164.096668778433,17885.72727755533
Calm2,11159.62885260418,17891.223159088135
Calm2,11168.011620885874,17877.489495988288
Calm2,11179.89981041646,17783.478580949806
Calm2,11176.56343765647,17789.450980644982
Calm2,11177.037085158538,17775.9743008708
Calm2,11169.928835159579,17794.592155600723
Calm2,11169.844622782648,17809.373528249846
Calm2,11155.35115202363,17791.155591654377
Calm2,11219.825428151798,17891.349198713608
Calm2,11196.816490248353,17890.98420359019
Calm2,11198.821741966673,17893.05641279781
Calm2,11215.005099770753,17884.38704332011
Calm2,11199.330828595583,17899.736828769604
Calm2,11206.380927826589,17896.242598543908
Calm2,11197.771912242091,17891.38443138197
Calm2,11187.755727768106,17949.865920128377
Calm2,11167.371928250132,17950.649175755803
Calm2,11159.678892016585,17951.760233662924
Calm2,11187.41639327312,16970.951485871046
Calm2,11193.951695770453,16961.719854096806
Calm2,11189.066379952134,16956.83974504058
Calm2,11207.35633002352,17846.2081237755
Calm2,11216.61929144759,17837.07084666264
Calm2,11192.22410936983,17837.253792200343
Calm2,11198.415303157444,17845.301035474597
Calm2,11202.852894769178,17830.828640967033
Calm2,11194.746259542722,17835.16444545464
Calm2,11200.100200990484,17846.87823838829
Calm2,11200.856638161242,17835.50857515505
Calm2,11190.585834414042,17831.32988245363
Calm2,11176.523699994017,17842.369830895263
Calm2,11204.38153606326,17788.25694956492
Calm2,11206.313895692576,17807.943734826687
Calm2,11194.41464253509,17804.49739796042
Calm2,11210.025732288614,17935.515932339338
Calm2,11206.111700312735,17943.119448729918
Calm2,11218.570364863579,18211.197671573445
Calm2,11220.65719327445,18213.811454710492
Calm2,11228.036005415806,18228.436716929493
Calm2,11222.34310064026,18213.53079572477
Calm2,11219.366260052035,18212.92531638835
Calm2,11216.588970952747,18198.38934382597
Calm2,11223.957402836437,17863.284437018163
Calm2,11205.700198078766,17872.581169005658
Calm2,11218.29821344011,17865.517552258938
Calm2,11229.34198728961,17881.911585424
Calm2,11228.748504603773,17785.103726533416
Calm2,11226.617767125945,17787.49668154567
Calm2,11239.714283233268,17781.77860357166
Calm2,11240.225011889384,17880.598935969578
Calm2,11245.890821729961,17883.426592869357
Calm2,11238.217889445948,17896.0256309988
Calm2,11223.943028591884,17879.569623682743
Calm2,11246.208690447229,17886.78256015315
Calm2,11237.180869615022,17887.211597547335
Calm2,11231.609914875335,17887.466824869414
Calm2,11253.209987821288,17891.44119499805
Calm2,11240.83651328543,17879.958815131926
Calm2,11241.72706091425,17844.260926877672
Calm2,11241.348099321309,17847.122416340397
Calm2,11231.980310660845,17859.118026287862
Calm2,11251.602193803836,17824.19468057745
Calm2,11242.474462620174,17822.756368203685
Calm2,11250.725390135545,17833.127156008206
Calm2,11258.907301581723,17776.87829673975
Calm2,11274.507962251739,17749.80842093659
Calm2,11277.824066699744,17749.739637852726
Calm2,11287.915287120692,17765.631409998055
Calm2,11287.722786459648,17759.605770334532
Calm2,11278.595204361087,17749.108459866835
Calm2,11276.936957190861,17752.559587445267
Calm2,11274.571084462013,17758.65379739301
Calm2,11271.34618821534,17754.616873140367
Calm2,11280.09398604894,17759.228353215018
Calm2,11261.865005450725,17857.42760078253
Calm2,11270.260617758579,17853.131127329227
Calm2,11253.910086320795,17855.992024541276
Calm2,11257.060394939128,17740.18585147235
Calm2,11269.638183661309,17756.772289272743
Calm2,11255.447796091628,17746.47868918654
Calm2,11261.107198269845,17749.92429214632
Calm2,11248.644839090623,17748.25346625353
Calm2,11266.467812138637,17806.146776196667
Calm2,11283.152177213171,17816.893198304868
Calm2,11282.771168953823,17807.556639407325
Calm2,11296.190663504793,17821.373646892975
Calm2,11290.132651433029,17819.204009167042
Calm2,11274.89921542823,17809.957176178403
Calm2,11279.380866468686,16924.237097808484
Calm2,11280.701968744514,17900.010354979
Calm2,11287.078604941336,17887.49003264007
Calm2,11285.24925787711,17895.343758480885
Calm2,11278.911366810622,17895.219602963807
Calm2,11284.126752285169,17893.253053720913
Calm2,11281.813386739945,17879.852386993552
Calm2,11281.673204864686,17896.06579072594
Calm2,11266.18660743532,17886.611899540105
Calm2,11284.170782006602,17879.324237686847
Calm2,11275.916207442084,17886.131200892512
Calm2,11276.033028513775,17889.676285943064
Calm2,11282.890235513634,17903.424517119547
Calm2,11282.820926965771,17924.2962978353
Calm2,11288.318186088338,17937.16226206864
Calm2,11280.866817598915,17924.8181917163
Calm2,11265.640458043412,17936.979584789995
Calm2,11303.152401852145,17937.97590519877
Calm2,11286.464969303428,17943.34910660099
Calm2,11286.174792956659,17951.9203435342
Calm2,11305.31081690178,17864.40958322464
Calm2,11306.1297451596,17849.33127988362
Calm2,11293.132561872477,17869.44868901758
Calm2,11303.881288735249,17858.64439233573
Calm2,11302.662851430905,17857.61898532294
Calm2,11325.415275079102,17879.422250633575
Calm2,11299.086958536604,17851.257880199402
Calm2,11302.08165274256,17872.080678830793
Calm2,11323.191837222263,17744.630575297186
Calm2,11305.655998375618,17754.15979235273
Calm2,11319.6374104035,17738.421968719795
Calm2,11321.991684878674,17735.609988178243
Calm2,11314.522829715524,17743.649201031043
Calm2,11304.059275041922,17759.704375225214
Calm2,11332.958314058136,17739.537636552865
Calm2,11310.077136736567,17764.747874452798
Calm2,11308.454471567586,17840.099743249775
Calm2,11286.834361836854,17838.4144085193
Calm2,11289.20582644161,17855.438927508003
Calm2,11326.317438835373,17814.53362504208
Calm2,11324.678530787989,17792.47836881421
Calm2,11308.607662079023,17775.242498362157
Calm2,11306.596163210128,17803.360886053415
Calm2,11303.668390072015,17797.364097017027
Calm2,11315.753370034721,17795.765966979496
Calm2,11303.57810759869,17794.94399199569
Calm2,11345.123189134563,16896.582614046707
Calm2,11346.99569176777,16899.239507904727
Calm2,11334.08938162001,17850.176699156036
Calm2,11334.01398834819,17848.282381913108
Calm2,11331.606265461749,17836.213389423883
Calm2,11322.834084841581,17852.206223449615
Calm2,11338.09191237229,17850.831571958995
Calm2,11325.25975687791,17830.29131246881
Calm2,11317.917909320706,17851.64430838662
Calm2,11334.405369571488,17846.209921026202
Calm2,11328.50308120801,17833.573982648322
Calm2,11348.109189090217,17822.65246525155
Calm2,11349.916817708705,17822.62137152969
Calm2,11359.701264591069,17810.94145704923
Calm2,11340.12333539978,17817.212988749823
Calm2,11317.444104419425,18121.097914241796
Calm2,11342.013960273674,18099.383537878988
Calm2,11320.606341184975,18119.201453049955
Calm2,11355.98994774551,17721.111675426564
Calm2,11349.095954968747,18030.741137200916
Calm2,11351.941633026137,18033.10604181238
Calm2,11351.974212309457,18033.389294130302
Calm2,11347.565191939197,18014.53877531626
Calm2,11352.486605683245,18037.66028821742
Calm2,11366.130340711054,18028.89684572677
Calm2,11339.139792942211,18041.35572855941
Calm2,11352.658101788262,17764.365675583595
Calm2,11352.790215957366,17773.821338545262
Calm2,11342.412894900395,17785.59146712516
Calm2,11364.42129939935,17873.477322088907
Calm2,11363.55385860064,17886.203047693998
Calm2,11354.940461599894,17879.808855319752
Calm2,11362.987260559901,17864.77971395998
Calm2,11376.146552917602,17899.605960720524
Calm2,11379.401145172054,17908.020636831094
Calm2,11369.53391017472,17902.10825365049
Calm2,11383.95685328891,17897.354266784838
Calm2,11374.9588019317,17908.284374817387
Calm2,11391.928550454175,18132.84476538009
Calm2,11396.292960862138,18140.721858680812
Calm2,11402.520082730362,18149.734202991418
Calm2,11408.679109710798,18152.595674309556
Calm2,11393.66336338616,17976.418083847646
Calm2,11406.484681897446,17967.125664927444
Calm2,11405.960981742472,17730.469929647865
Calm2,11394.10482010101,17722.24569466355
Calm2,11379.338474948567,17719.34671098135
Calm2,11387.863074966714,17820.50920677657
Calm2,11398.031236110159,17828.25602660309
Calm2,11381.778890306015,17827.14280242887
Calm2,11408.806957327763,17813.179908540733
Calm2,11406.60882057939,17819.62836486188
Calm2,11397.930109112742,17831.668043055884
Calm2,11404.85990468961,17835.223216993487
Calm2,11425.138770656182,17829.75933272335
Calm2,11401.208092628098,17825.56317291005
Calm2,11430.876300911685,17824.922348825905
Calm2,11416.706545051442,17828.11626488247
Calm2,11421.530101887709,17827.93691019614
Calm2,11416.696531706448,17814.66925834952
Calm2,11419.45407621417,17835.61935614625
Calm2,11424.192692249126,17757.213894596916
Calm2,11417.757473443224,17747.849497587125
Calm2,11418.185610082632,17741.88721392325
Calm2,11409.062361846049,17780.627918874736
Calm2,11423.450428427794,17785.305294198577
Calm2,11428.620569566609,17788.725613326624
Calm2,11415.597525290897,17783.84056866608
Calm2,11431.935271634771,17784.48168472507
Calm2,11422.588800946422,17683.301621181832
Calm2,11426.162955013846,17721.746271398264
Calm2,11426.203700486987,17724.875711889348
Calm2,11430.979883469749,17732.622164092645
Calm2,11450.383082376733,17808.923884974763
Calm2,11430.9208100297,17805.85669694003
Calm2,11440.047606161063,17829.890370750913
Calm2,11444.980785881407,17810.213713637157
Calm2,11446.677768153315,17820.459777268716
Calm2,11451.235877309919,17768.355941155314
Calm2,11452.281530905631,17760.005738066076
Calm2,11456.78234861754,17729.065248966413
Calm2,11447.461267679311,17754.38914816674
Calm2,11466.949775786103,17761.149905859682
Calm2,11449.922409781895,17765.23276089663
Calm2,11452.070098376927,17776.00003089213
Calm2,11447.388794911412,17745.4650228299
Calm2,11456.02952440833,17758.49203625223
Calm2,11462.96175553862,17707.400298745462
Calm2,11430.321065734895,17696.397353716133
Calm2,11471.677741937876,17774.76310604038
Calm2,11466.54035286269,17804.34549880204
Calm2,11462.234345674779,17785.465352135114
Calm2,11471.401772439065,17790.128900159136
Calm2,11468.60375184916,17972.920816980502
Calm2,11465.639866299258,17974.018403757094
Calm2,11467.98547435139,17970.638483245977
Calm2,11470.732230097181,17975.87299429878
Calm2,11473.829668592003,17969.478232962523
Calm2,11471.090456379936,17964.91605982627
Calm2,11460.269993939206,17950.231137106613
Calm2,11470.29216922183,17753.483770536102
Calm2,11454.918411759018,17744.425233889306
Calm2,11485.042841392018,17748.325568801254
Calm2,11481.2489671521,17703.43054152484
Calm2,11492.771061483783,17703.63854352471
Calm2,11474.1533628968,17700.477096697025
Calm2,11495.472288387553,17701.227810498785
Calm2,11486.794262892736,17685.549002427382
Calm2,11491.685792094571,17847.22945389696
Calm2,11493.215465044708,17802.104898336183
Calm2,11488.990863654328,17816.074401462494
Calm2,11506.31165656106,17729.306506655943
Calm2,11516.565654786795,17739.649175747734
Calm2,11507.090334759916,17796.745743355707
Calm2,11518.563735362777,17769.51499042323
Calm2,11496.225162635823,17780.25471406279
Calm2,11517.316119448811,17685.974129546128
Calm2,11507.055978807997,17684.53592292151
Calm2,11511.281792813854,17687.62829171053
Calm2,11523.475066733217,17677.187178267883
Calm2,11514.604738928098,17682.90655370728
Calm2,11534.126068589592,17678.982145577727
Calm2,11516.829873113598,17683.210485424195
Calm2,11528.458583178226,17688.65393859671
Calm2,11541.58500830951,17687.495936751482
Calm2,11517.85694820777,17633.515497119257
Calm2,11523.906448925263,17622.423559901836
Calm2,11517.960812060504,17639.17394116195
Calm2,11515.329791398448,17800.309268460176
Calm2,11520.615749201066,17798.265326481534
Calm2,11529.581737196519,17811.666037399238
Calm2,11524.792399799977,17787.303943520346
Calm2,11534.16673828079,17786.699830619484
Calm2,11518.30310227718,17794.882361672062
Calm2,11535.940833069331,18076.148547704834
Calm2,11530.253392882129,18082.173746504188
Calm2,11526.154249788256,18093.998365497493
Calm2,11553.293595035948,18082.194891834304
Calm2,11526.053108823944,17715.61658751118
Calm2,11527.693800819645,17701.426132534725
Calm2,11540.245758285966,17711.999722939385
Calm2,11542.003189774776,17732.948083484076
Calm2,11538.880490169515,17742.37184912336
Calm2,11543.39336912555,17734.738404040017
Calm2,11534.624416100618,17737.006637946048
Calm2,11532.795529575631,17741.30329130705
Calm2,11545.29395748703,17746.080655269485
Calm2,11544.34522571658,17728.75651590123
Calm2,11550.120054143747,17731.012859867846
Calm2,11557.061693741918,17749.396974625863
Calm2,11539.47879900184,17769.485751472796
Calm2,11537.32467378068,17767.718128846554
Calm2,11542.36068876911,17767.168800372474
Calm2,11543.112577438465,17779.211132491655
Calm2,11552.501644627166,17679.20004581463
Calm2,11566.133908205715,17818.268611719217
Calm2,11564.238569163152,17819.97212579468
Calm2,11563.688721171375,17810.205413841537
Calm2,11561.392753098728,17793.29005767225
Calm2,11556.598327566806,17638.924248181873
Calm2,11570.767119568969,17646.544417922818
Calm2,11559.920730889873,17699.05679535618
Calm2,11568.859452388346,17691.498506678607
Calm2,11552.6515347196,17691.404820656713
Calm2,11567.651052050373,17714.738730169865
Calm2,11582.662549181157,17717.74548650901
Calm2,11578.83083539084,17718.218727430678
Calm2,11585.952931048076,17713.25468516866
Calm2,11578.49929508333,17735.18743853937
Calm2,11587.084753095081,17724.681476555823
Calm2,11588.26842659646,17588.743115581878
Calm2,11603.646217547906,17593.032672764897
Calm2,11595.109820027787,17568.760420043174
Calm2,11603.732228277217,17699.394389177025
Calm2,11598.54396207193,17657.59161166097
Calm2,11575.599456199467,17671.39656752179
Calm2,11590.948042922493,17765.557794058284
Calm2,11577.540131530162,17757.057088634014
Calm2,11574.342830219119,17757.773776705468
Calm2,11608.17823400404,17755.83785556189
Calm2,11609.040734609698,17762.99118624616
Calm2,11593.75103159141,17758.08363396836
Calm2,11590.51600082001,17780.43790726923
Calm2,11588.863701673563,17768.240124926542
Calm2,11604.398094022667,17733.89815458832
Calm2,11614.158450403202,17744.93917318228
Calm2,11589.19805638199,17738.691095120026
Calm2,11613.716248715235,17722.845329117725
Calm2,11595.557889144346,17810.743563032058
Calm2,11608.62926245808,17821.056309890177
Calm2,11599.76663972683,17810.438862658797
Calm2,11626.078872353031,17647.385361796398
Calm2,11625.139681618806,16656.717221694966
Calm2,11615.887333057604,16647.127060133116
Calm2,11625.863347178358,16650.88488306644
Calm2,11623.693992467646,16654.285632934058
Calm2,11612.83790315751,16654.492638214324
Calm2,11637.833491218502,16648.997575221572
Calm2,11632.696959915897,17776.74738584702
Calm2,11605.893979493696,17781.353739263977
Calm2,11636.645828991632,17782.233875603033
Calm2,11622.11075551343,17778.40445797556
Calm2,11612.018068266858,17780.041055593105
Calm2,11626.311559409292,17778.35080648832
Calm2,11639.127009505664,17685.722456778072
Calm2,11633.197577337709,17699.0379485459
Calm2,11623.150715615135,17673.40356834385
Calm2,11622.934294093411,17680.485197475304
Calm2,11649.513200839609,17684.42312515095
Calm2,11637.748154503093,17702.46746875867
Calm2,11636.464863998724,17679.416911196746
Calm2,11639.42614853574,17691.344856975436
Calm2,11637.602976603914,17666.209199234563
Calm2,11638.664573428672,17681.61357530558
Calm2,11658.25111288133,17650.11108569314
Calm2,11661.442372064124,17642.458946356932
Calm2,11654.438563882442,17632.06863131345
Calm2,11641.702165240544,17642.099243317687
Calm2,11647.35246306732,17645.090610158903
Calm2,11659.475696255107,17640.492385936595
Calm2,11635.939808993713,17752.92935768667
Calm2,11651.102031230736,17754.794795568745
Calm2,11634.321534288489,17762.393296120135
Calm2,11668.437424930922,17731.20771712526
Calm2,11666.830047267682,17722.00320538025
Calm2,11672.232732904564,17728.183026937135
Calm2,11660.615956802654,17735.292610340603
Calm2,11663.461327365672,17732.52413482423
Calm2,11664.7377306769,17725.360803410706
Calm2,11659.941552555545,17707.698079781683
Calm2,11681.741488989881,17608.488849593632
Calm2,11684.62221483188,17618.21603581841
Calm2,11683.4537557563,17619.30323135586
Calm2,11685.176627715255,17629.666159708813
Calm2,11678.13520905675,17619.605626421548
Calm2,11669.706889621344,17604.265593863995
Calm2,11689.239476898574,17613.67760343561
Calm2,11682.918786630282,17795.208521078035
Calm2,11687.695087254071,17790.45280491971
Calm2,11688.076386956896,17796.464617245878
Calm2,11683.884093055334,17650.384912064666
Calm2,11680.642246698912,17662.758955038313
Calm2,11681.840687806929,17665.307938907474
Calm2,11686.960582368712,17680.361829916405
Calm2,11683.311888110196,17681.99707399571
Calm2,11677.528681664966,17674.83798071444
Calm2,11676.614782481462,17662.800128295905
Calm2,11666.387210123095,17675.819824572158
Calm2,11691.080111615036,17681.058831724964
Calm2,11700.028351060922,17710.426718576255
Calm2,11708.718313026951,17721.56558476301
Calm2,11709.246440438688,17723.480644803443
Calm2,11705.636514242495,17725.756752019042
Calm2,11704.026490871036,17724.989997520766
Calm2,11709.985690138743,17711.249457078142
Calm2,11708.302930026051,17728.21455772884
Calm2,11718.510475652954,17715.705015630592
Calm2,11709.437471824223,17726.31878457728
Calm2,11702.875552391333,17770.714236406377
Calm2,11696.571923291556,17756.924214561644
Calm2,11706.258731940417,17764.701239717066
Calm2,11685.010816433016,17569.376434582162
Calm2,11717.700896783932,17625.619467202927
Calm2,11713.659935067266,17626.04973842734
Calm2,11729.742993494701,17623.193702124834
Calm2,11712.65431067628,17630.991600065485
Calm2,11710.525805784564,17617.80633158469
Calm2,11696.550764291125,17620.146995298506
Calm2,11712.741560130218,17631.343249847676
Calm2,11715.42355838586,17678.196676438838
Calm2,11724.818050425187,17686.919590913672
Calm2,11707.344344964784,17668.958961022425
Calm2,11725.0432346237,17681.66861505057
Calm2,11719.704747844567,17692.099880824066
Calm2,11727.363792228065,17680.476518096522
Calm2,11699.617834234561,17671.528767171534
Calm2,11719.806012875822,17685.45942384829
Calm2,11752.69548367441,17619.309588449585
Calm2,11740.419786927405,17605.59356765681
Calm2,11747.207194063922,17589.678146735376
Calm2,11743.28865696747,17602.15745700277
Calm2,11756.71751873796,17588.871110445005
Calm2,11742.114760061888,17605.815223524085
Calm2,11749.324165526932,17657.072635959332
Calm2,11744.839482437792,17646.229824853974
Calm2,11752.122146513868,17658.435750997716
Calm2,11740.134305784613,17650.816544019468
Calm2,11757.244321691918,17653.92720520842
Calm2,11736.827542861876,17628.70580213054
Calm2,11755.892665149015,17638.17732216814
Calm2,11734.915725057688,17765.84765093424
Calm2,11736.72610270547,17762.793272587922
Calm2,11775.189900113883,17716.844982016228
Calm2,11760.33722519804,17704.631795628866
Calm2,11765.124179939425,17698.065578440208
Calm2,11780.995271297648,17738.325132791677
Calm2,11761.386927834083,17742.117821115775
Calm2,11765.955413013744,17735.20314879464
Calm2,11766.565471366253,17719.054042096068
Calm2,11768.033048281379,17733.215934697004
Calm2,11771.091276357503,17726.202106314533
Calm2,11761.268678990042,17731.69732875848
Calm2,11779.965536451808,17625.13425931199
Calm2,11776.571453171431,17617.746046283613
Calm2,11785.239959562512,17610.611167865904
Calm2,11768.446823833347,17612.845421084225
Calm2,11778.915357072434,17619.679502795138
Calm2,11765.531268587123,17619.526932932586
Calm2,11800.841711558283,17669.931378561774
Calm2,11784.865131941728,17672.229258186348
Calm2,11791.434854367273,17666.80961789921
Calm2,11784.247897106477,17815.037161860386
Calm2,11787.315860226845,17811.144583183992
Calm2,11794.298040801401,17804.50288165926
Calm2,11795.890602408243,17719.60834121416
Calm2,11794.079583123616,17715.205607641383
Calm2,11809.35159878256,17712.700846067106
Calm2,11799.97473165045,17715.801812968166
Calm2,11799.1263855745,17702.531521303194
Calm2,11792.154746638274,17708.183319571734
Calm2,11812.511775928575,17702.888905737378
Calm2,11810.581776796877,17732.567468300953
Calm2,11796.791437304835,17701.050200545396
Calm2,11803.710886990073,17582.789257539327
Calm2,11810.297427672085,17572.864427853357
Calm2,11813.885909266839,17591.612639381456
Calm2,11801.273835068941,17598.563561308754
Calm2,11808.549996208138,17591.135389901963
Calm2,11798.659956392536,17585.872446927824
Calm2,11803.209167158686,17590.370291536106
Calm2,11811.541231816724,17589.117539299154
Calm2,11817.376512639119,17586.622555987018
Calm2,11822.344464777147,17579.027939348754
Calm2,11827.009638973163,17625.400626501072
Calm2,11806.351926987045,17622.218385275293
Calm2,11803.53270219873,17645.9824672721
Calm2,11808.45303270916,17632.670939851552
Calm2,11809.867326738226,17634.690236940067
Calm2,11818.715053874539,17627.953350094358
Calm2,11816.876421721146,17662.49439265827
Calm2,11806.71007738594,17676.811585220537
Calm2,11817.465193144953,17681.46471678262
Calm2,11816.167688415533,17687.220220431245
Calm2,11820.165301063336,17670.348335637555
Calm2,11812.510848148833,17689.186595119594
Calm2,11830.000876189835,17739.99358867331
Calm2,11834.651269394291,17736.85479903336
Calm2,11835.898081302294,17742.974786623705
Calm2,11824.473751089638,17540.754883722737
Calm2,11825.289822332883,17540.66726806177
Calm2,11822.307582006126,17552.61456981131
Calm2,11806.736824116946,17551.53150857747
Calm2,11839.183313622747,17611.071370620895
Calm2,11842.959878248896,17611.8688007395
Calm2,11851.384019015737,17592.671848366343
Calm2,11830.559123425992,17593.281998876242
Calm2,11824.941185760474,17603.070149770272
Calm2,11816.718181774248,17599.0221456708
Calm2,11839.225276461317,17616.264284753455
Calm2,11834.020315822554,17601.450429495755
Calm2,11842.492203302885,17556.458445031392
Calm2,11837.850728266827,17558.040267573237
Calm2,11856.46238658762,17557.906219714554
Calm2,11845.020721118728,17654.835158953803
Calm2,11830.983522478122,17664.395690222544
Calm2,11867.088107512955,17694.96745070976
Calm2,11839.906236130464,17679.424649636396
Calm2,11856.512023821311,17675.222951812353
Calm2,11856.713356341063,17687.90166951144
Calm2,11857.085986049911,17679.65315230752
Calm2,11861.262503197844,17688.067674124246
Calm2,11850.512935568519,17685.266102344976
Calm2,11868.845748384749,17682.69188902227
Calm2,11865.985268857661,18200.24247403782
Calm2,11870.354651686299,18208.79061761523
Calm2,11862.67287717288,17635.04479144873
Calm2,11855.91912694732,17626.430963724033
Calm2,11865.493673504481,17622.60915745881
Calm2,11864.542869422761,17660.156073056416
Calm2,11866.202557140572,17643.44813733882
Calm2,11865.856087113874,17638.754272515995
Calm2,11869.11723734402,17649.637576912737
Calm2,11867.250611508289,17615.904283304935
Calm2,11856.512058189486,17633.72385988439
Calm2,11873.556280647708,17635.169687161506
Calm2,11855.202074748915,17632.347896109077
Calm2,11863.362371844558,17643.32705652894
Calm2,11852.21334380924,17584.32451718843
Calm2,11877.539949373531,17583.555585270336
Calm2,11860.311909973676,17592.291151333964
Calm2,11857.19976452081,17580.49916027329
Calm2,11871.003916412837,17587.323723766567
Calm2,11861.604525731242,17603.22996735768
Calm2,11873.865454435485,17584.80628933201
Calm2,11875.071984104132,17490.224237712868
Calm2,11897.033797062799,17480.20757024373
Calm2,11882.798262412472,17481.42634226965
Calm2,11891.372736985395,17488.26742677142
Calm2,11904.64219079591,17487.189165940705
Calm2,11887.512407297738,17478.26572038003
Calm2,11891.234940522443,17539.947245975804
Calm2,11883.44834487524,17552.716963697865
Calm2,11897.006374257262,17539.34702719314
Calm2,11895.559614749756,17524.69288307922
Calm2,11889.565213429216,17547.92881231548
Calm2,11912.351870347897,17602.47294295346
Calm2,11909.064300745235,17593.56935962393
Calm2,11920.597549562712,17602.1521030672
Calm2,11894.020851806115,17615.218621913846
Calm2,11882.411066203087,17596.569060860293
Calm2,11903.221109715934,17615.269594245845
Calm2,11898.794432037708,17606.87498734423
Calm2,11908.042039685592,17700.19510737126
Calm2,11893.572525216996,17695.355679834105
Calm2,11896.926756469577,17694.44767274787
Calm2,11917.354566382028,17663.322350506573
Calm2,11913.526475991779,17658.147751947316
Calm2,11898.4556752116,17657.260673902107
Calm2,11929.234111726857,18252.4461226217
Calm2,11904.366602784745,18241.09069200334
Calm2,11921.44833697513,18253.963009802323
Calm2,11914.174837285298,17578.53034537827
Calm2,11913.639352533337,17564.259773301044
Calm2,11891.409949553054,17556.683694137737
Calm2,11914.560667049513,17570.116184104558
Calm2,11929.08910222032,17566.14242481894
Calm2,11923.931137323114,17572.19360846706
Calm2,11927.362143989041,17557.157149673963
Calm2,11921.37693344257,17572.37920558704
Calm2,11919.29853899938,17571.56023391067
Calm2,11923.89674097696,17626.427142011864
Calm2,11921.255830850732,17639.879427739175
Calm2,11909.86167825521,17614.403164969797
Calm2,11929.97680161544,17616.842160556418
Calm2,11928.818824968519,17534.859638159283
Calm2,11933.942192683568,17520.753298915402
Calm2,11930.110234584357,17535.81407375044
Calm2,11933.675261233424,17523.640744274933
Calm2,11931.343393538478,17520.703171809655
Calm2,11921.581130851573,17524.502512768922
Calm2,11911.189834578925,17541.791683030497
Calm2,11934.443162402586,18001.368833664932
Calm2,11945.768720849217,17984.165497483395
Calm2,11950.700965169919,18000.64565069572
Calm2,11962.509491588049,18257.480154358655
Calm2,11957.109738215058,17591.84494993473
Calm2,11946.827886769797,17579.71613959037
Calm2,11945.440667503215,17581.502861309633
Calm2,11952.847080344429,17584.84148222201
Calm2,11946.18820294176,17646.153649068692
Calm2,11941.265631631491,17618.57869511939
Calm2,11947.52623834606,17618.748888650647
Calm2,11955.536281974257,17521.34019240512
Calm2,11961.856046536432,17482.171391366155
Calm2,11966.612958184878,17528.154598513538
Calm2,11970.612449854434,17519.545181137848
Calm2,11963.162369494556,17657.801097699183
Calm2,11961.97567145988,17664.682012739224
Calm2,11974.124581948408,17653.17316565006
Calm2,11952.909828537397,17651.66319003559
Calm2,11941.604992130944,17656.684998640387
Calm2,11989.795550873674,17655.803678207954
Calm2,11957.934709101406,17667.789613454628
Calm2,11964.800993862074,17668.826712216418
Calm2,11962.294060487995,17570.7415701878
Calm2,11964.648998826398,17542.867383762765
Calm2,11953.01234896343,17550.57784555824
Calm2,11957.37698930331,17560.258649961506
Calm2,11982.714965675861,17571.779040618334
Calm2,11988.702013440685,17561.276070237378
Calm2,11973.782604558506,17551.442324963664
Calm2,11973.724975466026,17572.91966516522
Calm2,11978.91287829834,17551.61670516458
Calm2,11951.074096351871,17547.062663400462
Calm2,11965.908779823112,17556.53800097796
Calm2,11968.936002118184,17551.217334194364
Calm2,11985.27051902478,17474.0010061586
Calm2,11989.094401368684,17503.133864479303
Calm2,11978.788464272835,17477.018464933095
Calm2,11997.116335159522,17492.45473453521
Calm2,11987.835779082661,17503.713730803684
Calm2,11990.274964403956,17617.704132926683
Calm2,11986.571846454724,17612.128758751438
Calm2,11964.714307989134,17618.837382243248
Calm2,11974.034354516603,17616.599219336353
Calm2,11974.466334206852,17620.488637266983
Calm2,11985.544527669334,17608.34225724077
Calm2,11975.240090696603,17608.917026363462
Calm2,11993.847475207995,17620.57965012755
Calm2,11988.223281452369,17293.743910368343
Calm2,11979.84749461299,17289.5210164593
Calm2,11976.186202440453,17277.727473257066
Calm2,11978.830787338173,17272.24556550004
Calm2,11982.599879762809,17274.82479935123
Calm2,11991.336910795319,17298.111454795973
Calm2,11990.252700490028,17293.581360323293
Calm2,11989.75216408951,17285.069860287804
Calm2,12002.911525163026,17638.380130937814
Calm2,12011.904546708362,17602.558603269852
Calm2,12010.353032647221,17566.179498450023
Calm2,12006.373938258143,17582.233286416085
Calm2,12019.18346624263,17559.19129545467
Calm2,12013.213334397331,17583.973463633778
Calm2,12009.707382754277,17575.957306704197
Calm2,12001.43987794098,17572.354952055757
Calm2,11993.366354475638,17565.69732885053
Calm2,12002.913025709198,17569.012871643583
Calm2,11996.90436502129,17461.644287622035
Calm2,11997.969168474681,17467.400209207255
Calm2,11990.545356505094,17450.25730441952
Calm2,12015.44639035426,17687.541459690015
Calm2,12015.164392682327,17481.999399250293
Calm2,12032.044724635789,17484.759556868565
Calm2,12021.730430052836,17486.24139859922
Calm2,12029.077110515913,17490.043371253196
Calm2,12010.952807133825,17470.813504299
Calm2,12004.017465044071,17481.4563321145
Calm2,12008.861157715586,17511.279148059595
Calm2,12019.426517516522,17517.841288644726
Calm2,11999.340407057543,17506.541794103672
Calm2,12009.45269119267,17523.44248722556
Calm2,12019.9357550712,17563.276591794467
Calm2,12021.4401070985,17556.117751522866
Calm2,12011.577967357647,17556.00731080722
Calm2,12024.999363398249,17546.98193726231
Calm2,12015.370315126644,17451.90355548878
Calm2,12042.367852252868,17596.378615270092
Calm2,12047.19001685069,17604.106510288166
Calm2,12042.575898449026,17597.35231530127
Calm2,12051.039471770604,17516.908702491164
Calm2,12040.121115577236,17655.080546000492
Calm2,12055.084289630777,17449.78901192809
Calm2,12053.013211202098,17455.55073805157
Calm2,12049.192880149081,17465.583456452438
Calm2,12057.176580880701,17487.10463739612
Calm2,12064.261383599342,17472.763422364835
Calm2,12039.034516168453,17459.555839014978
Calm2,12035.605922818446,17487.191299767837
Calm2,12063.096617255143,17482.17916419376
Calm2,12056.80794073524,17497.452695630313
Calm2,12051.534345158567,17515.481920788585
Calm2,12056.741548931888,17515.34612856899
Calm2,12048.060809939834,17454.357207560843
Calm2,12058.01205183295,17427.828770325148
Calm2,12051.38616061083,17430.848743162594
Calm2,12058.30347396652,17546.251329438255
Calm2,12070.173101391225,17558.956525685015
Calm2,12091.458432710553,18169.20518896992
Calm2,12081.926718846675,17491.51893463481
Calm2,12085.50453191556,17500.777708588896
Calm2,12074.659279011275,17481.79106526528
Calm2,12099.237876300012,17478.10735310424
Calm2,12090.338429489937,17408.9464489387
Calm2,12077.57214506703,17409.908649379882
Calm2,12095.428989000973,17413.883199592576
Calm2,12097.635489506472,17411.83617198786
Calm2,12088.78129608217,17409.205104354493
Calm2,12097.129363191605,17427.80832734875
Calm2,12069.72617117251,17417.07947072262
Calm2,12084.847948678394,17417.700439573284
Calm2,12092.605499850268,17430.110664069405
Calm2,12103.11014245434,17416.932539940797
Calm2,12090.603290623687,17410.789702398426
Calm2,12078.524012350905,17437.272927455786
Calm2,12092.612844736064,17448.1782047277
Calm2,12077.579772340981,17438.742427430137
Calm2,12074.577354964778,17446.61584952585
Calm2,12091.754033475878,17453.1991534119
Calm2,12077.691803688012,17446.437999163907
Calm2,12089.193535915218,17445.861843308758
Calm2,12079.069733189186,17471.346575584983
Calm2,12113.985989288194,17383.80583398529
Calm2,12100.949152724224,17390.799595009015
Calm2,12094.614376647498,17521.371635242114
Calm2,12090.990739452489,17525.127309655134
Calm2,12107.639764190493,17518.002070803883
Calm2,12097.789809096908,17569.934913301768
Calm2,12105.749634605801,17559.964259358316
Calm2,12121.736961095645,17423.95733691912
Calm2,12119.178159608333,17421.466339429884
Calm2,12110.999648877709,17473.018935180222
Calm2,12118.576440721357,17477.969592062684
Calm2,12116.045587003777,17484.476947533105
Calm2,12109.655487189053,17612.20787846944
Calm2,12105.53594198054,17330.32126614145
Calm2,12099.065398338618,17329.12856795487
Calm2,12126.431758070585,17523.28312082491
Calm2,12130.340005945776,17510.30873700878
Calm2,12137.558725376137,17504.117514510737
Calm2,12132.421613870276,17509.69952781303
Calm2,12138.80059253907,17502.220313437243
Calm2,12146.258702641873,17385.152273208783
Calm2,12151.122139171515,17404.611999991466
Calm2,12143.363044962764,17396.11649791517
Calm2,12134.711327113164,17388.922960158463
Calm2,12146.435965607274,17404.715863045363
Calm2,12134.983932239356,17396.030592516945
Calm2,12145.900441966272,17395.69853946785
Calm2,12128.341293216548,17361.77515864908
Calm2,12144.136808069905,17345.763681429242
Calm2,12134.062670390605,17348.434424559695
Calm2,12139.650772292405,17356.901573870324
Calm2,12151.310974096286,17363.772069214312
Calm2,12132.252611036944,17342.537387725
Calm2,12118.870987633156,17429.990209680185
Calm2,12148.22765730291,17443.258613902784
Calm2,12146.258021191468,17426.412614680474
Calm2,12130.870920032392,17446.253031000422
Calm2,12162.818179550346,17435.70312947843
Calm2,12141.677129946716,17446.260705353157
Calm2,12157.421282961306,17436.412946582575
Calm2,12138.721644173036,17440.217529805766
Calm2,12146.127860688644,17463.65471204485
Calm2,12147.39728484454,17443.501922935346
Calm2,12145.218872470292,17439.697219440422
Calm2,12136.897794543336,17441.572230098387
Calm2,12148.704799796562,17599.18328382783
Calm2,12144.540871407493,17606.383360578373
Calm2,12159.450932683594,17616.515670802288
Calm2,12130.883474585216,17608.85003106984
Calm2,12157.58104855581,17596.289419090128
Calm2,12148.291947201795,17608.307967313074
Calm2,12177.750525926822,17481.11643821387
Calm2,12173.675584245313,17481.96926333401
Calm2,12178.464147800309,17483.524605533745
Calm2,12167.20670542234,17495.407104628484
Calm2,12168.34413289347,17462.802690960798
Calm2,12159.131574256831,17499.75422300748
Calm2,12167.534394116383,17454.227405902704
Calm2,12153.260699306555,17453.367165194253
Calm2,12166.452567413451,17341.95159408113
Calm2,12147.036795177586,17344.992325794523
Calm2,12156.751259395107,17356.14894075008
Calm2,12163.532777249673,17342.439921775884
Calm2,12184.86549580109,17338.45515144912
Calm2,12156.945812596308,17341.52028071103
Calm2,12169.916258116116,17337.938177561606
Calm2,12155.9478022829,17340.466792483283
Calm2,12172.909938222881,17352.046143652537
Calm2,12172.078511843307,17337.979047464192
Calm2,12164.11082233947,17360.360915896672
Calm2,12190.658325471857,17843.48806079051
Calm2,12197.263736843983,17819.300723498025
Calm2,12175.909951600499,17838.215844324783
Calm2,12163.311995716535,17390.67199608666
Calm2,12171.0401888116,17368.143585599584
Calm2,12187.072571061282,17384.83576101913
Calm2,12175.224308854078,17402.555033864097
Calm2,12191.18951636278,17380.369523453595
Calm2,12176.67952565316,17395.22162034091
Calm2,12181.275432002927,17439.15960553069
Calm2,12197.56679113904,17429.89600677772
Calm2,12166.46149453645,17459.302604618035
Calm2,12212.46791469864,17347.720379182552
Calm2,12196.81072263561,17353.46515950976
Calm2,12197.234877978693,17343.668829626185
Calm2,12198.645074370628,17340.13771323359
Calm2,12197.039910517662,17337.170339446955
Calm2,12194.814964190515,17359.346971441526
Calm2,12218.875975067123,17318.66194011633
Calm2,12226.775473359647,17311.522002399368
Calm2,12205.477945286084,17316.59830860853
Calm2,12220.347182215462,17329.361792771026
Calm2,12208.372290696227,17316.523967250065
Calm2,12205.47681832093,17320.511153849275
Calm2,12212.349856025672,17329.068506661202
Calm2,12212.706784524957,17305.346769511674
Calm2,12201.803008074527,17310.10230161636
Calm2,12210.548650021194,17641.940761054215
Calm2,12201.766891324312,17640.5848129807
Calm2,12195.942602261703,17647.21878061356
Calm2,12202.481065553115,17649.641490074075
Calm2,12196.383467804146,17644.3191090756
Calm2,12199.278095554842,17655.040289976634
Calm2,12195.524496880795,17645.196758126236
Calm2,12195.590689188444,17378.28259186808
Calm2,12216.374668907645,17376.44122945351
Calm2,12225.409684406168,17364.68015003768
Calm2,12207.179135078444,17482.28465127229
Calm2,12207.148017088703,17491.39824820346
Calm2,12201.634945591863,17479.367117313006
Calm2,12203.77915130914,17474.755585995284
Calm2,12211.427894646231,17476.789507078836
Calm2,12212.196672208338,17470.876447254712
Calm2,12216.127168238612,17576.53112506751
Calm2,12210.58181843944,17568.712621329047
Calm2,12225.198918739936,17578.4214053803
Calm2,12230.590219523468,17585.38648601344
Calm2,12203.359211763,17588.703835060573
Calm2,12217.621225567187,17584.954541959327
Calm2,12215.376835270561,17588.076337484727
Calm2,12233.417629686146,17569.132160062327
Calm2,12222.317182016339,17449.38120174553
Calm2,12212.382059517957,17432.960576511105
Calm2,12209.800728851897,17286.72973692655
Calm2,12214.07519207015,17282.84416901884
Calm2,12217.358508304065,17287.800601803643
Calm2,12218.542290448182,17299.337785162723
Calm2,12206.936525793772,17286.74674229693
Calm2,12211.294124195154,17288.207825548918
Calm2,12233.734954868161,17398.67607479375
Calm2,12235.866960562515,17414.72612649249
Calm2,12223.272614727632,17401.407339735855
Calm2,12209.391685536402,17409.553117352763
Calm2,12236.25850155746,17274.532039574842
Calm2,12219.945028183658,17278.404656313527
Calm2,12238.756732401655,17273.802703202444
Calm2,12229.75628796928,17312.486347721817
Calm2,12243.95770492313,17265.111453516212
Calm2,12239.7093016425,17284.64249374737
Calm2,12240.810220085634,17381.104240708708
Calm2,12249.490127774921,17387.190050010286
Calm2,12267.727211547013,17374.991621688994
Calm2,12244.075878765525,17381.463655939482
Calm2,12242.89201879298,17370.126149874435
Calm2,12265.317735307219,17375.60317635628
Calm2,12242.04986972923,17367.15194430066
Calm2,12264.03462484922,17385.681233507
Calm2,12254.373158023103,17366.33052616348
Calm2,12255.159723799976,16949.463866172442
Calm2,12251.121048495066,16967.411568269734
Calm2,12255.255748330952,16964.457567669757
Calm2,12254.604138408855,17431.49513777656
Calm2,12248.444725430867,17436.299066234988
Calm2,12277.013329981593,17420.213229889832
Calm2,12263.026811645594,17426.529024148527
Calm2,12263.857939940184,17439.927115262748
Calm2,12233.83306393492,17447.7386824992
Calm2,12249.849149654181,17459.96552029113
Calm2,12236.923518934731,17436.18167300568
Calm2,12245.634079794729,17358.583746104414
Calm2,12256.380823600706,17344.787897903134
Calm2,12256.02586910414,17348.11509130462
Calm2,12272.127612325918,17298.219895563645
Calm2,12256.34996718335,17299.257919712734
Calm2,12248.888889445925,17282.91961777914
Calm2,12260.259848459824,17300.06961640589
Calm2,12254.385059545242,17292.605159173283
Calm2,12260.392821322634,17300.999524204773
Calm2,12246.27615343768,17294.884774632385
Calm2,12254.763737437452,16537.73805703711
Calm2,12272.83718630746,16553.6327358591
Calm2,12246.541953795948,16533.034202574258
Calm2,12259.490551597677,17168.407853161963
Calm2,12268.02973020529,17169.120172900857
Calm2,12264.869627013657,17176.76768698597
Calm2,12278.778025326013,16268.974572000674
Calm2,12278.010126310426,17239.922135412995
Calm2,12269.319179367692,17239.849873080548
Calm2,12268.707433408645,17258.79191999372
Calm2,12262.85657533409,17250.185346665967
Calm2,12266.233858598443,17253.00189808721
Calm2,12275.16863458659,17258.166030481952
Calm2,12271.396906379392,17478.334967312927
Calm2,12278.081535632648,17483.50366137344
Calm2,12282.792400086104,17489.85985402562
Calm2,12289.460760880598,17487.551907828707
Calm2,12285.351102641274,17486.545958000574
Calm2,12291.870956208404,17481.288638534752
Calm2,12277.650545092512,17473.63737543841
Calm2,12276.433171359466,17349.053978829408
Calm2,12288.704179092656,17341.58218298173
Calm2,12289.704550912978,17339.261331911996
Calm2,12297.245068821361,17349.922064080583
Calm2,12290.118847337486,17345.774496440634
Calm2,12299.415895885659,17324.61524879954
Calm2,12305.992215683516,16411.986143417453
Calm2,12278.001086376946,16423.909522342205
Calm2,12282.824377396228,16403.196021822267
Calm2,12294.822657480763,17243.31511272091
Calm2,12287.82217893811,17225.737055270012
Calm2,12300.874068804518,17236.895380051283
Calm2,12300.589205348873,17239.499839898242
Calm2,12304.85276239013,17248.258070846026
Calm2,12290.228445783288,17248.1324572365
Calm2,12287.020475403222,17255.636689760526
Calm2,12292.38483774361,17206.06819256065
Calm2,12293.745214618775,17209.324634978926
Calm2,12291.403037230852,17224.240287130942
Calm2,12306.35453914937,17213.816388742634
Calm2,12290.333482278162,17231.733128523745
Calm2,12301.059236712925,17202.01979077014
Calm2,12290.437144015217,17207.48652426345
Calm2,12294.558951459137,17207.46774642134
Calm2,12285.66111513052,17211.410977640848
Calm2,12295.934901702285,17293.700620907282
Calm2,12295.80962244858,17288.38455827967
Calm2,12290.06566360889,17295.95163456342
Calm2,12303.231011176915,17310.707788642645
Calm2,12294.869542777009,17296.12932949185
Calm2,12286.873930642148,17294.996920237878
Calm2,12289.704968396565,17302.550025399363
Calm2,12286.290662504693,17289.519953407194
Calm2,12289.017823133658,17289.186893409165
Calm2,12292.935302784002,17731.05521230601
Calm2,12286.681768443315,17455.200655678476
Calm2,12287.832754647594,17472.739025620376
Calm2,12280.03998202266,17450.018204120584
Calm2,12274.650808876388,17444.691956237926
Calm2,12280.881702258106,16352.000126587933
Calm2,12311.595299826435,16348.271628845134
Calm2,12294.584187140807,17545.299269746625
Calm2,12313.479952864465,17534.44466467362
Calm2,12307.914638302345,17158.787168751147
Calm2,12290.077519109187,17142.77736019534
Calm2,12303.804689245679,17135.63042067416
Calm2,12313.149604271202,17156.357643225932
Calm2,12317.765572934932,17152.566620129266
Calm2,12316.325941408144,17152.16478082108
Calm2,12316.633358623272,17161.211557483035
Calm2,12320.604346376145,17155.702197664952
Calm2,12313.689737707664,17166.137612367726
Calm2,12303.754673117754,17146.684496358284
Calm2,12297.308458040368,17146.605382685048
Calm2,12316.658999583164,17143.10127518157
Calm2,12319.816115837457,17140.190175204596
Calm2,12313.702585256387,17137.390756080244
Calm2,12326.327246294326,17166.687887182143
Calm2,12321.942092268046,17272.633705788532
Calm2,12332.042963129448,17255.935343832483
Calm2,12333.885870962995,17268.691794073115
Calm2,12330.522388074538,17377.86322968315
Calm2,12315.247695589203,17394.586871749783
Calm2,12320.670891473408,17386.791977858684
Calm2,12318.87073609622,17381.629587370197
Calm2,12325.886156061246,17404.243364079495
Calm2,12317.406792276512,17396.43349001617
Calm2,12345.185041109919,17201.851531606917
Calm2,12353.876299073383,17213.892339772836
Calm2,12339.793368118357,17184.672247270893
Calm2,12332.748176383186,17193.526323611506
Calm2,12309.771185859372,17195.183993945175
Calm2,12331.463665121404,17203.594531411447
Calm2,12335.485090970393,17187.41782528589
Calm2,12320.446370903266,17190.007967378624
Calm2,12333.852842548675,17195.354679296666
Calm2,12339.222748343402,17190.0195463508
Calm2,12327.072621469295,17195.3540358624
Calm2,12315.69766472586,17194.85086238035
Calm2,12329.179030256564,17203.78372621993
Calm2,12341.053333725364,17212.69545347858
Calm2,12324.324436300529,17192.505563982344
Calm2,12347.110358408674,16360.241462602142
Calm2,12337.383319080514,16354.461528116077
Calm2,12341.509196689844,17231.144107506007
Calm2,12335.838881276715,17259.165290585886
Calm2,12333.352892268795,17241.337083656297
Calm2,12329.698088914274,17240.70249424947
Calm2,12334.26526255435,17359.251978402775
Calm2,12327.465798310657,17353.413876367154
Calm2,12324.491437497505,17353.843159011172
Calm2,12335.497482119079,17355.364562095416
Calm2,12341.891573950907,17304.424986334587
Calm2,12350.409989912368,17312.115601837897
Calm2,12334.442080642117,17307.59473437368
Calm2,12348.496123537352,17296.60238683615
Calm2,12344.540226427946,17303.9652456738
Calm2,12334.488921906495,17316.831631493566
Calm2,12384.137853988343,17264.544193187234
Calm2,12362.296001590981,17276.639982453456
Calm2,12359.430799186743,17276.38198866596
Calm2,12369.236460865775,17279.21924651818
Calm2,12376.167131050766,17275.130929161925
Calm2,12384.54002642665,17254.32412034235
Calm2,12363.035098373197,17265.009996193858
Calm2,12369.207810439018,17161.905640736968
Calm2,12370.060364115108,17159.012893012638
Calm2,12380.5885798994,17161.724017956436
Calm2,12367.79779399333,17159.90769347511
Calm2,12362.802488153446,17159.47467861766
Calm2,12353.684238858208,17168.015168573813
Calm2,12367.521187654247,17134.367958979175
Calm2,12386.921387693781,17336.944155420344
Calm2,12388.362663192891,17329.578779617612
Calm2,12378.577845950593,17320.528934693313
Calm2,12364.423312350043,17449.65693437103
Calm2,12383.462016415835,17437.3874366089
Calm2,12367.993481209242,17440.84065565902
Calm2,12389.74401676645,17452.588204078507
Calm2,12368.611526780027,17454.379265837728
Calm2,12365.162345638526,17431.017233040187
Calm2,12362.539786260486,17434.663699450975
Calm2,12361.936230759015,17443.411857697458
Calm2,12359.63007588922,17442.775805263005
Calm2,12372.604492475588,17208.471254284108
Calm2,12368.379059143295,17204.480456948426
Calm2,12366.735276155701,17201.292305857387
Calm2,12354.572967405156,17213.0805855969
Calm2,12363.34442117134,17206.036092399932
Calm2,12357.327395575569,17186.084460426013
Calm2,12371.079664376051,17196.004690670496
Calm2,12393.683136966994,16327.007743212973
Calm2,12381.603089609527,16325.59812450925
Calm2,12392.382466204326,17239.15796335698
Calm2,12382.464988466016,17241.38492841978
Calm2,12376.228567765993,17246.2500706014
Calm2,12386.815246942704,17229.374709319673
Calm2,12369.733876797523,17217.26791418165
Calm2,12386.968771770044,17207.49014599684
Calm2,12387.006096990583,17222.49423333329
Calm2,12389.218503065542,17231.22579546525
Calm2,12392.382413115536,17222.536136470302
Calm2,12386.958325399344,17221.206198464184
Calm2,12384.012948520918,17225.61233555919
Calm2,12390.834325771257,17214.845474579008
Calm2,12386.571189090164,17217.083724414028
Calm2,12378.380892704821,17218.177584699308
Calm2,12389.054277145768,17217.217623100867
Calm2,12382.788816405366,17193.15203930825
Calm2,12376.453971501602,17181.599418020593
Calm2,12373.80522478509,17200.803957639986
Calm2,12384.507011601489,17191.37802227128
Calm2,12383.079468806824,17192.51712032817
Calm2,12388.918240612467,17180.892211088503
Calm2,12361.129827015704,17675.22632859725
Calm2,12370.708897066213,17652.478252482153
Calm2,12390.025374368402,17102.7299433585
Calm2,12394.037672704773,17103.527699796632
Calm2,12376.389234596905,17096.426556516624
Calm2,12400.508686886125,17118.457142907682
Calm2,12382.04154735062,17104.832366631395
Calm2,12403.523455883764,17118.76669773962
Calm2,12395.844103715184,17128.69289276651
Calm2,12410.55264149769,17124.944797501823
Calm2,12420.430665254264,17171.180424290156
Calm2,12412.494832063043,17153.38571586418
Calm2,12399.985225685072,17171.026760275134
Calm2,12405.615194335109,17157.007260192993
Calm2,12393.539856105755,17172.153515335143
Calm2,12410.22596745569,17158.909962332364
Calm2,12394.484275961042,17157.801524093426
Calm2,12408.940197580547,17154.20405123613
Calm2,12383.879993897357,17153.909918686266
Calm2,12390.673410263522,17704.210694461726
Calm2,12417.950167128816,17715.474048777964
Calm2,12418.475966443564,17067.324727099178
Calm2,12418.11873753217,17069.386672874945
Calm2,12405.255640764053,17060.076376405537
Calm2,12397.078977005523,17072.219837880064
Calm2,12399.810301451169,17065.186934064142
Calm2,12401.330641767714,17098.145790190552
Calm2,12394.983731947961,17107.014564659552
Calm2,12411.067769694799,17095.039556803345
Calm2,12410.10543219616,17106.82807252061
Calm2,12421.387488308133,17091.93022381812
Calm2,12411.800033304558,17095.083808563264
Calm2,12412.510335670599,17281.386136246612
Calm2,12417.880801545098,17268.936528322043
Calm2,12420.60700831622,17251.16281575893
Calm2,12422.643440998352,17259.302835765375
Calm2,12421.98421554217,17271.01695343793
Calm2,12397.279622071128,17272.409347078763
Calm2,12411.907243308133,17254.737698867768
Calm2,12418.226994137776,17459.997260074986
Calm2,12418.681002353613,17448.87673186611
Calm2,12419.276013510143,17375.948293488957
Calm2,12412.873303975066,17400.966096632586
Calm2,12423.103772044029,17401.77416667277
Calm2,12409.87790040981,17405.943440619852
Calm2,12442.675490263475,17140.293841005445
Calm2,12437.735340449706,17147.983774024782
Calm2,12436.90968458038,17144.309393508956
Calm2,12432.446204819173,17146.48863306522
Calm2,12430.567487054122,17156.239714259802
Calm2,12436.915756204677,17151.1172892814
Calm2,12431.86178398311,17167.641198485228
Calm2,12429.993711474099,17148.62445416787
Calm2,12432.417232675249,17139.909226435997
Calm2,12439.723775187296,17161.5669090298
Calm2,12429.471344396034,17156.349011640687
Calm2,12424.651446723277,17124.288349744966
Calm2,12435.0254820172,17095.279392999822
Calm2,12450.363636699574,17103.44319168809
Calm2,12448.509377370403,17098.87309346929
Calm2,12438.670198602395,17086.1310035862
Calm2,12420.788500444974,17787.312379629617
Calm2,12448.18743137926,17297.231742919415
Calm2,12437.762466212796,17301.095718202312
Calm2,12442.670522744758,17284.064886008906
Calm2,12440.558487231485,17288.02321406133
Calm2,12441.20002870056,17293.150787856524
Calm2,12441.662965908821,17295.761299784437
Calm2,12451.618923957294,17280.368401031
Calm2,12445.43474724574,17288.538247956847
Calm2,12461.75420064641,17051.51449600486
Calm2,12455.534478175978,17053.97699869124
Calm2,12475.625868546369,17071.63980255326
Calm2,12469.401351436023,17059.105376649233
Calm2,12471.438454768611,17056.699156734452
Calm2,12475.087255666082,17064.36470180651
Calm2,12471.709498673448,17011.627690161597
Calm2,12461.541185070291,17000.860967047094
Calm2,12452.74071012852,16995.062366907077
Calm2,12476.783783158506,16983.695346272427
Calm2,12461.213657701495,17081.013959077067
Calm2,12465.662854621658,17081.965276095823
Calm2,12458.409446173771,17101.678071033413
Calm2,12467.55288735792,17088.768211193255
Calm2,12462.849552353304,17088.989332697038
Calm2,12467.884783274501,17072.89618221128
Calm2,12465.221095880093,17059.86263543512
Calm2,12452.803855271191,17084.131559145484
Calm2,12472.400324451477,17067.051165861947
Calm2,12466.025017837494,17030.438528882754
Calm2,12476.648112203215,17029.96966981758
Calm2,12473.663405408084,17012.383038548825
Calm2,12480.528395089308,17016.242615187708
Calm2,12475.9429893259,17046.603663123107
Calm2,12473.950980861746,17027.905509913235
Calm2,12494.025031982565,17108.386449592985
Calm2,12480.235332251148,17133.282814422244
Calm2,12484.521610879949,17120.0297762996
Calm2,12482.465468112043,17157.240812423992
Calm2,12476.362460677336,17112.96173212138
Calm2,12480.120218137654,17111.83421318893
Calm2,12488.722698368403,17122.39398039143
Calm2,12473.516119129345,17130.931657368918
Calm2,12470.669015056117,17142.496872752294
Calm2,12469.800118907631,17131.015753009986
Calm2,12490.15114580157,17138.83869509199
Calm2,12473.576070432018,17123.44841049036
Calm2,12483.127234798314,16976.58127487776
Calm2,12504.987631156746,16977.356688958662
Calm2,12486.394790924092,16977.918826057357
Calm2,12498.263844746074,16943.516616057073
Calm2,12490.195237795911,16967.82865726208
Calm2,12488.81522190106,16962.31272448152
Calm2,12485.817313929236,17097.823906845453
Calm2,12498.998658484847,17105.893359556438
Calm2,12474.106612275393,17102.33808537514
Calm2,12495.537353975931,17097.546819335705
Calm2,12501.587666961988,17096.618064642807
Calm2,12474.808749991664,17171.363182436973
Calm2,12488.548429141127,17148.605861659238
Calm2,12485.758139553092,17159.04355324588
Calm2,12496.412357029229,17154.130311233963
Calm2,12479.636795440158,17140.232062594594
Calm2,12499.436556920033,17039.882025654548
Calm2,12488.205532870279,17036.071512641698
Calm2,12484.391164354101,17031.443010404233
Calm2,12501.112363267534,17030.414049361272
Calm2,12490.759728165624,15856.401765947248
Calm2,12512.643144058695,15870.343750727267
Calm2,12511.777750148207,15862.784195152592
Calm2,12532.030909419158,16926.184006402993
Calm2,12513.436380764553,16950.995399912168
Calm2,12527.044661897833,17020.607649288562
Calm2,12529.105744807426,17017.72752574285
Calm2,12507.477874500471,17031.490524941233
Calm2,12521.679454117038,17016.17051020639
Calm2,12517.459046004024,17023.999468240425
Calm2,12521.628621556078,17018.19785228309
Calm2,12518.50158465156,17125.614751825018
Calm2,12538.937959017032,17109.98801984121
Calm2,12529.649908850239,17112.703900116554
Calm2,12550.62815756817,17095.631796351387
Calm2,12518.682250267855,17084.394365069085
Calm2,12514.747941645737,17103.227538267416
Calm2,12540.926010532943,17101.535224856176
Calm2,12529.195030765817,17105.922369019532
Calm2,12539.730283366482,17098.406711448566
Calm2,12536.330300823784,17059.574363593703
Calm2,12525.912891371696,17068.583021258724
Calm2,12536.617136329158,17064.298074424027
Calm2,12511.979148644325,16993.61626014181
Calm2,12519.994308432568,16989.767929982045
Calm2,12539.750034206672,16975.324778366677
Calm2,12528.166230883626,16974.815231950895
Calm2,12519.811869816433,16970.926265514496
Calm2,12544.382865192136,16993.386215368126
Calm2,12542.849107104086,16987.114577919372
Calm2,12531.349938605576,16990.03832957326
Calm2,12527.426189729107,16989.295204784852
Calm2,12521.047052576727,17185.126107248987
Calm2,12532.328299624593,17172.414797813562
Calm2,12539.408460909843,17170.219266281656
Calm2,12546.59240275307,17180.218608781917
Calm2,12569.524913901132,17715.053001570574
Calm2,12553.903583028865,17012.906859015562
Calm2,12549.742552536882,17018.28966065385
Calm2,12568.9951011665,17006.627116383384
Calm2,12569.14318943051,17091.683706303655
Calm2,12571.26208050765,17057.675794917028
Calm2,12567.817157358531,17059.37036144222
Calm2,12560.652891135453,17063.828170521054
Calm2,12576.730043044206,17067.774543810618
Calm2,12563.068128602,17073.05655551841
Calm2,12557.283564633051,17514.69381692227
Calm2,12573.962967095897,17515.632494758524
Calm2,12551.356435351852,17498.761073778565
Calm2,12561.19209550578,17507.189991431118
Calm2,12563.52114170184,17498.51803432996
Calm2,12554.996424510588,17506.55645968867
Calm2,12575.636897110759,17486.410381754602
Calm2,12591.395438622678,17490.324662717998
Calm2,12576.569976295692,17221.361100922142
Calm2,12572.802651029104,16987.42208354487
Calm2,12582.605873545417,16886.107830236597
Calm2,12581.957384676933,16880.247529941524
Calm2,12595.361417740794,17588.036074347478
Calm2,12590.089570610126,17583.133056458195
Calm2,12604.554227177412,17584.458661847122
Calm2,12574.691609826607,16892.569284587007
Calm2,12596.489202804565,17003.945379060817
Calm2,12574.82413664593,17006.293692770567
Calm2,12605.902151784632,16999.19967768879
Calm2,12610.99381550577,16997.993714600325
Calm2,12587.878453113752,17007.401075718866
Calm2,12580.270112167738,16993.896327537856
Calm2,12580.911028992983,16955.53734034469
Calm2,12584.829809944029,16952.88221835241
Calm2,12592.879295806224,16939.335085328432
Calm2,12622.667368361796,16916.36111123833
Calm2,12610.925956439347,16917.92055532283
Calm2,12607.101263259492,16912.778258717015
Calm2,12598.27631186828,16932.31156243859
Calm2,12615.824311480406,16919.77177343547
Calm2,12603.212277639168,17057.30045762336
Calm2,12591.857571671782,17048.144327091355
Calm2,12606.839428233541,17058.360873318437
Calm2,12605.275401464214,17313.808235809927
Calm2,12616.585107103509,16828.31499940819
Calm2,12635.4764827573,16843.162974516534
Calm2,12612.676432585717,16838.746491853053
Calm2,12621.068518009735,16845.133280438924
Calm2,12631.652731419257,16833.546856643763
Calm2,12612.759448495079,16846.315660802094
Calm2,12626.468598467423,16830.616436445107
Calm2,12631.990996851084,16848.713791467108
Calm2,12604.866257331385,16835.179214764405
Calm2,12637.218172662871,16843.04208723895
Calm2,12617.402220089238,16853.00686559066
Calm2,12628.918830201545,17031.687659278323
Calm2,12639.061318327975,17035.206693851844
Calm2,12618.372801546504,16867.190192752845
Calm2,12628.735270848563,16880.29290033864
Calm2,12617.899567637203,16892.64720807297
Calm2,12617.2621964151,16876.241763453498
Calm2,12631.211732073627,16893.392797163542
Calm2,12625.669845957364,16883.98088471238
Calm2,12650.950396662944,16878.241196976396
Calm2,12620.519263064907,16875.682403066246
Calm2,12640.346831802677,17540.9659525431
Calm2,12631.745572919172,17539.155794607337
Calm2,12628.599683386663,17534.88961156918
Calm2,12627.629999637422,17539.58472807812
Calm2,12624.906463205041,17513.76161723112
Calm2,12632.862612113504,17542.955494337868
Calm2,12634.57079693496,17524.39730843786
Calm2,12627.344035076743,17543.697210612885
Calm2,12625.83211521804,17540.474595828193
Calm2,12612.399438932282,16801.369161372742
Calm2,12633.05084125097,16794.577851000977
Calm2,12623.557951626228,16782.40174939845
Calm2,12628.66759068128,16780.89452918598
Calm2,12621.698450788523,16785.525200275955
Calm2,12635.600271663381,16921.516696252314
Calm2,12640.121449152655,16931.26607304162
Calm2,12628.686105751318,16918.891322125564
Calm2,12647.846602449681,16923.144686930176
Calm2,12634.068462479436,16932.32194846782
Calm2,12642.301496395765,16925.78753686555
Calm2,12631.312140923603,16936.836071132908
Calm2,12642.875697459272,16922.02724937338
Calm2,12645.225247597768,16925.88111632656
Calm2,12617.904942700508,16806.035793752333
Calm2,12627.568479277172,16807.19563008328
Calm2,12618.172580033375,16808.022697559885
Calm2,12652.625908576912,17121.967975619453
Calm2,12640.63564390501,17135.24308083483
Calm2,12641.504478477946,17133.58603817303
Calm2,12649.145950274056,17126.732985789648
Calm2,12639.935267508208,17132.168297928663
Calm2,12650.881759034028,17140.4852217107
Calm2,12643.362695934304,17479.02852046647
Calm2,12637.29900283865,17489.642545060473
Calm2,12664.966294144175,17480.792472306868
Calm2,12631.545678263963,17478.39159796096
Calm2,12652.64160188404,17475.99937582865
Calm2,12648.064734884167,17504.31523838366
Calm2,12642.478527586514,17488.654755333646
Calm2,12647.571184208686,17495.688523651646
Calm2,12632.337744969096,16994.52094527746
Calm2,12654.3777663226,16978.1922275445
Calm2,12636.42698880502,16981.17922829723
Calm2,12632.463989847927,16994.933764979723
Calm2,12650.889254807013,17000.89751390639
Calm2,12638.28581272607,16792.224982312517
Calm2,12634.2671213577,16794.286604712637
Calm2,12643.04610380228,16810.893172885353
Calm2,12660.885281054407,17444.721848610665
Calm2,12650.152599033123,17455.354364804556
Calm2,12642.94658458852,17447.450538558413
Calm2,12653.732884730256,16770.088427568837
Calm2,12632.319694356585,16756.762974434438
Calm2,12646.982323255324,16764.275736543717
Calm2,12659.26276521192,16742.970437077835
Calm2,12658.345175092118,16769.82646420926
Calm2,12635.268541022515,16767.502333176133
Calm2,12646.660646278728,17408.264255861308
Calm2,12659.177124677355,17400.291559911173
Calm2,12648.713674663557,17414.092461629974
Calm2,12653.410787427127,16855.272972050163
Calm2,12653.39241302463,16852.14556639262
Calm2,12653.967319357998,16828.94664968455
Calm2,12664.23002372681,16835.650323990067
Calm2,12644.656637444403,16810.056894182573
Calm2,12670.880004156405,16816.419282799943
Calm2,12653.471474514974,16819.147208629365
Calm2,12648.943218793673,16805.631694742042
Calm2,12649.58300736722,16817.097768249307
Calm2,12659.143514082698,16822.142974951603
Calm2,12655.09521980507,16818.441870783496
Calm2,12660.278154071533,17530.900353582303
Calm2,12654.062868338378,17039.6567956352
Calm2,12663.116517650062,16785.59148998715
Calm2,12681.675081129106,16796.987662041258
Calm2,12672.686146023943,16787.868416725516
Calm2,12688.298196133914,16979.33100202055
Calm2,12680.680079175258,16986.590286214243
Calm2,12667.229219814302,16978.61189228281
Calm2,12670.537904944222,16973.819228435397
Calm2,12680.553114305732,16980.81191114272
Calm2,12669.209326403328,16980.432970653826
Calm2,12683.310491491797,17112.983113221206
Calm2,12692.443979579544,16871.373937208376
Calm2,12709.031579620576,16871.240768342406
Calm2,12691.493038273275,16875.35348013275
Calm2,12699.245029200185,16875.10818001952
Calm2,12687.294780277725,16874.812788570754
Calm2,12692.779805046743,16862.931363573844
Calm2,12694.80601231485,16891.384070896274
Calm2,12696.018147797287,16867.035543598482
Calm2,12702.788810236225,16763.412961314974
Calm2,12688.511101213733,16756.135060247085
Calm2,12706.997103705335,16756.93401740953
Calm2,12698.757312508937,16760.46159320836
Calm2,12689.339013335011,16760.353579109353
Calm2,12684.089287830782,16759.0550864013
Calm2,12682.746535519887,16771.581820782074
Calm2,12686.665346703629,16759.744918315653
Calm2,12699.63526110542,16694.648068507104
Calm2,12710.953012705651,16715.732265846465
Calm2,12701.722393137567,16702.19007872576
Calm2,12711.694696795119,17405.55318468334
Calm2,12708.120947941294,16729.481371655012
Calm2,12692.210588932961,16832.835622896924
Calm2,12702.735147862679,16819.752049971714
Calm2,12713.32000428528,16825.331322701662
Calm2,12712.725986858066,16820.62751080283
Calm2,12682.145199698667,16813.175786957832
Calm2,12700.962605671326,16839.311214144756
Calm2,12698.806369083952,16683.02651779073
Calm2,12686.189132028208,16693.56882068133
Calm2,12715.365083379678,17211.999868207018
Calm2,12721.151570162907,17217.475777332023
Calm2,12726.51899134292,17217.151242848537
Calm2,12707.777423501027,17211.143033391916
Calm2,12711.20676108145,17204.48625170148
Calm2,12725.255183900565,16742.63253196693
Calm2,12708.878878331678,16758.734469077106
Calm2,12720.044379698571,16745.10535025
Calm2,12725.640580019759,16766.979831169294
Calm2,12727.332222288083,16761.539196308204
Calm2,12717.380525498307,16732.290153252146
Calm2,12731.470575891703,16759.7349127365
Calm2,12718.902163726745,16760.26943119508
Calm2,12710.023697938535,16658.256649644187
Calm2,12714.736944853878,16681.802435854002
Calm2,12716.317523673793,16812.556644646113
Calm2,12707.606423244037,16798.300616751625
Calm2,12714.217158603033,16795.622727851725
Calm2,12727.884343658947,16897.143997406925
Calm2,12716.832316230611,16900.323114919203
Calm2,12730.799264109823,16901.513864084536
Calm2,12725.221883012593,16905.57452941001
Calm2,12726.632407410665,16901.29534418048
Calm2,12756.007751567504,16739.531118913037
Calm2,12760.51447125269,16746.046251551503
Calm2,12755.534398634985,16733.879897669827
Calm2,12748.841317592514,16719.582189460387
Calm2,12752.395221204675,16737.125621507912
Calm2,12754.18831621124,16726.617443387942
Calm2,12746.408966163863,16733.27786713145
Calm2,12747.14158705789,16755.304920380768
Calm2,12747.14143438142,16757.789216534205
Calm2,12757.781630100599,16665.943708447172
Calm2,12745.69921148203,16676.7948448657
Calm2,12749.032201739215,16666.683980281265
Calm2,12760.10163075843,17369.725808527917
Calm2,12786.089371030763,17003.839332031286
Calm2,12765.070091109872,16982.526600500485
Calm2,12762.736036133287,16994.32130769987
Calm2,12759.275899823288,16988.84894936869
Calm2,12771.034113842854,17005.679890259467
Calm2,12771.592723616726,16998.06716447784
Calm2,12752.339609320492,17006.5825909367
Calm2,12781.532314497217,16997.067039768866
Calm2,12749.821142706758,17004.228520776378
Calm2,12789.028902314987,16697.512200905265
Calm2,12768.227738967902,16705.487300325694
Calm2,12786.856959616165,16708.720485496706
Calm2,12790.524613514932,16711.127357661175
Calm2,12786.353831548156,16698.474151158658
Calm2,12792.960226901783,16697.210270823765
Calm2,12777.129367570922,16717.854027012683
Calm2,12793.202600371715,16712.605821526304
Calm2,12772.116245127094,16699.182667428253
Calm2,12786.030962399078,16698.644089873993
Calm2,12787.658097653582,16634.365398125992
Calm2,12776.439241231566,16642.428832327052
Calm2,12781.591020661206,16641.669973455344
Calm2,12773.709208048322,16642.217964836727
Calm2,12777.212740123256,16641.77015868113
Calm2,12763.643085666476,16634.674417971484
Calm2,12774.461222236641,16643.194405099868
Calm2,12763.098915674094,16647.341817890894
Calm2,12776.378965261485,17073.167047990915
Calm2,12776.250119883956,17067.64467941721
Calm2,12782.124755664208,16981.618621056336
Calm2,12780.031052338385,16954.761703938282
Calm2,12791.934056258387,16969.88640637931
Calm2,12794.039325613438,16957.563728004694
Calm2,12801.582503058244,16974.011085352824
Calm2,12783.35957963513,16973.226440882754
Calm2,12778.15668943392,16968.241071654887
Calm2,12788.722238821641,16972.210889144597
Calm2,12786.262211488583,16972.08673632918
Calm2,12784.181546310421,16956.096183757894
Calm2,12774.03855156518,16756.804144393
Calm2,12783.451553092074,16764.832854264107
Calm2,12786.930327053535,16762.47312680012
Calm2,12797.573283030608,16815.95387777382
Calm2,12803.41838167844,16836.92815314674
Calm2,12808.014245669112,15738.739976247627
Calm2,12799.073346632482,15749.565271676413
Calm2,12799.109748455769,15760.550136665426
Calm2,12799.41222948707,15744.636607182681
Calm2,12815.151073822328,15754.381996247588
Calm2,12787.73189332007,15747.29575295092
Calm2,12811.175213147675,16572.117788913903
Calm2,12805.650874345216,16588.47780860888
Calm2,12808.795914525059,16562.974909283414
Calm2,12795.614173637952,16577.668038118518
Calm2,12804.502984746274,16582.720580485093
Calm2,12787.209029593825,16565.363384275865
Calm2,12788.733555942767,16569.224245030204
Calm2,12791.328182281926,16580.233399641664
Calm2,12801.314436869357,16577.56390958728
Calm2,12791.901704140826,16592.720448244923
Calm2,12788.107327627527,16573.758492850007
Calm2,12788.941124478404,16579.452035263464
Calm2,12822.941544869478,16582.0974938681
Calm2,12799.786070373879,16574.100987178805
Calm2,12827.460758572204,16665.28011391473
Calm2,12802.164116209831,16671.78596123964
Calm2,12819.718293721842,16672.77310239948
Calm2,12810.648334530688,16657.84715058212
Calm2,12819.758584985193,16670.334491311496
Calm2,12823.24912454417,16677.829016662017
Calm2,12822.076628125631,16663.937877504755
Calm2,12825.357245900297,16667.41736562045
Calm2,12814.868831453245,16664.96706745467
Calm2,12810.06242083508,16672.254532956966
Calm2,12805.772050699768,16666.114659916188
Calm2,12813.97177997666,16660.103863804896
Calm2,12835.650270379394,16664.35719306451
Calm2,12826.948640057237,16678.739695561482
Calm2,12805.879225364979,16648.559979217705
Calm2,12827.349189419425,16691.15945969091
Calm2,12818.443166652514,17307.65686115464
Calm2,12828.37268781661,17322.908622329276
Calm2,12820.986139405846,17322.956076134487
Calm2,12817.67054366356,16613.00213041209
Calm2,12841.019139903907,16603.41589157582
Calm2,12814.907199209294,16633.53815835112
Calm2,12827.645872347288,16625.65305680029
Calm2,12833.177905465895,16610.157269954678
Calm2,12834.28821586721,16624.672941109096
Calm2,12825.817327432089,16607.51974576336
Calm2,12824.936524048218,16614.598848856665
Calm2,12827.715196761443,16615.79640767133
Calm2,12834.63209221801,16617.035709499985
Calm2,12840.620528936557,16618.73328733879
Calm2,12827.41530856272,16607.34819939393
Calm2,12821.778148897562,16640.24864440093
Calm2,12815.382527478196,16625.821889139286
Calm2,12834.429640794262,16740.807575343788
Calm2,12840.519579387412,16751.70191651255
Calm2,12822.221136257309,16738.790713645314
Calm2,12837.645030666261,16765.569106895655
Calm2,12824.01404836227,16748.30643586628
Calm2,12840.95311825563,16740.49322675582
Calm2,12828.170921063504,16749.14555346131
Calm2,12851.728634635912,16557.56356338434
Calm2,12852.857047077057,16563.047880402977
Calm2,12852.404388051744,16583.501078248133
Calm2,12852.195773502943,16548.939537842212
Calm2,12842.788033631883,16556.03597236889
Calm2,12868.659318936336,16554.887375514274
Calm2,12847.587868826255,16539.52657745623
Calm2,12834.90027213849,16538.386751098406
Calm2,12848.58473724575,16529.27941129462
Calm2,12840.288624367084,16532.964177818503
Calm2,12853.03937914696,16517.70900278393
Calm2,12841.634366994902,16725.160750583203
Calm2,12848.505781475902,16711.985751017477
Calm2,12845.646968120273,16707.062317448435
Calm2,12848.812113021182,16709.231516336597
Calm2,12862.185671746347,16715.20269854877
Calm2,12850.187243010572,16707.958809139865
Calm2,12843.324089151585,16851.111533944266
Calm2,12864.51742279931,16849.441438532303
Calm2,12844.291745210314,16860.687397115304
Calm2,12853.449369168664,16657.11170562626
Calm2,12860.755326673918,16657.536552520596
Calm2,12845.398318759047,16659.021538758425
Calm2,12866.48682309488,16662.948348395512
Calm2,12856.4285521165,16691.41530103443
Calm2,12856.133303287026,17197.700796119443
Calm2,12871.205541322432,17198.983344509856
Calm2,12865.017964865807,17196.805518390865
Calm2,12871.92790117589,17196.961805168805
Calm2,12878.485142823076,17199.84918503272
Calm2,12869.263122695627,17193.574583206253
Calm2,12863.577025568988,16577.743290749513
Calm2,12861.205173778199,16574.96524569179
Calm2,12853.886964666615,16584.149933100332
Calm2,12854.602393429339,16610.831216708233
Calm2,12884.421088834191,16607.305042057265
Calm2,12885.538867373802,16612.48394203177
Calm2,12868.815675475973,16621.02787989431
Calm2,12874.429566214956,16612.172042749724
Calm2,12877.650215833115,16608.242401517015
Calm2,12868.068426099313,16615.19359800288
Calm2,12852.075307378016,16625.133288885154
Calm2,12857.188349357924,16622.756681261828
Calm2,12869.043339520467,16791.436871323636
Calm2,12896.459374342014,16778.285644537416
Calm2,12869.358412922913,16812.050174657015
Calm2,12885.908934295729,16777.823626458743
Calm2,12902.45369889866,16786.52196437709
Calm2,12893.579235068964,16776.54195764801
Calm2,12882.258452123266,16774.160846232513
Calm2,12888.314973637984,16787.141733571734
Calm2,12897.313405236391,16779.359695491807
Calm2,12893.202848451263,16565.697567040737
Calm2,12886.843391049018,16573.805081774655
Calm2,12898.776776250736,16560.479158423554
Calm2,12886.735724919661,16555.63891056709
Calm2,12888.251147040184,16557.48046981824
Calm2,12881.910351717235,16560.16695270221
Calm2,12882.709422974416,16552.119125714627
Calm2,12883.449865354602,16564.142544146674
Calm2,12903.470134309335,16555.75260654815
Calm2,12887.923623140958,16556.285838753705
Calm2,12887.886175262149,16566.818801682155
Calm2,12908.35446965132,16568.604638959958
Calm2,12900.066686539132,17136.35618769576
Calm2,12913.59746990995,17153.294578282977
Calm2,12909.866982173677,17155.459830710504
Calm2,12916.661331618663,17170.011896401156
Calm2,12909.717338706303,17147.798603342904
Calm2,12922.610883555482,17171.94506257762
Calm2,12931.772057239274,16641.893885921305
Calm2,12922.38227989907,16639.146015727616
Calm2,12907.620200032223,16638.426814022645
Calm2,12906.964682448108,16651.44826697591
Calm2,12900.128170661746,16635.09758116757
Calm2,12918.878475497948,16635.8952929771
Calm2,12913.193772915003,16766.341121565965
Calm2,12916.678941227217,16759.41113933134
Calm2,12921.734248793558,16750.066312578878
Calm2,12920.877360718261,16594.026794692425
Calm2,12913.109540628713,16575.022195562156
Calm2,12942.756340365295,16570.25343254758
Calm2,12919.644634652937,16565.26513415691
Calm2,12935.554222322324,16575.14642929654
Calm2,12947.759075664933,16579.0833216965
Calm2,12940.292803193066,16573.358961284222
Calm2,12940.933184271255,16720.912675045784
Calm2,12923.749130852182,16723.60700737084
Calm2,12937.484626586574,16730.093207277165
Calm2,12931.26506599459,16723.227075697338
Calm2,12939.566701519492,16719.52576908584
Calm2,12925.425416944707,17101.910555254042
Calm2,12930.377228257574,17106.988709290457
Calm2,12913.27668310204,17106.87280674381
Calm2,12938.683932337613,17092.69852901527
Calm2,12925.317272617327,17096.840872619025
Calm2,12933.855106274226,17099.58253610594
Calm2,12935.910440029043,16536.72540991372
Calm2,12957.983475904533,16529.385911057976
Calm2,12941.997410223483,16522.292826677276
Calm2,12932.892176735199,16533.407111609587
Calm2,12952.870962099183,16529.25272697673
Calm2,12945.55287027964,16526.432281430185
Calm2,12934.222570815818,16538.68145543863
Calm2,12955.114479206484,16518.9954583744
Calm2,12948.916754099198,16525.788353028714
Calm2,12928.982208805193,16525.131593525526
Calm2,12929.638578135598,16536.729984275546
Calm2,12967.578094316696,16512.91086201521
Calm2,12927.079903402442,16609.95236345184
Calm2,12938.418656711383,16619.600368087213
Calm2,12946.438369895912,16614.553404253515
Calm2,12923.12700515153,16615.609505136625
Calm2,12943.421548115091,16649.603540501823
Calm2,12963.072420267506,16648.907817123705
Calm2,12975.38171980094,16654.49990274812
Calm2,12963.283834469297,16652.48040176684
Calm2,12955.776343746275,16651.592994022736
Calm2,12955.206771063631,16659.65941314813
Calm2,12971.579300020005,16648.96075318576
Calm2,12963.548723648635,16663.969716552194
Calm2,12957.163304875532,16644.307696117437
Calm2,12963.425619507034,17078.725877047644
Calm2,12943.117259191506,17066.637301590228
Calm2,12947.38495493821,17081.738051304943
Calm2,12946.67325417053,17151.438605702628
Calm2,12956.29456316231,16833.466098103632
Calm2,12959.067485466661,16820.84521880263
Calm2,12957.36896423695,16813.733197301564
Calm2,12961.389726595904,16825.071218311234
Calm2,12969.476936984265,16824.727972173907
Calm2,12954.435554449396,16823.54403647467
Calm2,12966.041801862566,16848.99231938409
Calm2,12961.414457281922,16486.857616104153
Calm2,12980.698703889018,16477.591145591086
Calm2,12968.577233987491,16483.318885635068
Calm2,12972.789625463643,16485.722047593885
Calm2,12971.478458557951,16485.082517894934
Calm2,12952.446302864018,16480.7882398599
Calm2,12968.999730752272,16603.790968995214
Calm2,12962.544918539306,16605.934624815854
Calm2,12970.222843690388,16609.121553294633
Calm2,12953.616585990716,17062.26613832602
Calm2,12947.482094033092,17066.8711445956
Calm2,12949.329286743485,17068.164126127325
Calm2,12960.660855447104,16767.243653541078
Calm2,12963.904732414885,16753.137401812404
Calm2,12967.780342881553,16752.875464485904
Calm2,12975.773229700457,16749.70489768005
Calm2,12976.985060813337,16762.207114833756
Calm2,12964.867781048913,16748.436662249827
Calm2,12970.602481962724,16754.25619479527
Calm2,12982.161910188917,16738.132609225147
Calm2,12976.489251423816,16753.589034196673
Calm2,12984.30848889103,17102.2053631096
Calm2,12987.49137440675,17085.564809263848
Calm2,12983.745892830166,16442.94439579292
Calm2,12998.494315418628,16453.938543766155
Calm2,12990.008176731406,16452.08268178884
Calm2,12984.876529440651,17040.01975093598
Calm2,12985.375202416551,17056.39624130018
Calm2,12981.741800804764,17048.30676462013
Calm2,12995.562646458076,16523.370889523027
Calm2,12989.323928944885,16523.769464737314
Calm2,12990.574526779254,16508.383690138453
Calm2,12982.8516372617,16513.618245578273
Calm2,12996.782297037604,16524.715646185978
Calm2,13005.545901803534,16650.569964389193
Calm2,13006.962815227585,16669.43471363404
Calm2,13008.59897509898,16651.61892099578
Calm2,12985.675480247968,16664.668218835624
Calm2,13006.487674251224,16816.23375169072
Calm2,13015.614838461017,16622.561560865826
Calm2,13011.608960793334,16481.243845892164
Calm2,13016.798843617382,16472.98636534808
Calm2,13037.591747360757,16477.59401020057
Calm2,13018.036711861892,16480.52037212938
Calm2,13019.868547289396,16465.32857583155
Calm2,13019.466895365269,16473.2021461812
Calm2,13029.789024625952,16477.50836784686
Calm2,13019.808966630271,16487.21320631291
Calm2,13023.503042853736,16493.020042372693
Calm2,13048.97654814497,16472.483163210443
Calm2,13024.431646412702,16474.20702916794
Calm2,13001.902363531824,16524.54566426572
Calm2,13016.8589102092,16438.230027790112
Calm2,13027.050912736097,16432.719522153195
Calm2,13015.730373150987,16410.73600715085
Calm2,13039.91476258018,16431.942776034444
Calm2,13025.804450759482,16416.405389253956
Calm2,13033.046949302328,16414.43930249019
Calm2,13042.709076605728,16415.22046938726
Calm2,13004.803747414051,16509.873046456894
Calm2,13021.895754525784,16507.45978901103
Calm2,13002.183969516533,16520.175893995147
Calm2,13013.562533778515,16502.369406958253
Calm2,12989.820975698658,16531.942270798612
Calm2,13014.045158735464,16513.762669140757
Calm2,13030.76056449407,16954.733689836707
Calm2,13012.022663172027,17093.653861801813
Calm2,13030.357266900934,17087.505438267308
Calm2,13029.27847044398,17092.35745898808
Calm2,13041.798637000067,16599.4759322276
Calm2,13022.290696575223,16409.888274120567
Calm2,13027.831721263465,16408.339287994695
Calm2,13036.472611117559,16414.36124359319
Calm2,13043.017268158,16536.183052145167
Calm2,13019.997771199698,16548.27050266846
Calm2,13024.69603637612,16549.82096919375
Calm2,13024.754625673437,16522.161740215888
Calm2,13058.018108765658,16530.406206050535
Calm2,13060.694853156298,16508.798398024832
Calm2,13025.389492755357,16500.076914930185
Calm2,13053.414973101078,16521.15686792354
Calm2,13034.078298064192,16518.555400367946
Calm2,13064.840023981185,16976.78852958246
Calm2,13042.727186979939,16978.188633909842
Calm2,13065.5973164561,16967.069760559105
Calm2,13055.918355392467,16971.04064454492
Calm2,13062.884372111823,16988.405039133584
Calm2,13064.01563317757,16962.179684227503
Calm2,13059.277991732935,16988.65309452471
Calm2,13072.658797877075,16486.997917527755
Calm2,13062.562289433723,16482.682552702896
Calm2,13070.468487133447,16477.60334801912
Calm2,13054.705139411806,16390.644939672275
Calm2,13077.01873900175,16387.33618879723
Calm2,13080.864978830528,16400.22712620275
Calm2,13076.112855995261,16381.732683310218
Calm2,13058.245259228755,16382.819709414864
Calm2,13064.827004969256,16385.787715267914
Calm2,13073.85798113149,16393.259755034425
Calm2,13071.670530632691,16397.469958080612
Calm2,13071.309713738165,16372.928837496893
Calm2,13068.519877761786,16383.126607809101
Calm2,13070.535182071975,16399.29463891116
Calm2,13082.394191673482,16388.425454584914
Calm2,13057.803076525572,16397.23345262245
Calm2,13051.435413839004,16418.88281913335
Calm2,13049.076825082413,16437.725640318695
Calm2,13076.498399996559,16426.922796348816
Calm2,13062.313362432462,16434.744321600225
Calm2,13062.281117136275,16430.805916361252
Calm2,13062.149573311808,16438.937763547594
Calm2,13093.82474617185,16529.238606829153
Calm2,13094.930740074195,16574.540562325208
Calm2,13106.594463628018,16573.723015609343
Calm2,13096.445318511262,16578.55228824053
Calm2,13108.961517685795,16574.558403055835
Calm2,13099.310875157931,16580.015557044953
Calm2,13081.75252169218,16567.47574796587
Calm2,13100.2019491967,16408.920473941016
Calm2,13098.339191114099,16417.43605782011
Calm2,13103.137153105838,16410.536781624352
Calm2,13084.920501286279,16432.0049274429
Calm2,13108.762553073511,16408.832636490173
Calm2,13108.161226128572,16416.945472576965
Calm2,13096.694545771426,16398.62225278694
Calm2,13100.972537347192,16410.680406405445
Calm2,13115.272253628633,16974.603786828447
Calm2,13107.727024766958,16989.84063011859
Calm2,13097.665323058503,16972.351381723995
Calm2,13086.550671876885,16980.136882910494
Calm2,13105.358895705038,16973.893048241367
Calm2,13114.059428757291,16983.969558600707
Calm2,13099.92101503863,16439.969551216895
Calm2,13088.263340876314,16446.734051183696
Calm2,13104.232843406142,16446.122329573143
Calm2,13086.057845693193,16441.72806998513
Calm2,13114.870194644878,16444.28190521275
Calm2,13082.540019747563,16449.61788630893
Calm2,13088.57716021405,16431.914243087762
Calm2,13095.815739721127,16458.60646196387
Calm2,13107.35322491598,16501.644316165806
Calm2,13120.480795374337,16490.658260703036
Calm2,13097.072834379964,16490.869555720554
Calm2,13103.025620746015,16484.443423130055
Calm2,13108.5304713368,16509.25709694972
Calm2,13108.649563287805,16499.196795966283
Calm2,13114.428532267599,16498.216927595924
Calm2,13113.037110552828,16498.178222452494
Calm2,13108.15330206505,16492.178234392417
Calm2,13113.544180176912,16498.3823214476
Calm2,13122.80960931245,16497.413196445726
Calm2,13106.787716290071,16501.66229331746
Calm2,13098.160733105795,16485.586545890903
Calm2,13113.824663605586,16460.017409847365
Calm2,13107.074550767946,16463.533853007142
Calm2,13129.76899828774,16465.589092850285
Calm2,13133.931660735543,16373.376224363134
Calm2,13126.759379423438,16380.81543054106
Calm2,13127.198067416695,16364.235926471796
Calm2,13127.527844434597,16372.314468347766
Calm2,13130.538823495486,16375.638739920812
Calm2,13137.636457092356,16376.915947059771
Calm2,13137.750111549673,16396.623135859514
Calm2,13137.761972552566,16372.080228312563
Calm2,13139.807669506179,16382.95868501853
Calm2,13119.580171926002,16949.076011969635
Calm2,13131.574223249501,16947.902969329476
Calm2,13143.629470897764,16943.65173090785
Calm2,13147.607322349864,16936.669458540775
Calm2,13138.190619161154,16427.70026617284
Calm2,13130.902330518657,16420.554239727688
Calm2,13138.217314651778,16426.514180201928
Calm2,13118.788943510384,16430.78458623878
Calm2,13132.038918951417,16414.82776844483
Calm2,13118.668581826454,16590.863467612897
Calm2,13114.485229048978,16578.597537541158
Calm2,13114.128679897229,16957.57888062369
Calm2,13136.635164565514,16964.138049862035
Calm2,13130.639435318259,16974.12639524636
Calm2,13160.693562059638,16332.544103670743
Calm2,13156.712975390163,16346.081339101198
Calm2,13144.385630118284,16332.973600242793
Calm2,13141.276872073418,16344.455734257184
Calm2,13162.435756054603,16344.45632369835
Calm2,13160.439863389258,16886.865405943965
Calm2,13165.15455012868,16910.02288134711
Calm2,13170.461237300304,16354.876023634124
Calm2,13166.890280553536,16392.20489787634
Calm2,13169.247838092197,16367.216489330725
Calm2,13152.952791070684,17232.2900657255
Calm2,13171.60366029567,16489.933108942783
Calm2,13161.047395433667,16460.98000127985
Calm2,13170.998270063565,16484.76880505703
Calm2,13145.582961018205,16413.68560860666
Calm2,13195.102164129754,16523.59807262314
Calm2,13171.08063657304,16519.10872609956
Calm2,13158.50742333132,16521.016405029197
Calm2,13182.420351040615,16529.847127271307
Calm2,13163.920953653722,16555.842318132964
Calm2,13182.992670682963,16538.659953497154
Calm2,13171.66452000415,16518.535510750826
Calm2,13187.123618751682,16537.662755582787
Calm2,13168.280458058998,16534.612086011904
Calm2,13171.04847083059,16535.824490087467
Calm2,13198.697598442797,16881.741962713237
Calm2,13188.822266170686,16872.823933832155
Calm2,13177.232594984785,16388.775121097537
Calm2,13200.38933417216,16420.894374273605
Calm2,13198.332026655858,16427.179941383383
Calm2,13183.276175464407,16414.38213868127
Calm2,13193.496741222298,16411.88717601118
Calm2,13217.249496654802,16397.297746023556
Calm2,13200.625476491481,16419.365699123606
Calm2,13199.676439168219,16473.165423346567
Calm2,13233.894691203619,16455.33671473777
Calm2,13213.48526862769,16457.193200543603
Calm2,13213.378427414022,16464.05546237658
Calm2,13200.943163740034,16463.09885355173
Calm2,13213.294545582417,16477.799178527144
Calm2,13212.204802490913,16474.521811933748
Calm2,13223.962397733432,16462.1586348338
Calm2,13215.912610958503,16629.143426568007
Calm2,13211.19692306261,16630.38072520443
Calm2,13214.711897320687,16621.25777966793
Calm2,13215.401256872534,16607.82436467107
Calm2,13210.766056162582,16860.382979071564
Calm2,13216.282788206394,16872.62471170666
Calm2,13224.910060704953,16919.114306211082
Calm2,13220.73331928051,16909.961411971795
Calm2,13221.012829058094,16904.803144591995
Calm2,13231.196506935134,16820.44538721351
Calm2,13243.018224066334,16824.186796478
Calm2,13241.97422281421,16817.70646251447
Calm2,13229.825273794728,16840.19858465828
Calm2,13322.796271198868,16865.92302813222
Calm2,13308.225962087208,16873.96354855638
Calm2,13321.593709383498,16862.937404546006
Calm2,13327.987683695865,16875.47609345641
Calm2,13322.11566431267,16878.98472829873
Calm2,13318.208724897722,16867.054366971144
Calm2,13344.274857166514,16745.171179827714
Calm2,13343.470698471694,16745.133341725046
Calm2,13341.347823002317,16746.220438058754
Calm2,13376.604383280639,16803.41479698517
Calm2,13378.896205281875,16786.906633163384
Calm2,13372.642401255765,16805.72480567367
Calm2,13427.918277190343,16747.76704026092
Calm2,13414.902926717923,16754.330668578037
Calm2,13454.103195163008,16985.623621187486
Cck,6621.5813921588615,14410.155641370311
Cck,6655.83504873357,13786.291689829452
Cck,6670.099380475313,13804.543655018675
Cck,6667.033730378788,13781.190243135143
Cck,6654.68017178239,13782.877621401387
Cck,6798.608301961585,15036.013830675742
Cck,6808.6182770876685,15041.544920251103
Cck,6790.313942390302,15039.22081336762
Cck,6852.419608872729,14111.78512567794
Cck,6845.290230515659,14115.987297996304
Cck,6846.7287812311,14104.87589071342
Cck,6852.656073925964,14116.883269269001
Cck,6864.483429996215,14463.205603518294
Cck,6857.315060641509,14466.465721858714
Cck,6870.138040376868,14466.844780759557
Cck,6872.6975305476535,14467.427377664975
Cck,6864.304680530947,14383.021248150075
Cck,6863.14996073636,14387.00138196622
Cck,6872.1950484146955,14406.96436603347
Cck,6871.753225975727,14409.290717219379
Cck,6886.302302598337,13982.010912146674
Cck,6880.999410815411,13760.738315645458
Cck,6877.781356587037,13766.726461932209
Cck,6910.067690589779,13891.634688012156
Cck,6900.868063674522,13889.557477815577
Cck,6891.9991039923325,13745.867961748678
Cck,6876.874253594627,13758.194840440325
Cck,6880.307645333361,13732.571190169068
Cck,6896.070435058021,14827.037100100428
Cck,6900.842306117793,14827.068922732395
Cck,6896.138643482121,14314.367052270061
Cck,6876.488640312163,14309.119546070104
Cck,6888.614408114607,14312.601931186195
Cck,6902.587475196578,14341.536817051556
Cck,6884.299750885683,14318.604090398438
Cck,6893.057281217742,14325.419677076026
Cck,6893.082829758425,14589.191400563514
Cck,6886.2342103414885,13768.747494219298
Cck,6888.399099699389,14518.295599244904
Cck,6908.833325573233,14520.747428333461
Cck,6906.1114998287785,13961.06825727059
Cck,6894.813959490106,13964.011315751992
Cck,6907.7495161155975,13944.201267315802
Cck,6910.150217226619,13956.216246930504
Cck,6919.870335504287,13942.523876762774
Cck,6916.253334056956,13953.386420541976
Cck,6910.200628453293,13779.047163982123
Cck,6918.5831214810705,13994.426622008177
Cck,6912.580799265811,14812.022425943358
Cck,6930.91598307342,14586.182091815486
Cck,6931.88888290882,14512.896457533629
Cck,6928.407616220552,14518.472564073954
Cck,6930.010490262335,14524.79838289437
Cck,6904.889070722229,13907.318981280569
Cck,6947.046177250703,13897.08093215707
Cck,6931.184219776966,13898.950946209094
Cck,6935.787230879135,14443.219737900872
Cck,6945.071481007784,14451.41683939502
Cck,6932.287141700311,14455.614907039211
Cck,6943.830724478229,14452.685381751442
Cck,6949.051843867414,14442.683766849896
Cck,6958.454124224176,14457.949007263249
Cck,6937.038495650321,14449.619455935723
Cck,6937.795942938838,14441.852521150444
Cck,6936.224097617415,14544.421880660417
Cck,6938.505938354608,14562.318917883842
Cck,6945.037570879829,13682.400428188703
Cck,6950.3703436050855,13684.137436776515
Cck,6944.457671583734,13750.420563418074
Cck,6934.969586745283,13759.634872386243
Cck,6937.4548185057665,14145.757000297515
Cck,6962.675098072554,14027.645296825282
Cck,6951.335169882932,14030.521573054602
Cck,6952.336119497107,14042.476101704724
Cck,6960.3655935370425,14059.835512900632
Cck,6961.807926955605,14026.555248599223
Cck,6959.150113789593,15463.120060298994
Cck,6973.622764541686,14500.623762018407
Cck,6961.085460998557,14507.847178986958
Cck,6959.262441100565,14509.85609621057
Cck,6966.833127664176,14678.735235977256
Cck,6963.577702345205,14682.388799111683
Cck,6966.514020860743,14688.482705518245
Cck,6951.4012447054,14674.04461498123
Cck,6980.453104563939,14877.630787649792
Cck,6963.529152076941,14877.470109687565
Cck,6973.453537424503,13830.928957551507
Cck,6976.677112977133,13844.112434894736
Cck,6959.630377212473,13827.721982529427
Cck,6985.184913366451,13970.684080997577
Cck,6961.638700356411,14138.878725279497
Cck,6964.858942845221,14125.616960475187
Cck,6990.414919475469,14726.998763899112
Cck,6986.614885877768,14730.527059890706
Cck,6979.356289434668,14727.427116790604
Cck,6975.997916353801,14735.013344697274
Cck,6978.004408038885,14731.273169284184
Cck,6966.8534187606865,14743.290268581062
Cck,6955.060691728384,13870.051903375346
Cck,6960.724783201231,13880.922821696151
Cck,6955.590672902165,13886.60043462296
Cck,6970.744782149485,14087.727782054128
Cck,6979.7897435736495,14097.063000516675
Cck,7002.34788140735,14093.20953381196
Cck,6991.085496623132,14104.90760948148
Cck,6971.034797441379,14001.92993867974
Cck,6999.973873046819,13971.152176985617
Cck,6961.614923720748,13995.405314782305
Cck,6961.571777396101,13942.376149096706
Cck,7002.3656392042585,13945.787852317757
Cck,6977.929145672542,13941.567605249933
Cck,6994.462465714346,14436.622618458008
Cck,6999.3050176145425,13873.011079246427
Cck,6992.742598220131,13878.726471203823
Cck,6982.626879889345,13879.870434508342
Cck,6998.377733566752,14236.57269524493
Cck,6981.5314433334515,14231.351703998833
Cck,6991.370264524707,14233.760260217463
Cck,6990.019965945275,13917.480756961284
Cck,6997.55730146022,13929.367444764883
Cck,6986.434221377908,14807.094977846878
Cck,6994.9412191512865,14213.024833343457
Cck,6998.089082583731,14363.790469028956
Cck,6996.713652419977,14369.939216334877
Cck,6996.932242108176,14374.148423599932
Cck,7016.416949254519,14196.461704476162
Cck,7001.014670121016,14198.036909571973
Cck,7030.344026112516,13984.49647735519
Cck,6999.341659803084,13998.038246825101
Cck,6997.606918371706,13704.218886154344
Cck,7017.946552349842,13701.973597357772
Cck,6985.1367296333,14045.65055660107
Cck,6994.1502517717645,14040.631618130652
Cck,7001.163404582122,14031.237614055302
Cck,7021.349018847871,14445.018200635652
Cck,7002.989596208987,14048.646099752146
Cck,7016.410418031599,14059.545169824938
Cck,7013.081627129352,14512.804669522708
Cck,7027.079540966672,14518.965710501006
Cck,7029.184224031668,14636.326929795234
Cck,7038.404215304236,14640.93688443823
Cck,7021.464540143779,14636.64644387079
Cck,7035.64012465503,14557.017887442908
Cck,7024.205453029503,14886.16162816114
Cck,7031.4902531390135,13859.977042503617
Cck,7014.716276649873,13853.458382194245
Cck,7010.421738715491,13887.743481348836
Cck,7039.102249041409,15583.493885146985
Cck,7034.807966992028,15582.079593606604
Cck,7025.5417704458805,15566.78575369443
Cck,7016.972205398891,15571.856705655371
Cck,7043.814713967541,15586.189679753053
Cck,7029.123589953146,15587.346762588018
Cck,7012.705410217401,14768.308724137005
Cck,7031.41144616963,15066.919450126954
Cck,7033.463726983365,15058.928488215464
Cck,7038.069472252899,15070.99522911166
Cck,7032.412920357343,14764.254651711357
Cck,7038.209950792207,14355.816036319527
Cck,7045.668324973183,14878.550917315042
Cck,7037.556464294015,14854.877347132826
Cck,7063.984023875488,14110.74093544633
Cck,7055.666961678169,14113.587586891572
Cck,7070.644489751514,14110.565178996569
Cck,7044.525538728676,14113.183873486918
Cck,7058.527819252217,14108.686606229596
Cck,7049.9182767803895,14103.197777551784
Cck,7070.024541008275,14105.907020921566
Cck,7068.047365888417,14109.254892042356
Cck,7046.605798739548,14109.472106042325
Cck,7056.803399653237,14102.58380009605
Cck,7046.165907460279,14125.31078784684
Cck,7046.928887051752,14118.299185434233
Cck,7056.783536687949,14104.64716275962
Cck,7043.9245716404985,14117.505406984417
Cck,7058.032910310546,14115.097540879964
Cck,7059.0537197392705,14097.935049749292
Cck,7062.915180888188,13831.956485488101
Cck,7051.255602555043,13780.079089371122
Cck,7077.372129055971,14193.525078472318
Cck,7061.498112169204,14200.827083494778
Cck,7037.2410989187065,14192.082690389614
Cck,7069.252087458676,13749.974281784931
Cck,7065.199030050323,13738.787198930015
Cck,7037.207128159319,13709.39499043291
Cck,7068.913558058367,13743.524354367648
Cck,7062.875667377953,14054.300776453432
Cck,7051.25678640098,14037.447389202793
Cck,7078.8639466316245,14053.521641382928
Cck,7032.3541715532165,14227.12897531003
Cck,7049.831542962585,14209.941323981911
Cck,7043.206460372252,14216.225907503807
Cck,7065.975443903552,13922.646341213787
Cck,7073.8276400450595,13916.741811603177
Cck,7058.014488149408,15156.369435706087
Cck,7049.293404976948,15127.39210879998
Cck,7051.782857686964,14817.402918743675
Cck,7087.52838099502,13784.30878631087
Cck,7071.557979982534,14377.676968924752
Cck,7067.115592264444,14386.566774882396
Cck,7054.151139827257,14364.347662438548
Cck,7052.163218943869,14477.1336563793
Cck,7037.165209500699,14479.905066467752
Cck,7060.490692773603,14365.948223650374
Cck,7091.772598896192,14323.119064819057
Cck,7083.325336083893,14344.99793636228
Cck,7090.614001009963,14339.296596875221
Cck,7069.861579940925,14727.132559088472
Cck,7070.3115094551395,14718.973050421873
Cck,7066.426801811926,14708.651210427048
Cck,7058.486265105135,14712.074135204088
Cck,7076.918612849148,14723.8496978869
Cck,7075.878967174692,14732.571311777867
Cck,7085.830780944411,13972.454789935775
Cck,7089.13335543516,13973.73663772327
Cck,7083.180685502156,13988.201071387222
Cck,7058.730696104253,13976.069129478457
Cck,7076.047776794927,13978.117698897146
Cck,7070.067244387077,13967.639253903337
Cck,7061.242340251761,14508.055610437073
Cck,7061.710799853353,14509.308409688407
Cck,7075.499721743383,14475.99194339916
Cck,7067.546003512393,14485.485820869058
Cck,7073.021967748809,14487.744207621481
Cck,7067.78587454259,13922.70882178597
Cck,7081.702473485837,13929.892689057915
Cck,7074.643649335318,13929.494559842611
Cck,7082.764676472221,13935.41240651853
Cck,7094.466485054928,14135.686989373946
Cck,7068.292834645893,15002.517562329993
Cck,7082.054697387144,15001.408375592124
Cck,7086.211065293426,14640.61246639499
Cck,7095.141041814037,13824.58087326462
Cck,7092.052406232865,13802.638205576366
Cck,7106.6445084468105,13800.164847945209
Cck,7100.16213292885,13816.700817519779
Cck,7096.55966170231,14505.37911153408
Cck,7098.605533021242,14484.425042229335
Cck,7109.6576505717885,13894.296091961194
Cck,7086.778539218817,14430.125358003796
Cck,7096.665771455594,14415.557073002921
Cck,7102.615498964121,14422.96920413903
Cck,7100.203085128615,14426.120266222923
Cck,7109.932559162881,14430.89430583402
Cck,7090.751182069801,14418.634602390091
Cck,7088.639203231175,14420.719277724727
Cck,7118.0461835011665,14428.96996141877
Cck,7094.0590499609225,14440.671470076915
Cck,7116.026236921414,13761.484331220885
Cck,7128.008824541767,13773.403309388028
Cck,7114.947331432127,13762.943456195353
Cck,7131.6067070295185,14683.797026709304
Cck,7111.515334764984,14681.939435180564
Cck,7113.708573845503,14703.537003354371
Cck,7117.760626372786,14691.0038990653
Cck,7113.014187183934,14698.178611648173
Cck,7109.135777768447,14677.595705812308
Cck,7125.513977218873,15122.000591109652
Cck,7125.62235453704,14992.644969113962
Cck,7120.1313869788755,14987.811375829007
Cck,7132.281404915917,14972.028050584206
Cck,7126.01836501386,15011.937267217221
Cck,7131.21961301451,15020.17020543945
Cck,7116.492909096112,15030.392825334133
Cck,7123.536012322293,15040.76899709625
Cck,7129.66175603686,15255.902597649745
Cck,7125.444961237571,15066.969753308975
Cck,7128.729805645557,15051.526970909246
Cck,7135.136064480101,15067.240805131065
Cck,7135.089270335145,14312.161839578826
Cck,7134.353867187772,14304.820043242467
Cck,7137.270413391213,14924.89896114173
Cck,7156.222961649587,14893.860621500511
Cck,7145.610142930235,14894.764711774456
Cck,7172.3497772641795,15180.891790155325
Cck,7159.40266598468,15178.065798116222
Cck,7159.6975175746065,15189.54491355921
Cck,7147.579722551492,15175.719576256415
Cck,7149.731977298359,15173.248656018357
Cck,7168.050125503255,15189.462102831223
Cck,7157.987290539312,15179.593158917123
Cck,7151.912184759067,15183.055532749657
Cck,7162.70371857566,15185.525134728921
Cck,7152.989031137746,13829.646293353671
Cck,7164.183580155846,13825.769155603646
Cck,7152.023373040568,13818.014261297092
Cck,7154.948873111914,13836.074155127308
Cck,7158.842090618181,14808.750984579976
Cck,7185.3387272215405,15084.259480622097
Cck,7174.764341027428,15070.180066740348
Cck,7159.712905942042,15359.401807414752
Cck,7150.016985952307,15368.168058051146
Cck,7190.814462802691,13783.065913281689
Cck,7168.360354754129,14953.97229473536
Cck,7171.108154680812,14963.623199058837
Cck,7164.528939589505,15394.76152334418
Cck,7186.103761786316,14961.60853517215
Cck,7189.42699189715,14130.396496050658
Cck,7198.554316319245,14128.347604428578
Cck,7186.827054578495,14123.302604733237
Cck,7185.547788760518,14124.678427848583
Cck,7181.616868159854,14785.264446278683
Cck,7197.084985635907,15298.91981135603
Cck,7199.020853032513,15281.127155023258
Cck,7188.666631633617,13827.317290974748
Cck,7207.055501382404,13833.569262898276
Cck,7223.756705817748,15243.507358346016
Cck,7216.728388930193,15244.865765514263
Cck,7221.394969738278,15229.825563921297
Cck,7220.982535558088,14867.113277620418
Cck,7214.370286422488,15196.067974392015
Cck,7218.7067872468215,15198.66674168299
Cck,7217.635053124881,15215.100492136822
Cck,7211.504112226065,14961.588409726239
Cck,7221.346437256488,14954.5305743058
Cck,7209.583540259258,14952.791289669387
Cck,7217.822304194466,14832.04724297562
Cck,7224.04809595928,14840.492184291197
Cck,7227.42926460258,15072.252099268087
Cck,7237.1310707254115,15075.026941850268
Cck,7210.588839389496,15087.619477093129
Cck,7244.446849382392,14489.837902737092
Cck,7226.749681071057,14686.585334005758
Cck,7235.529805914966,14687.724809787509
Cck,7228.896776408328,14699.386834183666
Cck,7253.661332910794,15370.233490035473
Cck,7246.917346421512,15387.86127017307
Cck,7237.073949512512,15380.385169087334
Cck,7254.6034037077825,14926.920441949702
Cck,7230.698521162952,15501.360954634893
Cck,7260.356527553129,15508.035719588013
Cck,7237.911237909323,15507.53775313202
Cck,7271.589529324517,15122.004601764813
Cck,7245.295315811702,15233.880822381328
Cck,7245.275674628154,15235.332343805081
Cck,7243.233188839752,15244.67542866763
Cck,7265.041286199155,15289.000586791422
Cck,7278.075644130504,15354.87097291426
Cck,7242.691361135758,15347.928036886484
Cck,7261.379741000268,15343.822297731303
Cck,7259.058276985743,15272.956125919884
Cck,7253.509313235605,15264.992728528227
Cck,7263.030426661761,15276.167464464861
Cck,7267.36945154056,15209.180600274687
Cck,7254.159553169294,15195.997111718792
Cck,7299.95521182292,15502.347838139156
Cck,7293.521277442544,15502.593132794562
Cck,7283.974942937952,15507.67260924515
Cck,7295.255596028227,15533.187233798437
Cck,7286.259836802227,15381.451705327643
Cck,7311.570592304796,15357.78069612653
Cck,7314.449060467804,15412.992982696773
Cck,7321.26346703696,15415.307662312132
Cck,7325.584980952652,15637.033847026705
Cck,7328.498979051424,15647.02802318106
Cck,7331.924714835423,15415.873282039798
Cck,7341.646383861506,15404.09012975033
Cck,7333.398317637105,15416.242440595133
Cck,7328.467069986187,15461.749397997643
Cck,7329.78310535297,15488.76786196944
Cck,7317.198763567171,15476.70635397966
Cck,7337.396021058749,15232.717267393202
Cck,7348.025917649518,15563.515701603312
Cck,7353.404091343395,15561.086485918435
Cck,7350.21081189508,15372.558549925883
Cck,7348.2606429360585,15381.87018781492
Cck,7339.889156864294,15373.809376486714
Cck,7347.474758006785,15367.500696628644
Cck,7349.089865333482,15378.75697526301
Cck,7338.789856188689,15240.46643377887
Cck,7351.932483415778,15617.109925012559
Cck,7346.084170321317,15607.335547682585
Cck,7342.62903538235,15606.593460225156
Cck,7370.53678090859,15453.35241731468
Cck,7358.265815573742,15688.07297820687
Cck,7359.076509758728,15699.271745894102
Cck,7372.891699082748,15752.289289982344
Cck,7378.478384034423,14272.419601635249
Cck,7369.969974372467,14264.609231166309
Cck,7373.442626132798,14261.57031701773
Cck,7368.3983103673945,14250.5270795767
Cck,7384.683023332321,14271.797261536129
Cck,7371.602608627264,14263.636933433354
Cck,7367.120008431272,14831.279511881741
Cck,7383.180922325967,15408.509890911788
Cck,7380.919281670959,15422.985388594168
Cck,7364.458979136939,15249.893939573958
Cck,7362.3206710199165,15244.096168889617
Cck,7371.667395067984,15250.871597683841
Cck,7360.65491619787,15345.453101341052
Cck,7358.580845109947,15342.334764928852
Cck,7379.428285178821,15120.293344887792
Cck,7397.891449110181,15133.197232863096
Cck,7376.010275260305,15111.53619560083
Cck,7396.3551762310235,15688.417556089773
Cck,7381.088596977249,15690.58282982487
Cck,7380.118745912786,15710.394775292329
Cck,7404.098854515001,15727.464156202795
Cck,7390.757336815998,15723.432157287394
Cck,7389.546044537586,15730.689703709193
Cck,7407.348463928301,15540.061583211615
Cck,7407.84108692431,15537.8171354641
Cck,7383.001445057719,15536.507173849395
Cck,7401.116285134311,15546.918529275055
Cck,7402.4148945974075,15455.803639381977
Cck,7403.527374262866,15438.998190236995
Cck,7424.916502914277,15754.191659919961
Cck,7423.584635334896,15759.496876549334
Cck,7421.139588221724,15698.214758330894
Cck,7418.885464410058,15678.339073780382
Cck,7430.10376068098,15701.942332002815
Cck,7415.949177829093,15784.072987201229
Cck,7419.743996468024,15788.65608168482
Cck,7414.122945573876,15358.543197880435
Cck,7414.678669264158,15354.58490955778
Cck,7414.61915884836,15350.10319113882
Cck,7419.342032230807,15360.534560723956
Cck,7427.5864493241115,15504.905173882555
Cck,7436.217262943677,15499.610637622221
Cck,7440.548595779257,15506.169819860106
Cck,7418.051064158849,15506.923278283439
Cck,7427.187050755562,15835.634556287947
Cck,7427.495930022427,15559.99792815868
Cck,7436.709502566865,15545.7052607362
Cck,7428.506829926942,15542.607482597687
Cck,7411.980403136886,15576.49892713628
Cck,7423.714513866369,15582.884669244277
Cck,7418.524406197342,15602.08293359578
Cck,7408.117016954394,15585.191324308598
Cck,7417.889150588532,15594.10340100104
Cck,7410.658331352484,15573.002412660204
Cck,7452.54500858935,15639.959449809707
Cck,7442.759243422262,15613.387417178876
Cck,7443.30584558487,15631.33551556957
Cck,7437.784221728714,15334.311432364717
Cck,7441.640654154876,15332.91764062688
Cck,7446.254586667507,15328.915342805838
Cck,7427.042650494804,15421.767816442345
Cck,7422.983616409037,15470.681513995378
Cck,7439.794151816108,15485.230523513423
Cck,7433.672603209329,15463.672451377719
Cck,7474.028775991854,15717.902086485306
Cck,7454.012239539463,15708.240069179736
Cck,7475.051859765343,15702.557320131285
Cck,7461.951304489596,15773.469380930814
Cck,7468.888243806568,15897.674228550377
Cck,7463.322476099613,15882.703982041956
Cck,7468.073132106488,15858.888480548832
Cck,7456.3197047302,15845.80359764129
Cck,7461.463755972379,15853.148315335646
Cck,7463.60252720712,15761.21492406414
Cck,7457.658060803136,15927.219402479315
Cck,7446.353795349082,15643.242684496898
Cck,7474.186136784023,15818.519041171077
Cck,7475.203151940728,15667.930143451447
Cck,7469.126293731677,15677.208557523218
Cck,7491.36498091223,15939.3324533374
Cck,7513.295002273235,15774.508253841956
Cck,7510.667121331551,15802.20612702294
Cck,7519.164878806253,15794.717495038001
Cck,7518.729225284601,15797.672229566775
Cck,7512.084545989113,15849.327031836805
Cck,7515.491431110227,15836.4098024226
Cck,7521.7171712836125,15707.763827891089
Cck,7536.454760543148,15751.493466489394
Cck,7530.9095253015075,15757.596105009805
Cck,7529.731844161704,15779.324295507857
Cck,7524.4494890309015,15918.75887117527
Cck,7526.840104994572,15914.350948339426
Cck,7534.95924577761,15936.050861219235
Cck,7525.74103200631,15924.132366428503
Cck,7529.845587722309,15921.190538369474
Cck,7545.188317656745,15824.043274244186
Cck,7531.92771669475,15825.120227619434
Cck,7534.280506326496,15824.983832242251
Cck,7540.3250885552425,15890.693018330518
Cck,7524.658634999091,15893.289639679637
Cck,7540.801567199657,15963.245893145118
Cck,7574.472917325457,15974.0068314322
Cck,7571.591775871125,15980.456054923274
Cck,7549.30893643923,15896.555292300845
Cck,7590.5939364242995,15930.316792586462
Cck,7583.377221431859,15921.176026373583
Cck,7563.566253408,15930.993237747825
Cck,7607.88896206234,15883.636606462353
Cck,7585.314638216313,15859.791905718594
Cck,7613.3020684599405,15842.169076296666
Cck,7597.445212938877,14500.316575326695
Cck,7607.076366301513,14511.919801323329
Cck,7597.258977899959,15990.305731422479
Cck,7611.140472642793,15986.885129802544
Cck,7607.400247819973,16005.383871715136
Cck,7609.187658441308,15927.07642697125
Cck,7611.138782377766,15934.148561026108
Cck,7625.689811707013,16375.450744174763
Cck,7609.659139959037,16381.095788340854
Cck,7624.588610881134,16359.317410009757
Cck,7628.228184815203,15926.883178953774
Cck,7643.899726308587,15937.684092710786
Cck,7646.792335640162,15930.922243010704
Cck,7645.6374834572225,15936.419469352859
Cck,7646.851846127748,15955.24521330816
Cck,7654.062976832161,15960.789425955632
Cck,7641.469618514296,15959.628070117707
Cck,7651.173728306647,15963.668360936432
Cck,7638.851479275141,15966.980934621917
Cck,7644.184863193103,15982.054903128019
Cck,7656.012840082625,16163.368974320749
Cck,7649.677166181935,16054.094467696661
Cck,7643.324341037464,16040.798971788967
Cck,7643.429389250464,16200.27776394226
Cck,7649.631301760668,15903.095531070614
Cck,7631.1733522987315,15878.491075121328
Cck,7671.895587432812,16123.768107359756
Cck,7680.483737242913,16029.72621781169
Cck,7680.054739189714,16029.177609851864
Cck,7673.610196885798,16020.297580706592
Cck,7657.383243805202,16050.899811109502
Cck,7687.209487284871,15987.322120431032
Cck,7690.492761910631,16082.940464785934
Cck,7688.699281140351,16093.464944922125
Cck,7679.950940561167,16226.462795074422
Cck,7699.24306937893,16167.476215993509
Cck,7718.376891079691,16057.411809744233
Cck,7693.489333464574,16065.321889440736
Cck,7708.757147881671,16045.039353868298
Cck,7712.155510804871,16273.835931080648
Cck,7702.461251155916,16012.201091500974
Cck,7695.950747096826,16009.51591706728
Cck,7724.461371980565,16002.947124737628
Cck,7697.880898673998,16020.462042437364
Cck,7689.95972404267,16117.12828712278
Cck,7730.68362491536,16215.809618640236
Cck,7721.996919792281,16208.232985651808
Cck,7731.591231526255,16168.185712733863
Cck,7725.42089302079,16054.149307078676
Cck,7737.0245571775795,16061.104612155203
Cck,7764.969856214381,16277.417630103962
Cck,7762.980368946854,16278.811367616596
Cck,7767.239534998497,16178.446063078654
Cck,7759.247664431608,15215.513805616907
Cck,7758.258645958333,16327.902229369593
Cck,7741.445108589518,16341.818098441441
Cck,7761.811199513009,16323.690325711312
Cck,7775.67003141359,16405.175817923144
Cck,7785.0913916719755,16415.11793737024
Cck,7765.289787490745,16259.104725999252
Cck,7790.6698722687015,16241.698628917944
Cck,7767.729495708179,16204.220294456258
Cck,7776.650385487632,16346.248094962488
Cck,7800.214705082619,16139.429213407853
Cck,7807.036761677596,16139.140025554352
Cck,7811.95095946256,16169.228650930298
Cck,7808.680538954927,16176.157941939216
Cck,7811.569359888656,16167.735963860932
Cck,7812.7526786524595,16177.306157397916
Cck,7808.053067452591,16210.152111580164
Cck,7794.353037026371,16215.129935485631
Cck,7817.37214382704,16380.379622088578
Cck,7823.077737462073,16393.687067237068
Cck,7823.111541422816,16375.000811774577
Cck,7806.928687682346,16336.964002442894
Cck,7823.836497249303,16339.664014068032
Cck,7815.7786167757195,16345.30639337709
Cck,7803.251209087507,16332.814382175024
Cck,7823.834696700014,16281.694978542604
Cck,7838.168267390369,16267.719812261405
Cck,7832.971102715777,16250.70215482792
Cck,7831.093457913738,16268.993967245768
Cck,7831.52090332201,16193.619181532478
Cck,7854.403358679728,16419.412551300564
Cck,7863.138956080842,16221.10029670889
Cck,7835.293593816187,16324.901291273003
Cck,7868.050377823869,16326.21534493602
Cck,7864.244917171206,16339.55191539769
Cck,7843.771100378539,16327.673178022022
Cck,7851.563693175602,16333.603083725004
Cck,7860.110051395218,16344.725538219156
Cck,7841.322283750142,16441.772261157188
Cck,7832.766775729802,16457.442502265912
Cck,7838.16839335777,16450.570450118536
Cck,7865.822117861141,16273.652892858543
Cck,7859.457687980833,16266.33222197762
Cck,7879.897834932003,16429.12288753282
Cck,7869.343724810277,16445.644325383375
Cck,7905.13803497887,16379.765988865627
Cck,7908.154077282087,16376.291130686732
Cck,7887.698139158476,16395.237817275334
Cck,7901.823036343987,16305.406241155988
Cck,7899.3845703101415,16289.95842153334
Cck,7903.222598356645,16282.599355833197
Cck,7890.834198105426,16299.07115752532
Cck,7912.419107230489,16341.012438155123
Cck,7898.263239888892,16360.761557431184
Cck,7902.524147809372,16349.02410883115
Cck,7916.576049902568,16419.7084806292
Cck,7894.401461622675,16457.62533957906
Cck,7913.07914601038,16464.75104630995
Cck,7905.185783832042,16474.752252963055
Cck,7948.476870083486,16530.084203366932
Cck,7934.001774570809,16544.68107623855
Cck,7905.484756452005,16534.50333269628
Cck,7920.699525844744,16339.770240890055
Cck,7942.361154865184,16323.06403691549
Cck,7936.113905009991,16343.914200267174
Cck,7941.890641782864,16323.74025598535
Cck,7951.485255636954,16423.914689711997
Cck,7937.366159133452,16386.31848816264
Cck,7944.962999559767,16386.218166946594
Cck,7938.703884139938,16459.58719078772
Cck,7934.869029661594,16450.30029457215
Cck,7941.808777880549,16340.411459259753
Cck,7958.142029502068,16350.668742261389
Cck,7973.223331354297,16445.13019067527
Cck,7960.015946266577,16458.204462012156
Cck,7977.723862850463,16428.987568334986
Cck,7956.200490689695,16391.192289953844
Cck,7968.642551601805,16379.123199812526
Cck,7961.633838179732,16531.321776134053
Cck,7974.251447500974,16396.90677966864
Cck,7981.639900419178,16397.197084617444
Cck,8004.775045566526,16550.891012236698
Cck,8004.500890648342,14855.203692837737
Cck,8008.426375623288,14851.457672793616
Cck,8001.929045929872,14837.914599409682
Cck,8019.0014597358,14855.104242434127
Cck,8003.472274168392,14862.673180558531
Cck,8014.51914515559,14858.690835068866
Cck,8007.857512892664,16406.612155181796
Cck,8016.092030278275,16407.019340106224
Cck,8004.783151117876,16410.799363961858
Cck,8029.991331430542,16445.457556475376
Cck,8026.289221768367,16432.144136490093
Cck,8030.246278711152,16444.38189722035
Cck,8038.043259798254,16632.398252168812
Cck,8036.6313023217945,16606.779058170538
Cck,8050.056998310721,16460.943916073513
Cck,8061.550721433363,16666.877828727218
Cck,8075.693317825442,16662.20809839054
Cck,8069.634057556682,16654.278251458378
Cck,8078.573865140431,16570.43587849484
Cck,8094.671350850026,16568.443389093205
Cck,8083.181331420024,16591.143513662715
Cck,8081.14833494804,16464.689258821218
Cck,8091.773118005236,16457.510358049
Cck,8095.533500676562,16445.959464322827
Cck,8091.584203534687,16623.284045214186
Cck,8108.971204074196,16521.283965660736
Cck,8113.450192696029,16535.45002640627
Cck,8104.667530059418,16511.5718571988
Cck,8105.644209548034,16536.08452595524
Cck,8108.431262600633,16526.478894282063
Cck,8101.335950162492,16544.50899639817
Cck,8123.522052011852,16572.537997490814
Cck,8140.735068183696,16731.46273804313
Cck,8125.302733246381,16530.416674452634
Cck,8150.037235017851,16585.752023894613
Cck,8153.38974334998,16597.557738421852
Cck,8150.413952749717,16693.57509887052
Cck,8143.596725093789,16686.37009203794
Cck,8146.520016097308,16684.997757595003
Cck,8154.918771703025,16604.047713066717
Cck,8164.95528592415,16552.27880635065
Cck,8170.280570846254,16640.932569404118
Cck,8190.054328722089,16719.320384565508
Cck,8184.047427653429,16603.088191595813
Cck,8195.463763237773,16597.21467823248
Cck,8191.675538745516,16608.0838477061
Cck,8180.391344381153,16583.74494509681
Cck,8190.430954034059,16597.2655289454
Cck,8216.75140559806,16578.239067565555
Cck,8197.855573406969,16702.40824876062
Cck,8200.175386863428,16531.63592355799
Cck,8205.0613238572,16705.634660020736
Cck,8219.838517713366,16635.316437789086
Cck,8227.21240475364,16637.449637125388
Cck,8238.36989516418,16635.113368587594
Cck,8235.616457381653,16598.741615681123
Cck,8209.943796098672,16674.226106576174
Cck,8230.469918395707,16665.278960907526
Cck,8218.073997707736,16676.568147027516
Cck,8221.12099924567,15347.981008225417
Cck,8238.774382683781,15332.841687885904
Cck,8220.324969404952,15358.025279644267
Cck,8216.77549291373,16826.216418272794
Cck,8217.446176445408,16836.551486622073
Cck,8223.949404732868,16814.898172315654
Cck,8217.037189789058,16823.464634596086
Cck,8225.109121842092,16837.924436572634
Cck,8228.513781164129,16682.746741187013
Cck,8232.612483169338,16688.25052133251
Cck,8231.663488209262,16685.470270273072
Cck,8229.099421651472,16688.124729052728
Cck,8225.85845988712,16674.651171437188
Cck,8233.937502753282,16669.91891004529
Cck,8224.99155559574,16778.52400634561
Cck,8210.141139379659,16783.020173315872
Cck,8240.968104043273,16877.1671890809
Cck,8252.206425493907,16700.991540207066
Cck,8245.423588650316,16691.33746501375
Cck,8252.31364105123,16705.38812288191
Cck,8255.436128281013,16761.96469523432
Cck,8255.415656387891,16778.457202586967
Cck,8262.737358514432,16864.45405365268
Cck,8293.176666243073,16859.72713086168
Cck,8280.207979965811,16926.3230501946
Cck,8279.02460254776,16941.221473618312
Cck,8290.987297061782,16933.607566958603
Cck,8290.78719629052,16934.18555192675
Cck,8299.822071910086,16926.629972142855
Cck,8302.331546664533,16774.747021629664
Cck,8298.112608940031,16721.496816696006
Cck,8310.47966404167,16708.08421993523
Cck,8305.379581794254,16699.42818239473
Cck,8323.169319746165,16819.986019827826
Cck,8303.871741703117,16791.931743970126
Cck,8324.645295548853,16767.005968356003
Cck,8317.802540658722,16759.5441954559
Cck,8329.413226641514,16712.96066638643
Cck,8344.831596318047,16725.30336951745
Cck,8345.510630419878,16716.654697601713
Cck,8333.08346085958,16723.70515020953
Cck,8324.198123874188,16747.131489130075
Cck,8319.454687865797,16753.42300159019
Cck,8324.00360666977,16752.86128722003
Cck,8347.84191728229,16766.502220401147
Cck,8350.713159477174,16854.240581778937
Cck,8354.34827360664,16844.424381350313
Cck,8349.671069014064,16871.339504653435
Cck,8326.0363784959,16898.5446141766
Cck,8354.17472878631,16907.381285959484
Cck,8353.803562996567,16905.09515872322
Cck,8350.82617360552,16903.044735624568
Cck,8344.76992836563,16902.315601988932
Cck,8346.938808862818,16914.026086981805
Cck,8362.848337585061,16725.00869735811
Cck,8364.841173054652,16895.563769156626
Cck,8378.574604038899,16901.580104071552
Cck,8375.968661225099,16889.926270288648
Cck,8367.6033376841,16823.71136735037
Cck,8372.81573909387,16828.832221966743
Cck,8376.539326807244,16822.818313163567
Cck,8364.80250295376,15322.406406213298
Cck,8373.87954917376,15335.98130324739
Cck,8375.39984442417,15354.828455612114
Cck,8369.480096514531,15318.240755220013
Cck,8364.068110434398,15335.375900897738
Cck,8364.429028787958,15327.116966003097
Cck,8386.151243773853,16782.52098643038
Cck,8376.121225554984,16969.374933662722
Cck,8415.03274088579,17033.921308383997
Cck,8409.047787634128,17025.202453699596
Cck,8413.730901318691,17031.854660878824
Cck,8388.534077011873,16913.81832547842
Cck,8431.585087917481,16782.581963294946
Cck,8433.180725422882,16791.280088928943
Cck,8430.382254746964,16766.803276176008
Cck,8407.89757874841,16761.737334882582
Cck,8415.464800102796,16772.232233455226
Cck,8421.912888764742,16840.274696656303
Cck,8430.113448143788,16958.635302683335
Cck,8463.80673669948,16926.95213551726
Cck,8452.686412376175,16926.03377958535
Cck,8452.232159973617,16917.016932632418
Cck,8456.040247811805,17050.11873170326
Cck,8470.146632234364,17000.728165623914
Cck,8470.748639381492,16727.946976723935
Cck,8474.874817910548,16816.121443980366
Cck,8466.426343306986,16825.791972899573
Cck,8465.412632348818,16828.602643863585
Cck,8475.945925840804,16910.67494584859
Cck,8481.87363305765,16920.45495252143
Cck,8490.938441812861,17057.750404521455
Cck,8493.450825605809,17077.0659267624
Cck,8476.15511716133,17062.84483598372
Cck,8491.91138058536,16846.18915581891
Cck,8503.09102784863,16836.539058062775
Cck,8504.281897147146,16897.239858988778
Cck,8510.47056297405,16900.170977133264
Cck,8484.639458108739,17021.655977025028
Cck,8493.718303912094,17026.580094811598
Cck,8506.631788324245,17017.384182872916
Cck,8513.470005466275,16952.866408797654
Cck,8493.029438909949,16943.803107226886
Cck,8504.436397794585,16939.840836679865
Cck,8503.496177252093,16986.239582429884
Cck,8494.306355592853,16995.679805091924
Cck,8499.238652782562,16976.483770085626
Cck,8492.9859664593,17002.225154111995
Cck,8502.379361389374,17096.167268422607
Cck,8514.885256817486,17099.19906411784
Cck,8511.793291327393,17090.81286597148
Cck,8514.92651683761,16994.447649220067
Cck,8534.164452203355,16987.774039859494
Cck,8529.976579801758,16992.6850648836
Cck,8566.689465124888,16934.912861083434
Cck,8549.316298139152,16933.395608726623
Cck,8547.998053456544,16941.61164543998
Cck,8540.701585956904,16899.551371586957
Cck,8530.418634265712,17061.979357178432
Cck,8535.17121103504,17106.753810778413
Cck,8563.213495315864,16999.826811349
Cck,8587.287073942869,16949.266117420168
Cck,8572.530097482146,16943.00202445285
Cck,8572.683924467878,16936.901721023278
Cck,8567.051669804317,16952.966482803156
Cck,8574.207971016496,16934.72943846222
Cck,8580.870677693485,16990.59919879376
Cck,8563.889902779707,17164.274565299274
Cck,8570.903131317244,17169.973588413355
Cck,8573.23327080216,17176.40022200876
Cck,8576.5878762137,17182.43930326215
Cck,8587.921855862614,17191.981901405834
Cck,8575.589860005099,17170.544411180446
Cck,8609.490723508885,17015.486687783476
Cck,8600.556574394193,17015.539334383488
Cck,8603.34021740604,15258.23433365261
Cck,8625.237600031229,16976.168031860718
Cck,8629.499301829374,16977.43738291745
Cck,8618.416191164413,17012.795064045316
Cck,8632.476362126295,17030.835829434724
Cck,8630.089922734604,17015.10744914049
Cck,8634.035773881644,17185.06724035272
Cck,8638.480496692575,17176.860817842775
Cck,8641.545554545608,17175.47914600577
Cck,8625.111634214796,17112.370075851624
Cck,8662.283025014054,17007.904688073573
Cck,8644.37517858162,17067.586564737205
Cck,8654.160215843991,17060.81351487919
Cck,8657.98530514532,17110.622529355085
Cck,8652.150360582586,17136.35287548716
Cck,8661.148385350414,17250.670063941732
Cck,8653.540770895712,17075.2378026423
Cck,8660.161230770607,17076.628612186087
Cck,8677.98844840776,17073.26415166188
Cck,8666.803956795586,16919.11789225195
Cck,8680.904953280758,16907.008149111665
Cck,8678.587512465609,16907.139997517515
Cck,8675.388029463571,16916.655714777375
Cck,8680.291805626595,16892.150155194588
Cck,8673.086458656266,16917.392258967746
Cck,8682.290839165744,16909.154854139724
Cck,8683.653043276527,16917.625400439978
Cck,8657.19342119866,16892.237507567876
Cck,8682.02077497591,16904.280877733585
Cck,8676.998834190297,16891.966994808885
Cck,8672.71159044877,16906.141636978038
Cck,8662.464385232463,16905.19420967441
Cck,8684.488819567174,16903.426119332842
Cck,8678.250948513507,16895.964352042873
Cck,8688.483280620261,17121.289204939396
Cck,8691.680262602382,17109.518877690687
Cck,8681.58861385178,17118.14653364456
Cck,8700.915256864813,17115.50604928216
Cck,8690.435737213591,17004.10862052527
Cck,8680.123092485816,17002.637836483085
Cck,8698.315257463,16996.959951478097
Cck,8710.273037093482,17248.237226328125
Cck,8713.053208491454,17072.19349106109
Cck,8719.46520458519,17052.852763254443
Cck,8717.26768021656,17062.45558094881
Cck,8732.680438467449,17128.737990291924
Cck,8732.668570012864,17257.609729198375
Cck,8745.580076466507,17275.36691260876
Cck,8724.489956412921,17271.068872023883
Cck,8729.784354435948,17274.544097158654
Cck,8744.578031532448,17090.06018259198
Cck,8751.594888900903,17071.19201708102
Cck,8740.996083737396,17098.37141039786
Cck,8777.61455999874,17119.900468893877
Cck,8749.60151586632,17129.691019167705
Cck,8779.010249136043,17104.45665750629
Cck,8759.893104804381,17116.452243435073
Cck,8752.48974533579,17237.96349681586
Cck,8762.07247302446,17235.812203870515
Cck,8753.085921573751,17229.050227739663
Cck,8735.356125061004,17234.500835868013
Cck,8770.922878486963,17157.175897389854
Cck,8754.401545832752,17062.95222109838
Cck,8759.850887068837,17069.413490643972
Cck,8758.615440778902,17078.215308823437
Cck,8788.546606832384,17151.743319298108
Cck,8790.118918046404,17135.01664724198
Cck,8790.786570598333,17132.424186605964
Cck,8810.045616380345,17193.61753163635
Cck,8807.80165935073,17313.307727445717
Cck,8828.844580462754,17311.082378339448
Cck,8836.669155253314,17329.918902927915
Cck,8816.159647311646,17318.943567956947
Cck,8829.825467589604,17332.50988091876
Cck,8828.383650297115,17305.103472963776
Cck,8825.9873463062,17325.953416013526
Cck,8809.870294741819,17138.822678713204
Cck,8830.673843778231,17144.655916372878
Cck,8814.341946660688,17133.68844494873
Cck,8829.037655159802,17228.58566144108
Cck,8810.995687833432,17228.133614576855
Cck,8826.510041657479,17247.144151767003
Cck,8829.17355054028,17293.80644702539
Cck,8848.184493002891,17199.65207352079
Cck,8854.540374895514,17194.80898112581
Cck,8847.021837191744,17124.56706232646
Cck,8852.118100463975,17152.303445136404
Cck,8852.672917486216,17365.386112004053
Cck,8862.77565905755,17374.967856505777
Cck,8863.72973146411,17258.87226753971
Cck,8871.289990453919,17271.672336730524
Cck,8880.912041733312,17250.260432271636
Cck,8889.705403715026,17248.95190874228
Cck,8878.369172167208,17248.079776606304
Cck,8875.645123005324,16421.700317450723
Cck,8875.013610106918,16432.716625138895
Cck,8905.56431616541,17159.132681708896
Cck,8875.670584265152,17170.503023171204
Cck,8903.959718170618,17381.87100843479
Cck,8892.878912303111,17362.485642601147
Cck,8917.048686439557,17337.855435138543
Cck,8920.98774215053,17345.360955970104
Cck,8911.942346694743,17353.733072539893
Cck,8912.052556536973,17246.15786848961
Cck,8912.385117405596,17234.81949982407
Cck,8908.670138309626,17231.697892023552
Cck,8894.558167433317,17232.0815450254
Cck,8902.657952448266,17228.2164642719
Cck,8918.738585759382,17262.164011903893
Cck,8921.866493951411,17260.047555368892
Cck,8938.78820044459,17191.367372695993
Cck,8930.15157034261,17194.76547971851
Cck,8958.02355164535,17302.138938601398
Cck,8939.391185823077,17309.56353023604
Cck,8951.910883826293,17316.467696404492
Cck,8942.412382263668,17305.98391681294
Cck,8955.372267732198,17312.88095785143
Cck,8941.51465919556,17326.73022594887
Cck,8953.119911442058,17293.79888302902
Cck,8965.124785348986,17317.004654107306
Cck,8967.533481537263,17225.81977653998
Cck,8967.775568029192,17229.727248984815
Cck,8975.252607202336,17244.49220424001
Cck,8970.035478242178,17285.894055906134
Cck,8970.98595773996,17288.720404093456
Cck,8987.009551323363,17273.06412389574
Cck,8983.015639187512,17294.81132027601
Cck,8972.550703924711,15968.092242157583
Cck,8982.948290537808,17263.65823763875
Cck,8993.52404458969,17246.100601741797
Cck,8990.51116528799,17261.86122481046
Cck,8997.08351848196,17384.220194620622
Cck,8990.347824367318,17372.53067039803
Cck,9015.894435447766,17244.57344422997
Cck,9008.238475636374,17242.38913419094
Cck,9032.479071547741,17243.166810614537
Cck,9009.903504651056,17376.085899165337
Cck,9014.33239036332,17361.226586944962
Cck,9020.05995064515,17355.428507069006
Cck,9027.019691760443,17337.223254926746
Cck,9053.378872564233,17395.765360042093
Cck,9050.719376849293,17411.026689619273
Cck,9047.483387634107,17390.341332501663
Cck,9065.261337809983,17426.117730797065
Cck,9055.0000738704,17422.545955814545
Cck,9080.885749101863,17289.883335107876
Cck,9078.313146523053,17303.868235133352
Cck,9090.168156491378,17411.18910457447
Cck,9105.629890844057,17412.18256266401
Cck,9085.463894378827,17414.39310467876
Cck,9093.540769799452,17468.52067086893
Cck,9097.157359673425,17461.823309272535
Cck,9122.137913163699,17469.97979569646
Cck,9097.250782463616,17270.702642794036
Cck,9104.32700061917,17338.706727530986
Cck,9103.281869264458,17378.11977364243
Cck,9122.755854735262,17306.7684853748
Cck,9114.003056641684,17300.551570795287
Cck,9122.379953326623,17302.542273541618
Cck,9161.219781537995,17404.89969334142
Cck,9148.978058770583,17399.97652595299
Cck,9144.528875801105,17396.451263760096
Cck,9151.2202189556,17386.92073884451
Cck,9155.566954325828,17395.417027455063
Cck,9145.111834652465,17377.955152708208
Cck,9143.759080297286,17444.291969379676
Cck,9138.918697712226,17381.931082853665
Cck,9153.844377073814,17319.10026751875
Cck,9162.120312232204,17319.84404889072
Cck,9172.451634968895,17315.372088068823
Cck,9164.354046423226,17434.66049240559
Cck,9175.618032479977,17403.18948317941
Cck,9185.479061290594,17402.810992983188
Cck,9193.419574282198,17558.456607205288
Cck,9183.910101462607,17466.692086088195
Cck,9187.924448422016,17463.446243860442
Cck,9193.579083632338,17465.911899246577
Cck,9192.784430142396,17382.419189298653
Cck,9198.19337065524,17377.84256207754
Cck,9209.111060940606,17429.073563923426
Cck,9219.82829656777,17436.135328240536
Cck,9214.201173187163,17415.873816109033
Cck,9212.875236499536,17321.045249960753
Cck,9240.692929922285,17537.44502261874
Cck,9243.259827570311,17548.969859272136
Cck,9241.98721158978,17535.135231068496
Cck,9244.451465389266,17400.364166299973
Cck,9233.914897368944,17440.538180637093
Cck,9245.35263905158,17435.55583791961
Cck,9241.385228313206,17434.541698779627
Cck,9286.580594559182,17457.248985857033
Cck,9280.320792632941,17437.87436369285
Cck,9281.6505995711,17443.65062435308
Cck,9284.259071127104,16610.14790039034
Cck,9238.054299285588,17485.20537589176
Cck,9265.199240057513,17385.61905970651
Cck,9271.856383425937,17384.86046784598
Cck,9272.354033155201,17378.393884789602
Cck,9285.84678675059,17374.554603458477
Cck,9286.544320034696,17571.587090779467
Cck,9303.22366245437,17556.938808322393
Cck,9284.706895115532,17556.316599351292
Cck,9316.914723492348,17355.63400948254
Cck,9306.200486654141,17369.706419655435
Cck,9305.998913148349,17369.499358490768
Cck,9294.507659108402,17374.077568391684
Cck,9305.919610343777,17380.164882715064
Cck,9315.383868393772,17368.85870018804
Cck,9328.123701141702,17517.502308244653
Cck,9336.228998239214,17481.784380106415
Cck,9355.574020067634,17553.11010099354
Cck,9366.89529514809,17388.243996538506
Cck,9406.73802389911,18125.987979597357
Cck,9388.176305222418,17479.842286013365
Cck,9402.564078551139,17486.71611307314
Cck,9422.603883414533,17505.485026897855
Cck,9426.182496967813,17491.71065228056
Cck,9414.417274248772,17486.91866854059
Cck,9434.662142339372,17594.687952290013
Cck,9440.836912625537,17422.20730927652
Cck,9434.006943882347,17412.335115500086
Cck,9436.974831672811,17410.243879397833
Cck,9472.73814487719,17453.06284889814
Cck,9452.348786619692,17529.8261048117
Cck,9455.864139338377,17542.003846086416
Cck,9445.905654709275,17540.637926334486
Cck,9487.338211388369,16895.928894691955
Cck,9477.985036483602,16891.834581572144
Cck,9471.392388066204,16869.390063996398
Cck,9472.122215166031,16455.503029830797
Cck,9442.77162577892,16433.17262072422
Cck,9456.818143944442,17608.62894907785
Cck,9473.608828472743,17611.92663971279
Cck,9487.507328132053,17564.207435066357
Cck,9461.985649529868,17591.24021382174
Cck,9469.45957340963,17590.71371255783
Cck,9485.040362127536,17437.858415717175
Cck,9504.65610940051,17478.763549871554
Cck,9513.881542678675,17497.907479290963
Cck,9505.306130823625,17480.468573626127
Cck,9503.72584485409,17607.52556940168
Cck,9492.803562559538,17602.267048377656
Cck,9508.026501786155,17597.06135623261
Cck,9517.90368779233,17561.63115196283
Cck,9506.958088547532,17554.07960328487
Cck,9513.523997339178,17661.563295868855
Cck,9526.09687055248,17667.79005106406
Cck,9536.23301780904,16720.184115637698
Cck,9551.590458395918,16747.553821866335
Cck,9534.913980899697,16736.907348350196
Cck,9554.128408784176,16725.296490102086
Cck,9540.348159952437,16735.518468584418
Cck,9526.710400103926,16721.72349030942
Cck,9535.635786563402,16745.402619157256
Cck,9530.244903414756,16742.898992792998
Cck,9537.65055295582,16735.99960549372
Cck,9535.297050019237,16727.937910763554
Cck,9522.258580749982,16729.662457448794
Cck,9514.375283600379,16734.52314011934
Cck,9539.296049250428,16718.993384444286
Cck,9530.503648128924,16727.536756243204
Cck,9534.486706934236,17521.383749683304
Cck,9533.940694691015,17498.04847695882
Cck,9559.082365789023,17575.433041750694
Cck,9585.206644231008,17656.566375800507
Cck,9574.96422201131,17659.74570004508
Cck,9566.632002032542,17667.046871502655
Cck,9599.838169323344,17473.79088445605
Cck,9591.823664232052,17473.868626677824
Cck,9605.762719817461,17495.18421943788
Cck,9590.760102973036,17483.234227144287
Cck,9595.41703124585,17487.19537752767
Cck,9584.334474927686,17491.542192429668
Cck,9580.577869034187,17551.54464711429
Cck,9573.762551862917,17554.984948014604
Cck,9608.753586031678,17687.014150777704
Cck,9601.058044736672,17697.429912730146
Cck,9636.568627811668,17615.131476344093
Cck,9627.246690765965,17605.54153653553
Cck,9640.925727119864,17624.485142179463
Cck,9648.046649820126,17502.170144750395
Cck,9647.328669398843,17589.403276510515
Cck,9649.334925897321,17592.547388683186
Cck,9648.419240655821,17604.26743809378
Cck,9640.517131491428,17608.16847079524
Cck,9653.951828198755,17607.95333844231
Cck,9658.815270532843,17631.28420952809
Cck,9669.504159303042,17693.5933218096
Cck,9686.66438283287,17702.257951338903
Cck,9661.092123497841,17555.616543426266
Cck,9665.821929262516,17571.58044838634
Cck,9676.473927651006,17545.632885742834
Cck,9691.878208939648,17593.453467162257
Cck,9700.739944345129,17673.111046193928
Cck,9694.291387444144,17659.304378290788
Cck,9685.362175616423,17678.52223454343
Cck,9694.913781207408,17538.951569839825
Cck,9719.36530785601,17640.902525710368
Cck,9722.880509894083,17639.67130991092
Cck,9722.715205913732,18116.6264397474
Cck,9720.82641402344,17697.77626076609
Cck,9739.010597572376,17700.061955472614
Cck,9731.084815756625,17576.522677141413
Cck,9745.14809510077,17563.60390279128
Cck,9739.687831390092,17570.000556826013
Cck,9728.732097314929,17539.25993511895
Cck,9736.727487799591,17749.255301270332
Cck,9732.422683849836,17747.267671844635
Cck,9729.00542979051,17762.02073189004
Cck,9751.410243014105,17610.47465088499
Cck,9750.412235254658,17700.224715392233
Cck,9776.864476153367,17572.019352104766
Cck,9760.187122242483,17573.109541110327
Cck,9763.659086654205,17575.33987772391
Cck,9785.19916881081,17691.17449015962
Cck,9769.046102438684,17651.202940727013
Cck,9796.339910532379,17591.657628106423
Cck,9809.395940070099,17595.520074358054
Cck,9816.223765965082,17659.33526491093
Cck,9808.267322472626,17676.98812279692
Cck,9793.755561843636,17674.1034640135
Cck,9817.562197903755,17647.299880928033
Cck,9812.28014352833,17641.382895123756
Cck,9828.14309879622,17646.231698854506
Cck,9826.296874188432,17613.098673416604
Cck,9837.37477117317,17593.34241538182
Cck,9825.298425896059,17762.94004918118
Cck,9820.074581359444,17763.142715363683
Cck,9802.454292267661,17771.558673812022
Cck,9842.023862825889,17668.538440987668
Cck,9822.16565416746,17664.272871942307
Cck,9822.385710218668,17653.231463296393
Cck,9836.772442193138,17729.28170469519
Cck,9827.197976145651,17703.082831838317
Cck,9861.81593410727,17625.35537595221
Cck,9859.862212791682,17845.85168354539
Cck,9865.84079222501,17825.826781055493
Cck,9862.510986064683,17826.850702651333
Cck,9857.520538130104,17774.9508530274
Cck,9854.73666171021,17804.825773347395
Cck,9858.34948465037,17799.455215595648
Cck,9854.985893397461,17705.825777424743
Cck,9870.531709229395,17706.010311558774
Cck,9880.98423397154,17690.992049531567
Cck,9913.572421977045,17538.058860282832
Cck,9872.142261859779,16365.398556008571
Cck,9900.255409831398,16353.786722833458
Cck,9911.329063692758,17701.241648805022
Cck,9918.713466297528,17712.292141974674
Cck,9916.988625064776,17713.255916086073
Cck,9922.158690474223,17626.458744100237
Cck,9921.068911314625,17741.626072420433
Cck,9906.758108391521,17730.599506924682
Cck,9940.24492822456,17719.581130430466
Cck,9916.82344292913,17751.474751671085
Cck,9936.76071337346,18069.236131069792
Cck,9946.521858546197,17638.075304270016
Cck,9942.191066002044,17759.958482897076
Cck,9942.867177612217,17727.229570862473
Cck,9957.585175863542,17734.628832837094
Cck,9980.327552524583,17669.200218497255
Cck,9976.160748722546,17685.580518774248
Cck,9982.195347982248,17682.51590420999
Cck,9988.658284029212,17764.155400447922
Cck,9988.244495309804,17763.654821460423
Cck,9980.045473856093,17755.432700431465
Cck,9974.593137370628,17764.214939169557
Cck,9984.357777626667,17813.54439004459
Cck,9962.622119650623,17830.702300995355
Cck,9986.864003087809,17719.63506757826
Cck,10035.67847017821,17667.094161588426
Cck,10017.012674348249,17675.491638885684
Cck,10033.790174421718,17657.42472915275
Cck,10028.468671613677,17668.19050488988
Cck,9999.114644087054,17708.989591207308
Cck,10017.018364326295,17764.61149971877
Cck,10015.088433565734,17768.451575124298
Cck,10016.010471392605,17748.229957857664
Cck,10033.261390184183,17723.777674901343
Cck,10042.687282355038,17719.778325598374
Cck,10039.128864558976,17728.40521230255
Cck,10037.379826939143,17736.141869956406
Cck,10041.21835260853,17744.415725157618
Cck,10040.00967739247,17742.208816664417
Cck,10050.895846068152,17745.621168086116
Cck,10052.649922948493,17742.91642930991
Cck,10031.76199382493,17717.42410247532
Cck,10038.683429219653,17675.89728658936
Cck,10040.008139923972,17774.764399069783
Cck,10028.308824753425,17775.643755067398
Cck,10073.002400237103,17851.026476650448
Cck,10074.41103031471,17848.248913833726
Cck,10060.402969900175,17850.832123753175
Cck,10090.13903809819,17831.658688051135
Cck,10096.561475886147,17824.095460359582
Cck,10082.56197548927,17616.290265363943
Cck,10093.830936014463,17630.461367048607
Cck,10084.53392349995,17628.69538896913
Cck,10083.284610558692,17719.27234667941
Cck,10079.7545991168,17716.931442575868
Cck,10097.244247617418,17696.48131953969
Cck,10095.522376119121,17707.91493291378
Cck,10103.670021861364,17694.973407309317
Cck,10095.805254968705,17706.54749022091
Cck,10095.974104381912,17670.244847112343
Cck,10088.303591103459,17678.733303968438
Cck,10091.902345753702,17670.564835027544
Cck,10109.81593068484,17858.881739205568
Cck,10099.697096390826,17845.966245013402
Cck,10116.709336159036,17837.606993863286
Cck,10115.048322489103,17794.352225515744
Cck,10114.123581364467,17883.548299141206
Cck,10136.584746251498,17735.477756852306
Cck,10134.675205213734,17741.119655585753
Cck,10129.312857842257,17731.382154642375
Cck,10114.963234652123,17751.88255488925
Cck,10131.662508642647,17741.338549345237
Cck,10117.913169803336,17808.827471454566
Cck,10133.753010135853,17814.034836085375
Cck,10120.820796441863,17796.226455325545
Cck,10140.946338359987,17858.09919286706
Cck,10131.504471246983,17841.773532865944
Cck,10137.285341908875,17782.803146484952
Cck,10142.50631652382,17764.954465831233
Cck,10132.794966623787,17776.723389794515
Cck,10148.64339841353,17714.708963894787
Cck,10145.169778943193,17693.34249914494
Cck,10166.356753488573,17695.05960972821
Cck,10147.917670575587,17690.937037230837
Cck,10154.149576781176,17706.506336616956
Cck,10178.881987226217,17678.821931426624
Cck,10172.605523981647,17744.946306918868
Cck,10175.407019596192,17751.547804513786
Cck,10164.92508923417,17745.799727878177
Cck,10168.760121627265,17877.652596283533
Cck,10169.799154929364,17866.010487239357
Cck,10170.742403136774,17864.985509612092
Cck,10171.12036977909,17880.83596713271
Cck,10163.475660019485,17870.483868723488
Cck,10161.153496429806,17858.84517242343
Cck,10178.913244617494,17699.958380830503
Cck,10178.79188881932,17891.059715123087
Cck,10182.034530091503,16840.642382444417
Cck,10208.20829118482,17772.773779570074
Cck,10199.79810791543,17785.99588263202
Cck,10192.33221785199,17763.572167034174
Cck,10186.71297872548,17813.56667443075
Cck,10195.495095544533,17818.451790917337
Cck,10204.245961413815,17810.23277645949
Cck,10202.026473560241,17943.600027921635
Cck,10203.029142565036,17883.75606641764
Cck,10200.156314233955,17875.26231227504
Cck,10214.277206326467,17881.596633313653
Cck,10242.15824801677,17763.31579868796
Cck,10245.551951300191,17761.003557062624
Cck,10224.902673906097,17753.080991381266
Cck,10228.188520905891,17719.875664456336
Cck,10239.20171720724,17835.111443239934
Cck,10235.086431140882,17826.455611302827
Cck,10237.7166355001,17837.304813997787
Cck,10242.296470327898,17845.65952371853
Cck,10241.823557805574,17968.407255307375
Cck,10261.270750988826,17789.921463404135
Cck,10269.145581514811,17830.189597616656
Cck,10309.244537089413,17825.545419521804
Cck,10299.453592584214,17843.298298720605
Cck,10314.07167953319,17863.02532198093
Cck,10330.308544416028,17854.621176635363
Cck,10333.156718849033,17859.531168556274
Cck,10361.378734717317,17795.371161833693
Cck,10354.110283015547,17789.341230813083
Cck,10360.431678172477,17806.329173890463
Cck,10381.871364047218,17570.839195236375
Cck,10375.46360256864,17573.226177690653
Cck,10371.951536765622,17590.766642847946
Cck,10370.870929899525,17820.147855358337
Cck,10390.847777687635,17844.364659536783
Cck,10369.171441622577,17821.503816175806
Cck,10390.325580793702,17811.977206736938
Cck,10395.35612563718,17827.034534005717
Cck,10382.975007180014,17814.548193189974
Cck,10384.703068735906,17818.831986852765
Cck,10377.341057343898,17828.040441567246
Cck,10382.924092008056,17813.04765816815
Cck,10375.265716382693,17827.863454051512
Cck,10363.282317671974,17817.381228311096
Cck,10378.90904628698,17836.91436324524
Cck,10389.300481114984,18039.971134167434
Cck,10391.809840244026,18025.988634947833
Cck,10394.35807319805,17783.58706996687
Cck,10382.862480506243,17782.149597472708
Cck,10388.705887560636,17778.179353652824
Cck,10384.919625774512,18089.537236668628
Cck,10403.456761266285,17847.687275351735
Cck,10402.975742340543,16960.431425600225
Cck,10423.741866632707,17932.588584417404
Cck,10432.977395544804,17817.055864685597
Cck,10427.685527624388,17790.87003435449
Cck,10413.543652164886,17807.930063956872
Cck,10423.957096235381,17868.789863076898
Cck,10426.394866989527,17876.336304315126
Cck,10429.671995317405,17879.435301724014
Cck,10446.116497451507,17805.17862157309
Cck,10466.795608697312,17803.19429551334
Cck,10457.162412173499,17794.49458081446
Cck,10485.16682500913,17836.323036578386
Cck,10492.474101777545,17070.137524073474
Cck,10500.578493702937,17076.212479996928
Cck,10493.488114640972,17073.034939350026
Cck,10488.100656800834,17068.02955329764
Cck,10491.452880585264,17074.47334428349
Cck,10521.584340457848,17868.077459825483
Cck,10493.371567566664,17882.243034599363
Cck,10496.609359274278,17892.32683885851
Cck,10511.863688519967,17914.501874191574
Cck,10525.751481123641,17915.05848498196
Cck,10506.179487525138,17916.98682303545
Cck,10511.55803573148,17840.332384137295
Cck,10523.39869616222,17859.62326603472
Cck,10515.676747726648,17849.42408220064
Cck,10546.258993961905,17822.952108273155
Cck,10555.08015316261,17797.922871374347
Cck,10527.683380234528,17813.147448981625
Cck,10552.177580607855,17889.021055698544
Cck,10538.08047308086,17882.367622932186
Cck,10587.232682733758,17822.149704361538
Cck,10580.753054430907,17807.653267523405
Cck,10581.814152160576,17820.20690192617
Cck,10614.382936229013,17862.898116454184
Cck,10612.025857856655,17861.243161875344
Cck,10592.182811456494,17881.033991083146
Cck,10621.047164855077,18031.79780833534
Cck,10621.52471015862,18041.76499522167
Cck,10621.29651213664,18027.98469521677
Cck,10625.701489770277,17838.233526341075
Cck,10623.557574064811,17838.425189308666
Cck,10652.36352366249,17984.329528547103
Cck,10648.252381903601,17960.054294740785
Cck,10655.916034794776,17860.137135706227
Cck,10647.728002271215,17894.479062381215
Cck,10645.032766274371,17876.113229341507
Cck,10637.362864055047,17894.331652911027
Cck,10642.259513639274,17869.603787415013
Cck,10652.92263705754,17893.02158982591
Cck,10660.76436010868,17949.835771737507
Cck,10684.114084640349,17976.285909148395
Cck,10656.807285669753,17908.272445988263
Cck,10674.103876533323,17914.38808528714
Cck,10653.405075649796,17923.527328574786
Cck,10673.859330858424,17923.836378102173
Cck,10696.962939053497,17882.395003138405
Cck,10686.800173900376,17884.272238254558
Cck,10687.801123613994,17881.627879116502
Cck,10719.23999126794,17844.519122546335
Cck,10710.118267051188,17844.851589293627
Cck,10701.283212143331,17837.005623117333
Cck,10712.555371066443,17858.840802229355
Cck,10718.598874407951,17845.12740918297
Cck,10701.83993559296,17843.072693722715
Cck,10721.406331167764,17845.92043167081
Cck,10723.950549928632,17953.57776776494
Cck,10725.180889700923,17955.075328966952
Cck,10718.696371926215,17885.164791977877
Cck,10719.32687797946,17867.445022904474
Cck,10730.362639600686,17874.958916850836
Cck,10737.398432382668,17874.200193029075
Cck,10731.8010249813,17851.63527187155
Cck,10755.980641783808,17829.451570235673
Cck,10724.444169903514,17818.710530164786
Cck,10750.455439319616,17818.69523386898
Cck,10722.791356731923,17946.850015271033
Cck,10762.826255440566,17950.387076249306
Cck,10741.476824066796,17933.42180601985
Cck,10738.702359520059,17911.349372622142
Cck,10766.625462817778,16532.525785148217
Cck,10734.027257574076,16520.617603821822
Cck,10750.944570490468,18041.939947595343
Cck,10772.298128790955,17865.085457107867
Cck,10770.242072016537,17868.769122145848
Cck,10777.58370740383,17867.51002106003
Cck,10789.50957903765,17908.97390298062
Cck,10804.665087290105,17884.04355620615
Cck,10803.7831606517,17894.162965222557
Cck,10807.043795936801,17895.396249866775
Cck,10787.390466997156,17899.95953478035
Cck,10796.236007571672,18009.100923383467
Cck,10809.66230684078,18009.194794969506
Cck,10815.904768351418,17854.166884302595
Cck,10787.076994475665,17847.681819232832
Cck,10814.773930033612,17877.21917257486
Cck,10841.667090733712,17842.71783236987
Cck,10858.217812516616,17849.952452503887
Cck,10844.889412025643,17966.97631611675
Cck,10838.75803816877,17938.564624716
Cck,10849.35990039617,17863.461050199185
Cck,10874.826927915408,17866.753677479013
Cck,10861.129204005749,18012.24987991618
Cck,10860.674401036744,18008.71483679806
Cck,10872.576757615878,17924.986315185262
Cck,10876.669258624386,17920.07981593013
Cck,10903.849351122764,17879.068815401217
Cck,10917.49612940465,17897.213947513952
Cck,10924.91837723373,17936.4164973416
Cck,10917.955280529657,17929.11438982527
Cck,10919.042557968003,17928.44003278961
Cck,10916.46775302938,17927.827811160107
Cck,10920.41868385214,17942.65673885561
Cck,10920.360045206478,17932.22057594212
Cck,10924.576066067784,16977.97851680375
Cck,10949.62461873118,17904.34461099479
Cck,10962.759850489805,17899.44136490851
Cck,10960.155002242722,17943.857145424303
Cck,10976.220047138993,17940.497188566576
Cck,10954.297897892822,17945.56823621486
Cck,10988.82596470329,17875.488431178426
Cck,10986.009113067319,17884.581080022544
Cck,10993.186077821572,17921.649336853196
Cck,11005.876872883475,17839.811727628938
Cck,11022.746731823798,17864.536069779086
Cck,11023.98580145311,17955.162096455515
Cck,11039.643753327813,17952.753271772785
Cck,11033.59142222843,17963.76108358357
Cck,11036.738089810295,17967.732571611843
Cck,11025.852580294952,17952.22127359421
Cck,11038.534001580854,17914.720750353325
Cck,11043.89071220445,17916.30838390282
Cck,11028.08379081679,17900.031400696458
Cck,11060.100365330898,17840.006872549773
Cck,11066.40723149466,17827.46583091753
Cck,11060.578836685752,17837.78161563273
Cck,11073.290091344585,17832.294635826664
Cck,11074.073391627895,17831.00646697818
Cck,11034.784561953265,17847.591604281253
Cck,11060.323916452873,17890.41591732885
Cck,11054.709992142272,18007.097381512158
Cck,11070.75867973813,17952.055797099423
Cck,11061.423615810894,17966.787489808805
Cck,11058.131178183137,17948.507610380744
Cck,11059.441566793206,17974.666447271247
Cck,11093.725212093384,17910.149930921543
Cck,11090.877762611986,17910.82740474329
Cck,11093.198524864794,17909.49135442452
Cck,11077.022808605765,17872.06019549313
Cck,11085.018128061314,17876.531946088715
Cck,11092.8493930401,17869.824550939433
Cck,11093.592700518586,17869.7449703179
Cck,11103.879366577909,17827.132477183575
Cck,11132.305565501581,17899.169239959447
Cck,11140.625094730542,17920.33235665461
Cck,11168.194110264172,17817.146464481277
Cck,11148.449879999534,17838.89684654352
Cck,11167.19747169009,17831.27863978719
Cck,11153.423465008236,17834.18931587701
Cck,11131.62981827777,17846.185896056802
Cck,11157.209851557282,17857.8420307644
Cck,11160.514235491375,17929.232469980834
Cck,11137.733326661304,17920.941657404197
Cck,11160.174046109732,17889.43764192756
Cck,11161.705459746581,17878.480921380447
Cck,11193.266932191134,17896.900238132082
Cck,11190.306790207844,17949.639251547786
Cck,11208.2110339478,17837.46109686972
Cck,11208.740474939694,17837.183101381936
Cck,11213.225231865985,17830.584039369114
Cck,11199.863524842103,17876.602925365416
Cck,11201.647656906869,17865.99937001487
Cck,11219.103383504891,17877.676260581015
Cck,11237.956156230788,17792.03906023441
Cck,11235.523223257305,17886.300165022185
Cck,11236.476211117231,17865.890715521684
Cck,11255.002686727703,17831.69007284357
Cck,11258.347274826709,17823.5404069464
Cck,11255.752427779315,17778.981855472673
Cck,11261.98673063146,17748.07716810009
Cck,11267.61148549851,17744.514689927375
Cck,11245.113307462623,17757.512327741148
Cck,11260.94250875787,17738.103021290444
Cck,11295.67322876163,17879.46528179878
Cck,11316.71938095282,17880.239342121815
Cck,11316.588907094581,17742.910192861407
Cck,11312.63127743921,17750.25687497273
Cck,11304.62958637684,17847.929667112363
Cck,11320.700283044467,17803.463481212944
Cck,11316.427744761933,17808.5347654343
Cck,11315.653380469776,17791.021626018093
Cck,11308.608408569255,17781.19786276153
Cck,11309.21910593202,17803.80506428724
Cck,11314.861231103094,17796.878006938063
Cck,11342.89625187463,16907.344369139515
Cck,11344.138299901677,16884.27704027504
Cck,11329.036767562124,16901.5053732531
Cck,11314.982130422039,17855.70294060724
Cck,11317.481434747411,17837.16924403221
Cck,11331.05677309745,17843.17831658577
Cck,11337.146244194639,17857.554776737124
Cck,11338.083988998813,17847.50183673393
Cck,11329.558110730977,17835.411370977723
Cck,11357.035292720395,17810.895897234477
Cck,11327.463230531372,17816.614738476714
Cck,11330.044413245925,17823.266587748567
Cck,11355.618890737656,17722.451578150863
Cck,11363.101770293539,17715.841804366268
Cck,11351.792663370097,18034.579283843585
Cck,11340.072439390866,18035.760074562782
Cck,11341.57573246285,18038.227973444384
Cck,11369.127636838306,17903.46018048016
Cck,11387.694380375298,17784.325951228024
Cck,11382.735471845157,17768.808385111795
Cck,11370.296273931384,17765.286330589952
Cck,11389.486635310563,17757.777002094772
Cck,11403.950443690866,17721.1533163154
Cck,11399.738765061318,17726.98752191251
Cck,11388.500116636253,17814.80507237144
Cck,11426.584950408274,17823.087031761293
Cck,11424.166090372077,17749.801333796437
Cck,11432.097672388025,17743.343032656903
Cck,11434.728022451263,17752.09916500086
Cck,11448.853472224533,17742.25758602391
Cck,11445.568606337492,17719.324018902407
Cck,11439.882213704108,17730.236164847436
Cck,11463.50711553471,17763.398829771097
Cck,11451.448484502858,17772.561043735397
Cck,11453.537964976776,17756.78018194362
Cck,11429.881385744064,17714.379990936264
Cck,11510.475860351353,17721.66477574878
Cck,11531.65939975677,17730.380505945355
Cck,11556.172461156664,17734.31122684132
Cck,11544.302565933505,17735.979921176968
Cck,11537.362865664005,17733.737001128593
Cck,11553.648045027088,17779.47906492974
Cck,11539.553418152425,17771.507792374156
Cck,11536.850966604614,17762.141331803752
Cck,11566.995873880127,17812.496362366128
Cck,11549.320809037117,17705.711107617324
Cck,11580.653661869988,17715.57714544842
Cck,11582.27948289484,17719.44895032706
Cck,11578.516777860847,17589.227309740985
Cck,11580.5531732028,17591.53619377899
Cck,11593.291968719872,17680.459501729663
Cck,11589.05011868779,17685.96862797187
Cck,11576.126709962806,17770.858579740736
Cck,11604.985343508359,17781.831791948505
Cck,11575.439290889975,17771.031988787934
Cck,11584.895099454325,17776.857650330017
Cck,11619.870359248282,17739.849257487076
Cck,11618.532858317012,17731.97560939944
Cck,11623.412863294221,17821.62790106613
Cck,11616.627576658191,17799.94779198098
Cck,11604.881187852046,17797.96272576226
Cck,11610.09121183382,17650.065213943428
Cck,11625.156061779737,17786.761817955983
Cck,11625.341466560134,17777.47967893991
Cck,11629.655655361745,17763.51226199641
Cck,11635.76036557052,17634.61703860734
Cck,11648.450825738102,17632.86991532308
Cck,11635.459898442805,17640.474183382466
Cck,11637.127990401892,17741.550578149767
Cck,11629.355915930168,17747.732964105515
Cck,11672.989851615366,17628.066239055544
Cck,11683.045155817033,17632.679766565485
Cck,11686.583399846333,17636.98468399704
Cck,11678.419297038674,17612.879295144434
Cck,11692.873148545305,17803.082451420676
Cck,11678.68459110058,17824.621792574726
Cck,11688.948576279814,17811.536521554164
Cck,11683.083563580394,17661.66239046532
Cck,11690.436071292976,17656.72772132932
Cck,11720.684023408374,17713.32083503039
Cck,11713.133209884074,17718.278287795838
Cck,11698.860630573958,17763.110508629703
Cck,11696.800619224001,17582.01685298055
Cck,11694.392008614659,17569.508655875055
Cck,11703.482893861146,17581.48435803602
Cck,11697.017222418182,17573.147293893857
Cck,11683.210547800305,17563.489360904103
Cck,11708.97844106682,17614.409280374515
Cck,11704.783276131331,17609.019461462354
Cck,11713.718996405278,17620.742928780346
Cck,11731.118081572073,17698.066866908128
Cck,11720.958803569434,17666.673987834198
Cck,11706.083145571258,17677.321435358484
Cck,11732.49287211155,17617.37262624783
Cck,11750.510330432606,17599.271397841356
Cck,11748.35247397223,17658.54890803386
Cck,11752.644935051812,17765.5551726026
Cck,11759.669235335308,17716.522936235695
Cck,11793.167152710712,17802.670901470152
Cck,11790.475204735016,17803.133774821064
Cck,11817.31441947056,17600.584259151794
Cck,11811.715449864116,17571.316349454937
Cck,11816.20633307059,17578.74764878365
Cck,11814.090696138348,16874.283327957997
Cck,11794.22331010802,16858.8067076632
Cck,11812.578662199403,17650.425234831655
Cck,11803.792588166802,17642.16378242757
Cck,11808.154134954659,17643.419737198965
Cck,11839.852758135508,17652.286866552397
Cck,11810.399144140265,17541.646751740376
Cck,11834.974994568522,17555.841439690663
Cck,11838.891057181354,17606.224626134615
Cck,11808.891030356675,17603.86614014179
Cck,11837.515310832185,17590.424449431135
Cck,11850.76299869766,17558.15622449662
Cck,11848.807771178728,17571.001698099124
Cck,11859.520261312578,17683.200693275638
Cck,11860.445517219785,17676.931238470937
Cck,11860.786832869184,17636.9790155279
Cck,11882.127559229159,17654.697299485295
Cck,11882.629773957262,17633.92716286222
Cck,11858.615312246271,17572.161770979452
Cck,11858.073690650139,17585.251554129234
Cck,11863.354965982131,17579.459076204643
Cck,11902.314697901906,17547.84113089367
Cck,11895.855161343961,17596.377014635484
Cck,11896.044149619409,17697.973775121238
Cck,11916.262508246811,17673.91635062105
Cck,11927.514212736716,17551.146322675122
Cck,11941.9994136316,17574.304312759454
Cck,11924.674998738032,17557.211455243327
Cck,11914.866851753442,17570.43807231348
Cck,11917.438993588825,17632.501346641217
Cck,11926.414185816891,17623.31165668867
Cck,11912.384043724975,17618.413418179014
Cck,11926.886206540814,17534.22752132113
Cck,11930.979157392818,17531.842346690162
Cck,11950.220174555994,17574.48114539349
Cck,11962.929415482615,17574.923575382247
Cck,11958.298407958346,17516.750938023433
Cck,11958.226431584268,17658.15913004611
Cck,11973.490266994188,17661.459877080782
Cck,11946.127717144998,17658.877028609273
Cck,11981.08431286109,17558.867776024654
Cck,11955.62466196846,17531.922397069746
Cck,11980.886464141086,17533.693994839075
Cck,11981.34978326761,17476.880924442656
Cck,11996.23639472943,17487.341260883964
Cck,11973.527739434847,17608.352917734872
Cck,11973.171589553463,17617.60985198186
Cck,11998.31317424808,17517.339684651088
Cck,12017.847989020234,17574.54559120204
Cck,12027.180282408295,17548.122956586918
Cck,12031.282132317476,17442.066855462097
Cck,12035.28992661247,17602.13908351426
Cck,12046.924595638542,17594.8244500354
Cck,12048.143147911425,17606.323533980398
Cck,12047.39126163258,17593.821723204033
Cck,12064.133047668965,17481.24163214401
Cck,12071.451129807876,17437.09265363003
Cck,12052.789333443623,17434.823549116638
Cck,12087.068523986818,17483.038394607793
Cck,12111.736090995515,17564.60961745046
Cck,12115.42080518107,17487.959156193192
Cck,12108.804594905074,17468.77238302796
Cck,12106.946666144204,17477.80401894054
Cck,12113.872070452147,17469.931713504695
Cck,12103.792016041125,17477.40533799118
Cck,12108.243751936074,17488.0283204107
Cck,12108.933173656524,17335.33658989226
Cck,12105.013716162786,17342.182926652804
Cck,12099.167151450549,17335.61084717073
Cck,12152.855443394283,17510.33708450805
Cck,12141.109764888228,17525.459039367586
Cck,12152.550026131592,17400.595081390544
Cck,12137.679579632964,17408.857354936288
Cck,12152.72943318591,17398.595388940117
Cck,12149.755151121824,17401.227495542604
Cck,12153.880433210448,17408.248574075795
Cck,12139.046115955005,17352.044068759387
Cck,12161.163964781934,17343.534131264725
Cck,12138.588593317674,17376.585185723234
Cck,12150.370818124844,17459.467098315472
Cck,12177.589010165244,17342.958024854674
Cck,12149.53311592926,17355.855105855513
Cck,12188.252569089376,17574.097026482093
Cck,12170.415109297917,17562.705279254675
Cck,12193.18089071979,17395.065156394827
Cck,12178.904304749778,17440.355364765786
Cck,12192.185730733594,17353.03746409327
Cck,12194.968125811256,17341.350306973047
Cck,12205.813863749883,17309.970672562555
Cck,12188.243766332673,17380.01440833736
Cck,12199.088938010997,17371.763544069923
Cck,12200.20512685966,17267.69133306546
Cck,12205.621828487678,17446.615056737668
Cck,12199.022474838788,17300.88224665705
Cck,12207.19460284852,17294.778721311304
Cck,12249.65002144091,17408.175807858177
Cck,12223.552423223931,17406.773058421804
Cck,12251.6929735675,17429.415708977904
Cck,12230.218370558016,17442.838662037495
Cck,12246.948598445892,17293.472115382643
Cck,12266.725505893506,16558.26583436421
Cck,12262.154510613414,16555.42666882591
Cck,12269.976188543229,17164.687031521025
Cck,12251.742283579142,17165.36651322527
Cck,12258.683692717283,17258.284888417893
Cck,12286.320970164532,17245.98135123547
Cck,12261.435648603694,17240.00915885532
Cck,12267.274193381163,17480.055018363455
Cck,12295.817529673257,17336.13342338498
Cck,12293.93267068928,16405.18306026237
Cck,12301.775784848653,17207.90431633295
Cck,12294.758631241846,17710.1668178237
Cck,12321.200529471787,17153.058231187584
Cck,12317.559200154863,17157.7776816678
Cck,12314.341312123574,17159.799458073187
Cck,12326.457453159039,17187.11028066291
Cck,12319.41117613328,17429.94938516277
Cck,12335.604776642887,17356.337895861776
Cck,12363.270497777366,17273.68078445247
Cck,12386.002169265232,17287.662018649502
Cck,12386.590275716622,17272.15085959172
Cck,12366.84719864708,17167.68644841038
Cck,12383.9956925719,17159.922592221796
Cck,12342.997924490433,17153.411428990577
Cck,12373.123215353315,17441.67896866123
Cck,12367.598409890086,17448.522772105833
Cck,12386.418129720792,17219.258404495773
Cck,12387.757144292842,17094.909365054427
Cck,12382.443157130672,17118.60125104504
Cck,12387.645127455697,17111.93376979016
Cck,12412.649396548355,17137.87086528031
Cck,12397.613186446695,17142.142147199975
Cck,12415.924633193472,17060.470485460533
Cck,12416.368812269033,17059.582116983638
Cck,12399.939051074607,17055.839924084994
Cck,12437.85358597322,17211.78451137394
Cck,12449.215990655755,17204.820702534147
Cck,12438.64940470414,17206.05316808795
Cck,12434.49988829758,17157.44649254916
Cck,12421.487135746416,17125.968132251965
Cck,12414.154644024684,17118.49592784314
Cck,12429.598084399267,17111.259976463316
Cck,12436.809807934223,17069.313205519342
Cck,12469.18252662282,17062.490063843205
Cck,12495.354943346782,16973.973821588235
Cck,12489.285091474772,16952.619060294932
Cck,12498.067622347755,16953.982262777317
Cck,12507.689186321604,17003.196467602374
Cck,12492.473621286757,17069.794409332393
Cck,12504.436798452109,17054.175754148946
Cck,12504.595290396283,17058.66715992998
Cck,12522.292916889432,17039.044853666812
Cck,12540.155818352658,17104.89707948217
Cck,12517.507296741245,17112.777221109038
Cck,12525.921835139963,17103.639839523552
Cck,12531.82037302779,17070.640868055725
Cck,12527.485798732194,17055.096861281625
Cck,12520.140684592521,17059.543650362702
Cck,12547.937178519447,17018.660516549124
Cck,12560.96604189863,17018.19836759986
Cck,12549.18456290673,17004.67454069654
Cck,12575.89503604226,16976.537417230604
Cck,12558.660350282113,16974.596653951154
Cck,12566.457979041998,16990.675157019577
Cck,12560.674512472671,16902.47235733526
Cck,12565.564764905897,16891.37311840647
Cck,12565.646511440333,16890.663144630427
Cck,12586.645011197917,16982.994628462064
Cck,12591.030278914257,17000.627925834222
Cck,12592.899571820022,16994.310309524626
Cck,12616.799058763683,16912.49962751627
Cck,12625.949433292437,16855.315558110447
Cck,12627.729575048135,17036.34113737988
Cck,12626.218057668086,17026.539978609697
Cck,12626.705301705544,17040.5324410293
Cck,12608.228668054577,16886.726212615726
Cck,12624.290741271565,16880.53046732948
Cck,12615.100767692602,16779.861438091386
Cck,12626.76340425749,16796.808503276392
Cck,12645.918896204079,16905.59308762801
Cck,12637.399757221292,16911.271597982883
Cck,12634.77352788796,16921.297922295267
Cck,12644.013394163025,17143.31389429058
Cck,12646.38929789487,17486.324263713734
Cck,12645.472746683978,16791.807268337972
Cck,12654.43644224879,17448.13247025056
Cck,12665.370700253841,16864.220558580877
Cck,12658.229468071499,16823.310627881725
Cck,12668.20326277867,17045.55532493816
Cck,12672.156152131432,16796.391807569606
Cck,12675.352299977652,16794.442421510856
Cck,12654.165045592737,16803.640125480284
Cck,12687.295618392389,16983.21070305002
Cck,12677.267920340593,16965.561635877337
Cck,12677.491542799975,16975.232831350128
Cck,12685.273146191179,17105.01680337904
Cck,12674.311435780792,16872.340973941104
Cck,12702.08136659001,16880.24192004176
Cck,12713.55146775475,16691.769429270378
Cck,12695.867209864748,16695.98491764665
Cck,12690.940027130046,16691.683856486896
Cck,12720.995753451834,16820.09874767882
Cck,12716.466692426364,16817.556439503558
Cck,12710.073923496091,16832.234407981075
Cck,12706.15196277431,17216.483653237683
Cck,12719.534695047723,17212.76660877107
Cck,12698.220699211146,16759.63621263615
Cck,12730.314713385767,16762.228038197376
Cck,12716.73273865912,16796.031804011967
Cck,12746.417911475624,16801.824835488198
Cck,12731.853490955777,16796.354915817697
Cck,12755.95086816144,16741.735391946673
Cck,12751.52001542609,16672.325276906387
Cck,12740.045069615142,16667.462400500222
Cck,12746.307254276737,16675.20937672131
Cck,12753.009637604473,16991.28917879186
Cck,12752.58463451595,17003.715773266922
Cck,12769.357217911807,16992.42363085229
Cck,12774.414453843525,15995.557273427985
Cck,12780.974973560516,15968.997740160745
Cck,12769.317800025892,17079.30067506551
Cck,12789.743349234703,16953.636262055225
Cck,12798.130709536463,16960.701393380805
Cck,12782.797722139896,16965.00261474035
Cck,12802.432615586917,16952.51476591946
Cck,12778.320236668123,16966.68751460434
Cck,12807.313382435703,16581.30580119524
Cck,12796.518940464492,16579.438181270656
Cck,12807.772406057707,16572.901809181272
Cck,12836.387726423578,16611.25891763693
Cck,12831.818514338245,16614.076726252704
Cck,12830.16090087348,16752.707365313734
Cck,12866.41805313314,16557.012295123026
Cck,12848.859878886231,16545.607546140032
Cck,12859.89258685713,16550.412686750722
Cck,12845.90956720358,16630.63432342469
Cck,12836.203978118245,16529.33747637311
Cck,12839.456534340134,16546.62077405291
Cck,12845.08188153745,16858.51818443065
Cck,12844.77566928531,16853.41050559796
Cck,12849.543527838061,16851.731297885788
Cck,12863.526688333897,16667.17625994126
Cck,12850.793481239898,17196.979164266133
Cck,12851.766006812932,17187.118633166738
Cck,12851.391411653512,16593.482322753214
Cck,12863.989526467214,16588.90019304794
Cck,12839.119374308131,16591.58758307096
Cck,12863.846022291502,16590.788590333075
Cck,12865.14648065014,16599.178389960118
Cck,12871.937559853079,16572.591035910526
Cck,12850.968605865875,16576.612702178627
Cck,12854.806494780896,16586.917137969525
Cck,12852.199279537377,16595.743955466423
Cck,12883.23981962936,16607.37139000941
Cck,12861.145897782235,16625.064014539574
Cck,12875.476092702216,16790.347863714433
Cck,12891.470172430574,16778.09789559227
Cck,12868.543918109886,16777.992395249552
Cck,12900.005571227046,16571.29091531119
Cck,12882.932491714157,16549.961047188834
Cck,12885.998634953557,16567.610866179257
Cck,12898.071736484082,16556.16425993071
Cck,12887.33259961061,16561.85615260512
Cck,12896.782116341394,16553.356512420814
Cck,12898.14742528622,17132.518807831435
Cck,12896.696868938227,17157.770474463145
Cck,12926.618055630275,17148.199860140412
Cck,12912.346502396722,16646.745014589207
Cck,12901.346847762272,16629.94414496933
Cck,12937.768907956088,16578.15974216507
Cck,12930.374816632795,16580.878406966236
Cck,12945.69755925806,16568.933454331334
Cck,12929.359372301817,16583.844749316737
Cck,12955.062361052036,16589.625203505835
Cck,12922.609322463692,16578.35297408221
Cck,12937.046108635055,16727.764572871998
Cck,12943.488139579395,16708.82810867641
Cck,12934.490703541856,17114.696219046837
Cck,12940.023432461072,17117.275747067542
Cck,12939.991295918575,16549.642862593577
Cck,12955.088763091433,16539.36283393387
Cck,12950.056855641931,16540.02917833247
Cck,12945.878486423038,16512.935303770704
Cck,12970.542909786573,16533.87977202791
Cck,12939.96774751133,16603.234640619117
Cck,12932.330927095274,16620.024809801398
Cck,12952.294152274202,16654.25861212187
Cck,12946.298543832669,16652.77650027462
Cck,12964.549450275423,16654.390317492533
Cck,12972.930817157268,16451.582568340065
Cck,12985.628800927409,16429.06290056587
Cck,13002.921495468388,16444.6504754269
Cck,12992.455711784723,16422.918553241154
Cck,12984.767678081915,16445.1471365233
Cck,12991.355270702412,16508.666033301844
Cck,12993.186500531632,16590.34308527816
Cck,13017.193975723081,16475.109553967093
Cck,13028.730634262094,16485.257209496966
Cck,13023.210891490426,16478.154691861364
Cck,13024.7297425596,16471.670522857636
Cck,13010.536907564532,16531.909155326677
Cck,13004.127927167774,16523.673536368744
Cck,13026.568831213424,16523.969716301577
Cck,13008.519887575367,16519.760296586068
Cck,12999.437157625707,16517.846393112377
Cck,13018.945385513787,16447.659274526144
Cck,13015.6784833392,16433.56643048438
Cck,13034.322674769232,16593.429155452446
Cck,13018.405724598832,16410.831141522583
Cck,13046.894887880251,16527.388477992412
Cck,13078.929435662414,16483.614685389723
Cck,13076.24888878916,16490.988994660696
Cck,13083.036223715195,16473.04753024635
Cck,13078.400899338543,16367.965692929554
Cck,13053.127897400453,16384.330238048773
Cck,13066.340811287104,16391.71844458843
Cck,13070.16872429137,16382.376301454568
Cck,13060.71994205418,16438.911389590667
Cck,13055.46216058573,16424.753645595076
Cck,13065.706528281506,16431.365070918197
Cck,13070.95618583437,16443.770510301245
Cck,13085.271216860028,16530.833786186664
Cck,13109.640272577339,16569.638368360087
Cck,13093.992722957175,16412.996606734843
Cck,13090.762003188414,16401.71853911425
Cck,13090.577369957064,16404.671417559402
Cck,13104.95950356295,16969.547568599246
Cck,13120.393631564699,16985.41246278839
Cck,13088.809476504455,16969.768588296934
Cck,13098.356291918653,16492.940912767463
Cck,13114.032955777378,16457.78441724297
Cck,13110.65592745465,16462.987553588664
Cck,13106.31563586693,16464.521862866655
Cck,13128.675888393758,16388.682735064638
Cck,13121.664395498225,16379.408049798329
Cck,13142.527174674702,16425.905285478533
Cck,13139.93070431043,16405.44898918581
Cck,13130.145631669155,16408.789143925365
Cck,13126.947106820586,16423.236676764656
Cck,13130.991418071993,16414.234748816485
Cck,13155.72370755915,16421.7351093835
Cck,13156.27863131569,16343.760891405827
Cck,13146.325147925416,16331.442878998454
Cck,13151.817892979896,16337.072052703594
Cck,13161.800312227557,16327.693049195974
Cck,13161.704686815396,16319.107410966075
Cck,13154.072892365828,16359.958149825181
Cck,13174.007570019168,16368.347423668773
Cck,13172.998879650133,16369.974838432114
Cck,13169.973132753626,16376.805739767487
Cck,13161.809495775819,16365.333989313705
Cck,13179.145970472588,16364.308280024918
Cck,13179.538395114734,16380.31443250032
Cck,13179.559305818131,16376.441971359602
Cck,13176.84475326735,16350.552323326974
Cck,13169.605878985953,16375.010376895409
Cck,13181.652867875391,16357.074731513863
Cck,13161.53700430662,16477.238562760536
Cck,13163.26269243702,16405.02907722802
Cck,13149.807710536967,16411.613695835527
Cck,13158.916994811518,16395.520516450226
Cck,13179.815906854037,16545.0881513842
Cck,13181.835056345613,16546.4633549335
Cck,13205.394760217749,16406.278773276703
Cck,13215.521552812295,16474.86049793838
Cck,13239.585228183614,16825.88963849534
Cck,13239.674976766026,16830.05719185305
Cck,13244.07625382547,16815.47644217
Cck,13459.607471545512,16980.97898911
Cck,13448.978360795345,16972.677970375666
Cck,13440.005560940022,16974.667111853818
Cck,13488.43149365353,16974.46346405126
Cck,13471.113085919034,16974.5429632532
Cck,13460.689584195585,16983.168690132992
Cck,13459.883158814862,16985.121664559814
Cck,13463.670243696099,16985.729431228152
Cck,13453.301517892845,16995.310542517
Cck,13465.856582242668,16984.18133535453
Cck,13462.005527997133,16981.84308397874
Cck,13453.87150022853,16970.43763829296
Cck,13435.499224776422,16976.351709830084
Cck,13444.040559415773,16977.959783168033
Cck,13446.44913021445,16969.96688206188
Cck,13453.508840003846,16974.48084618412
Cck,13478.03856238807,16977.66009430116
Cck,13457.391943842389,16979.70492916246
Cdh13,6602.23819834364,14687.774643064551
Cdh13,6605.6106252450245,14686.965354828628
Cdh13,6879.328403215016,14115.635912478978
Cdh13,6924.1713377797805,14366.597134726944
Cdh13,6922.9152303939845,14361.75435195849
Cdh13,7054.05360228046,14113.559252534604
Cdh13,7076.192904170472,13867.309792002183
Cdh13,7758.240438291162,16395.064881692047
Cdh13,8700.161403573626,17652.545669329036
Cdh13,8690.77152099893,17667.855716528615
Cdh13,11396.544172419031,18136.751450316442
Cdh13,11812.434738649745,18098.863978006713
Cdh13,11904.728281821313,17613.018460586976
Cdh13,12633.213723922005,17528.802746439655
Chodl,7025.748051184216,14013.414894266723
Chodl,7118.007436433728,15114.272384775802
Chodl,7213.510515754669,15223.146186666983
Chodl,7507.076869867854,15889.697353022551
Chodl,8856.070109555418,17771.294432414405
Chodl,11482.292640757352,17854.403236795973
Chodl,11543.77850952078,18200.73316383779
Chodl,11824.203704234564,17729.533552063454
Chodl,12000.367226853887,17445.688996996647
Chodl,13374.460405082218,16797.475235775728
Chrm2,7155.362785101535,15179.456172242904
Chrm2,7173.807189707403,14763.1230068435
Chrm2,7814.481768250375,16347.652776387074
Chrm2,9256.58447996605,17398.906945568415
Chrm2,11766.602279354776,17707.456836068806
Chrm2,12782.611089221393,16969.751621664724
Chrm2,12937.171679861203,17536.762877122368
Cnr1,6568.538625249968,14180.525107423973
Cnr1,6842.707100347603,14111.908153793745
Cnr1,6849.587684221778,14251.366156281136
Cnr1,6884.270334003925,14109.796930856231
Cnr1,6909.982278472746,14236.852455397477
Cnr1,6897.634181441485,14239.531638240614
Cnr1,6896.70255088861,14249.830470740348
Cnr1,6900.015377175272,14229.428204268004
Cnr1,6903.561565878778,14230.507020155235
Cnr1,6927.3778186369955,14366.77541899893
Cnr1,6926.708889250037,14388.32718461588
Cnr1,6957.695367069413,14452.311127642877
Cnr1,7038.584503061857,15565.830824113178
Cnr1,7043.471288421711,15578.362057580669
Cnr1,7044.905320804861,15576.316056911402
Cnr1,7021.92767642435,15585.12241973346
Cnr1,7038.20006525288,15591.363390606799
Cnr1,7038.849713198907,15585.543484549622
Cnr1,7041.744672319348,14099.272068535061
Cnr1,7051.5377537857785,14101.14299792691
Cnr1,7068.978142400563,14102.207400833897
Cnr1,7048.251363824216,14119.605291089216
Cnr1,7041.225159013369,14090.487114416026
Cnr1,7056.622288815481,14099.565086786719
Cnr1,7047.186643475525,14103.096625297001
Cnr1,7041.919494470253,14098.367602196891
Cnr1,7056.440180601479,14108.709160235487
Cnr1,7052.057834311188,14124.17607211338
Cnr1,7055.991278182921,14101.365458885139
Cnr1,7055.442594274378,14113.926121703871
Cnr1,7063.912456385736,14114.456100491108
Cnr1,7070.956299721837,14103.200007557469
Cnr1,7058.6612795022575,14091.192276839905
Cnr1,7051.899471371263,14278.127642028006
Cnr1,7081.351986956766,14312.237919712257
Cnr1,7069.8011302265895,14330.177257783427
Cnr1,7086.549294350891,14867.928184602764
Cnr1,7073.059388152455,15002.211644977218
Cnr1,7106.333407270131,14838.420351162955
Cnr1,7096.2552930218535,14841.994802457944
Cnr1,7095.9945375936595,14835.23746484123
Cnr1,7150.451197200746,15170.540912824245
Cnr1,7150.616247746435,15173.615241512813
Cnr1,7158.502893289329,15188.663664970307
Cnr1,7168.261277640614,15189.019606888049
Cnr1,7165.460340927482,15194.934640299478
Cnr1,7168.1453254128655,15182.345470579708
Cnr1,7156.179245475802,15136.394483961454
Cnr1,7175.426183738892,15139.21765634255
Cnr1,7149.677409713215,15140.491156900074
Cnr1,7138.982247557267,15028.35038244682
Cnr1,7143.908740370104,15265.78345395678
Cnr1,7162.453987835722,13772.326877411582
Cnr1,7173.707241406782,16064.072367246014
Cnr1,7196.064686940247,15280.015209014875
Cnr1,7194.6241760183075,13817.125297852863
Cnr1,7197.482540455941,15344.383928878267
Cnr1,7197.0475493791,15348.158609115759
Cnr1,7201.538317140547,15156.079657256858
Cnr1,7286.581997439091,15418.528665010337
Cnr1,7447.156143387982,15329.48398457859
Cnr1,7446.961575312244,15717.93368387902
Cnr1,7533.774924029627,15245.674874396216
Cnr1,7518.941368671008,15229.429990373106
Cnr1,7529.105895592202,15243.225167789025
Cnr1,7518.876165584027,15234.818626470867
Cnr1,7522.330086551992,15227.544291837063
Cnr1,7527.404608449097,15234.377865604587
Cnr1,7519.145654083875,15243.94331138037
Cnr1,7518.438508113974,15248.184973445166
Cnr1,7560.493240100029,16025.451711868129
Cnr1,7571.598374752603,16018.435052879713
Cnr1,7591.5205635017865,14502.320392830765
Cnr1,7590.361515932805,14504.287552150714
Cnr1,7599.796014635341,14498.524452938647
Cnr1,7604.98548115201,14509.89845542471
Cnr1,7589.226265266373,14502.159767315963
Cnr1,7600.4254186853605,14482.694080125499
Cnr1,7584.046919360589,14499.664340341094
Cnr1,7770.847939314665,15222.619856180405
Cnr1,7741.873334518195,15216.543188733453
Cnr1,7754.797002626616,15212.4411333453
Cnr1,7785.320300170599,16219.721762967334
Cnr1,7823.13803217036,16381.299618771534
Cnr1,7831.534729167509,16387.04114091256
Cnr1,8002.496838299917,14853.312625597866
Cnr1,8010.430954868204,14863.201171977189
Cnr1,8004.93255048269,14855.210981532151
Cnr1,8199.821949903828,15843.390302960797
Cnr1,8178.570220175574,15175.545976779793
Cnr1,8221.16704270678,15194.402170554751
Cnr1,8212.665302740133,15356.122520746698
Cnr1,8230.17380739393,15347.047776547042
Cnr1,8220.641690766342,15346.699595541098
Cnr1,8239.475641984713,15331.437703255124
Cnr1,8218.810571821987,15343.439316658552
Cnr1,8229.960925603951,15361.845114390922
Cnr1,8214.020461037997,15344.534599057808
Cnr1,8352.06795049295,17654.162348124366
Cnr1,8384.939669518964,16954.922964620448
Cnr1,8407.153569198656,15169.62504883982
Cnr1,8506.198719483291,16941.303261969308
Cnr1,8575.213510482943,17184.23646408117
Cnr1,8568.933266723254,17175.422790984376
Cnr1,8568.982209954174,17175.033630738773
Cnr1,8565.166337526578,17165.460773014365
Cnr1,8576.213209280222,17174.901706524546
Cnr1,8560.40498114429,17178.332396185193
Cnr1,8599.072661250573,17135.103527822317
Cnr1,8633.190009781896,17182.39744658189
Cnr1,8682.181282479842,16915.66249817286
Cnr1,8674.481710303819,16898.358130996072
Cnr1,8679.296319067003,16893.92465851333
Cnr1,8685.829188762518,16913.291840847618
Cnr1,8673.644726736376,16895.055243404542
Cnr1,8749.69590939761,17417.339118897056
Cnr1,8763.981563247225,17419.97296713817
Cnr1,8764.77926813285,17418.982601894702
Cnr1,8942.717991931699,17194.131994019564
Cnr1,8973.61889204092,15962.529140544288
Cnr1,9000.116997505815,16104.883484806905
Cnr1,9080.996381696295,18046.6463983647
Cnr1,9134.555064417767,17023.32879534185
Cnr1,9158.058193466071,17021.659524641702
Cnr1,9248.687517723643,18105.32178558905
Cnr1,9244.93323459199,18092.980058245474
Cnr1,9421.767222354725,17490.56586763797
Cnr1,9535.41040849696,16742.559818098012
Cnr1,9536.853577487216,16732.340302627188
Cnr1,9531.092491681102,16735.591912399897
Cnr1,9528.582793529264,16746.88810191317
Cnr1,9539.364308188533,16721.0690361017
Cnr1,9530.805632486961,16733.805854888218
Cnr1,9593.650642624141,17646.606966236086
Cnr1,9913.04807016143,17711.469824822114
Cnr1,9972.89773316695,16748.233626902398
Cnr1,9982.348077880999,16750.815117537255
Cnr1,9977.474238006345,16755.623946671538
Cnr1,10117.167717258993,17890.503393653056
Cnr1,10138.534855028862,17741.97975489983
Cnr1,10198.60982223718,16857.629028840678
Cnr1,10192.008671466316,16868.523142987215
Cnr1,10182.908328483956,16849.408372689973
Cnr1,10310.116530930638,16900.4442689693
Cnr1,10383.704979819557,17824.954877556895
Cnr1,10385.798801654799,17829.443521746274
Cnr1,10364.634109904004,17829.176206500586
Cnr1,10403.353396340635,16956.273804921762
Cnr1,10416.069721284088,16969.602272512573
Cnr1,10411.83680236494,16959.75261826743
Cnr1,10425.832923931579,16913.15448455607
Cnr1,10400.832806535676,16919.835203390514
Cnr1,10558.241285857688,17827.07638936769
Cnr1,10676.79499320478,17961.758994802458
Cnr1,11176.183112801149,17795.320570193027
Cnr1,11170.255502774442,17785.81482561711
Cnr1,11209.633208936391,18211.94143638899
Cnr1,11218.99260594721,16936.471319172906
Cnr1,11219.935976689925,16920.23361701259
Cnr1,11260.182315435224,16659.785471250343
Cnr1,11256.767786400622,16651.367045514693
Cnr1,11277.598762057893,17741.74128244369
Cnr1,11281.927149385747,16927.469411662536
Cnr1,11273.303671049685,16935.32781244836
Cnr1,11319.681768306724,17739.12577151462
Cnr1,11340.407973494224,16894.393701480494
Cnr1,11335.123123088344,16899.356129778665
Cnr1,11334.754097903382,16898.86420363263
Cnr1,11332.540434869701,16896.79077396135
Cnr1,11318.238563449555,16910.566019574188
Cnr1,11632.48692511124,17805.080766241488
Cnr1,11629.254654293049,16656.295999186932
Cnr1,11642.267018974659,17753.530493020375
Cnr1,11746.645039315034,17601.07624539884
Cnr1,11773.636297565667,17599.214419713982
Cnr1,11879.581947561099,17632.797165848242
Cnr1,11891.43630427026,17489.656184942764
Cnr1,12138.522760535116,17423.849973237313
Cnr1,12186.083676178143,17834.460674827995
Cnr1,12180.361478202849,17816.123231234673
Cnr1,12182.573606710996,17823.89060849938
Cnr1,12188.380920933278,17837.53231664458
Cnr1,12182.226148537613,17826.225678447903
Cnr1,12279.177315747545,16407.339153175155
Cnr1,12338.776304577694,16373.431611278602
Cnr1,12327.406443573955,16357.472934142448
Cnr1,12348.540281685533,16359.636913469527
Cnr1,12500.720560671196,16931.662119880788
Cnr1,12736.403927196032,16015.747195372154
Cnr1,12727.049089687614,16017.314834774961
Cnr1,12731.580626620133,16010.26223337519
Cnr1,12782.597389726607,16000.275705238364
Cnr1,12774.33754960571,15978.805861458697
Cnr1,12760.907956896006,15999.298893748663
Cnr1,12782.951536296388,15981.329454522205
Cnr1,12775.58842609588,16632.021987659933
Cnr1,12780.633182905694,16651.57402667249
Cnr1,12859.120049175688,16585.639261732107
Cnr1,12862.175017024852,16590.18403433856
Cnr1,12845.803768069909,16593.877010929384
Cnr1,12910.470240240009,17162.521793093423
Cnr1,13135.806806322616,16960.38478381682
Cnr1,13440.83952620846,16981.43440629119
Cnr1,13460.98145614146,16998.22316941252
Col25a1,6582.423475860198,14151.594548831861
Col25a1,6558.716710108453,14133.335489896499
Col25a1,6661.957706533001,13785.709735758597
Col25a1,6677.097014074537,13775.61478086766
Col25a1,7008.453229196144,15645.516505498048
Col25a1,7052.500027714705,14085.024469915339
Col25a1,7058.582783030681,14238.024102093985
Col25a1,7081.6382078823135,14238.798293896565
Col25a1,7060.623329974628,14248.9211027502
Col25a1,7077.723724964905,14242.207936861134
Col25a1,7167.243257833498,15184.995581293386
Col25a1,7177.953038951904,15393.890091569723
Col25a1,7164.3120305169505,15407.343101106988
Col25a1,7189.994261485735,15375.408617313766
Col25a1,7182.404493917696,16147.37763219112
Col25a1,7366.0460868486425,14249.047819936031
Col25a1,7510.934600903905,15234.20432675386
Col25a1,7507.828702521514,15239.901342619281
Col25a1,7610.285017244674,15954.665025394715
Col25a1,7640.710447534087,15968.296815550415
Col25a1,8392.498701828687,15346.067237334146
Col25a1,8380.467762981485,15330.093749064254
Col25a1,8549.309363057726,17224.96216181351
Col25a1,8559.702241043746,17219.992667124676
Col25a1,8695.65708609229,17648.202210551313
Col25a1,8721.744520579548,17644.109320019652
Col25a1,8822.024946682355,17753.416523232536
Col25a1,8826.938632702859,17745.13659979964
Col25a1,9013.029751478975,16079.358061396775
Col25a1,9022.865095421788,17314.046496525247
Col25a1,9304.05129365838,17744.34506400285
Col25a1,9539.233518934188,17516.459275984158
Col25a1,9575.885985820827,17649.138007299636
Col25a1,9744.089719164633,17535.264132499127
Col25a1,9862.532495559852,17832.08918277161
Col25a1,10412.427480064918,16953.435823767206
Col25a1,10415.053115589999,16954.22549706085
Col25a1,10440.940763412262,16956.350587792436
Col25a1,10528.026446658017,17845.995308637946
Col25a1,10700.089548289954,17919.917699889542
Col25a1,10704.891654031497,17905.81819119266
Col25a1,11348.588545663088,16908.260516878636
Col25a1,11339.124608385468,16896.03339392709
Col25a1,11376.358118650422,17713.02698542279
Col25a1,11354.043543894752,17707.56146335487
Col25a1,11364.6983750353,17711.502187576454
Col25a1,12663.533421045238,16835.449384455595
Col25a1,12745.697668165185,16002.171581037604
Col25a1,12745.10115901969,16004.534741725003
Col25a1,12744.271940287026,17312.324971074755
Col25a1,13189.288732959834,16474.115369833216
Col25a1,13292.53097501527,16791.487240736602
Cort,6932.471707880878,14184.622671393363
Cort,6950.443649455917,14041.954375898495
Cort,7067.179440649227,14101.41740020071
Cort,7082.844787964912,13984.72960279744
Cort,7133.000050743072,14648.402142064633
Cort,8235.744869443399,16595.9617343417
Cort,10157.240686004247,18215.866529356223
Cort,10770.986594989681,17841.12430793697
Cort,11424.686487029581,17830.455129979207
Cort,11514.00210428279,17730.559352453645
Cort,11667.530129323457,17650.512067290205
Cort,11667.805950545795,17636.213141973923
Cort,12595.378266792903,17586.19463044706
Cort,12752.5046797864,16748.638496688178
Cort,12909.673409920531,16445.185065537196
Cox6a2,6807.739236727328,14116.955754690329
Cox6a2,6793.374089421506,14118.91664617167
Cox6a2,7028.661193164136,14447.042811641832
Cox6a2,7018.8552202634255,14637.243726464078
Cox6a2,7093.923188506819,14140.551058558078
Cox6a2,7300.348588053901,15547.318631422819
Cox6a2,7582.023013574639,16077.915746224828
Cox6a2,7603.0077865115645,16068.404500720535
Cox6a2,8300.644976736678,16830.879377876077
Cox6a2,9506.93982343989,17556.412564255752
Cox6a2,11355.26681372307,17867.601917599266
Cox6a2,11975.96570209655,18156.27707119179
Cplx2,6845.146535187083,14242.855517517859
Cplx2,6849.319604670914,14233.09757175362
Cplx2,6839.03679858928,14216.054646789595
Cplx2,6848.875398084144,14232.364696321414
Cplx2,6872.186866260982,14480.738296184198
Cplx2,6875.09048233911,14465.531089655009
Cplx2,6871.779429374306,14309.616654996571
Cplx2,6871.877895556399,14316.086207366494
Cplx2,6873.450417908873,14308.740184266615
Cplx2,6866.0927175026345,14315.744466351043
Cplx2,6890.923362214845,14627.547475062209
Cplx2,6887.545083497137,14629.0414386162
Cplx2,6889.31062502289,14635.5987408824
Cplx2,6882.171027822223,14418.318275482075
Cplx2,6883.042774011107,14415.072634044831
Cplx2,6874.905972946647,13974.623037603773
Cplx2,6874.078568942694,14004.009793337726
Cplx2,6871.573853493688,13978.378106111315
Cplx2,6895.473214079162,14728.601769776533
Cplx2,6893.049454701281,14110.6037673562
Cplx2,6892.422923730753,14117.477518976882
Cplx2,6876.041658941768,14115.418345618895
Cplx2,6894.586545749226,13751.26483625709
Cplx2,6896.115324403393,14244.627566598649
Cplx2,6893.548664511789,14297.978137266691
Cplx2,6894.3046891812455,14305.419682464055
Cplx2,6880.913852054521,14317.996735005388
Cplx2,6906.703342324051,14569.057340010613
Cplx2,6896.616909454957,14567.540879627677
Cplx2,6882.974526536597,14569.559334365804
Cplx2,6887.646399486348,14564.80442249576
Cplx2,6893.256670652471,14581.265868847204
Cplx2,6884.497641175888,14578.667479853635
Cplx2,6920.286557776609,13949.18844484878
Cplx2,6913.0890840115335,13953.01809451388
Cplx2,6923.909399163627,14627.512973201037
Cplx2,6935.534904715692,14178.122111976825
Cplx2,6936.666793760172,14173.289773622188
Cplx2,6940.199518193928,14449.420625749715
Cplx2,6941.158343444276,14446.725053340644
Cplx2,6936.956795425544,14243.366002516768
Cplx2,6924.510164405534,14246.508756508396
Cplx2,6946.934998105274,14479.556950390952
Cplx2,6944.495786652588,14493.839639340207
Cplx2,6933.83228823125,13680.247322563077
Cplx2,6958.288661534044,13688.467325117175
Cplx2,6939.193157000838,14158.29038112095
Cplx2,6938.139113153083,14143.820480291097
Cplx2,6944.9448655905335,14156.919789026613
Cplx2,6944.048694764924,14249.405752283808
Cplx2,6953.393874672891,14235.981335057895
Cplx2,6936.103909352014,14223.424862204354
Cplx2,6951.826444075358,13772.82226213035
Cplx2,6952.598718784416,13780.579343793168
Cplx2,6957.943922404939,15482.739543099011
Cplx2,6959.393819459853,15478.172246895581
Cplx2,6976.813510631276,15479.158665337536
Cplx2,6971.6365314735995,15471.949509553744
Cplx2,6954.286211390491,15470.608318360995
Cplx2,6946.0191631495145,15467.4256245713
Cplx2,6942.297160206107,15475.331971467931
Cplx2,6959.801906784966,15465.954839426493
Cplx2,6956.016457728102,15480.518418199192
Cplx2,6961.917873301258,15475.419955023506
Cplx2,6965.155503167465,15475.27120275706
Cplx2,6971.804987622409,15463.377737630966
Cplx2,6966.4689804276695,13996.550544955191
Cplx2,6942.928044915514,13982.365274639396
Cplx2,6956.423106605607,13992.587708721918
Cplx2,6949.738615870804,14527.691148741209
Cplx2,6973.768440668885,14548.731565475067
Cplx2,6959.030975498126,14556.350981372349
Cplx2,6977.350110078422,14289.215375354213
Cplx2,6975.870237222246,14322.758524109078
Cplx2,6965.17690647311,14311.626183628103
Cplx2,6981.986986501152,14300.872120814214
Cplx2,6976.486815544628,14319.755705981166
Cplx2,6977.188037210012,13742.375788067468
Cplx2,6973.044600492528,13746.479689639758
Cplx2,6971.144251697196,13765.758319227612
Cplx2,6957.256735386309,14130.530496608366
Cplx2,6975.121026096476,14112.366730488253
Cplx2,6963.7229150007615,14124.881278198927
Cplx2,6948.109858381418,14130.535056617386
Cplx2,6972.0962149997085,14112.43939499046
Cplx2,6959.04888959071,14098.555360682063
Cplx2,6963.733685838197,13903.315601468299
Cplx2,6973.162591434923,14104.57485839689
Cplx2,6977.270715455561,14270.849456064952
Cplx2,6969.3778907093565,14423.87840646556
Cplx2,6968.573875950008,14444.112336217979
Cplx2,6966.520271138526,14426.909493876794
Cplx2,6970.250258342258,14843.077948318813
Cplx2,6987.439818222051,14869.80461829791
Cplx2,6973.425172343506,14832.730664339806
Cplx2,6973.63943247053,15907.326282164395
Cplx2,6982.378920266752,15896.848277099747
Cplx2,7002.351668933082,15886.766865002723
Cplx2,6973.151563878121,14830.350096780494
Cplx2,6995.414976562115,14958.23811562022
Cplx2,7001.142665844667,14965.648634659869
Cplx2,6992.42842123239,14964.466545348576
Cplx2,6981.067123494325,14976.90508820623
Cplx2,6995.427973118454,14963.952337809695
Cplx2,7000.01647665555,14966.813679835008
Cplx2,6978.684238843911,14962.535010273306
Cplx2,6986.8940880906985,13887.273663476926
Cplx2,6976.663634821576,13876.898734189708
Cplx2,6985.6070384079785,13879.326376883573
Cplx2,6995.29589969604,13682.926634907228
Cplx2,6990.389364707833,13671.556438548261
Cplx2,6994.928891359433,13677.890475886816
Cplx2,6972.605274627488,13689.055381734644
Cplx2,6989.789865478579,13686.371417054517
Cplx2,6976.237004676584,13662.351507425758
Cplx2,6989.962525451983,13692.80101935678
Cplx2,6975.719978678387,13687.75778858056
Cplx2,6992.461985633408,14227.620378019043
Cplx2,6982.081807962583,13907.193353496463
Cplx2,7009.140931405911,14194.505423322704
Cplx2,7000.803843907381,14440.162789586624
Cplx2,6982.804108455467,14431.133516043266
Cplx2,6986.084315444195,14433.19795785712
Cplx2,7000.497588324317,14193.04617904577
Cplx2,6987.884814321308,14376.875819602104
Cplx2,6996.039283647878,14371.241566513863
Cplx2,7010.289205594811,14004.821144720894
Cplx2,7028.979182204881,15011.188608629536
Cplx2,6989.763833749723,14531.292771497085
Cplx2,7012.733232102049,14545.08695066839
Cplx2,7019.911380734481,14525.496614561505
Cplx2,7015.353214387127,14536.848707335343
Cplx2,7005.775894262252,14541.030349288285
Cplx2,7017.110659750519,14559.553263770486
Cplx2,7025.897278042974,14429.765146043239
Cplx2,7018.8423610599475,14441.803113679265
Cplx2,7023.663613460844,14420.110743285224
Cplx2,7028.18615816253,14058.085743340078
Cplx2,7031.331764696318,14641.06552178334
Cplx2,7028.936189901327,14623.380983810957
Cplx2,7027.316019411825,14628.283980529875
Cplx2,7037.189246611944,14642.44834107555
Cplx2,7018.564780579745,14636.116665042971
Cplx2,7029.237745686251,14647.224975448222
Cplx2,7043.25140434001,14623.94058814836
Cplx2,7039.458196157915,14648.498725032883
Cplx2,7026.602902706476,14894.34316885083
Cplx2,7011.868860486033,14908.070831566503
Cplx2,7023.9472583249635,14084.936579910918
Cplx2,7044.180358909114,14088.275375940177
Cplx2,7035.559814050437,14085.379956238354
Cplx2,7033.388106867032,14750.39245777188
Cplx2,7028.3673607299215,14737.39142929631
Cplx2,7028.489570764847,14735.274522946187
Cplx2,7025.299883593089,14762.883039928742
Cplx2,7007.9194993094015,13992.5455782526
Cplx2,7025.597708626256,13998.313598906521
Cplx2,7023.368455002028,14260.738606837207
Cplx2,7042.283394313997,14268.597032070573
Cplx2,7032.243714155603,14353.027297849187
Cplx2,7042.12597713962,14365.489541294024
Cplx2,7060.238354393866,14829.34503706417
Cplx2,7062.093529119025,14825.362955676106
Cplx2,7059.970546704193,14822.350264753231
Cplx2,7062.2485235182285,14895.708558773138
Cplx2,7054.725435272,14113.919453391596
Cplx2,7047.476544215673,14116.129957568342
Cplx2,7055.547175024531,14111.04937769147
Cplx2,7044.350638575684,14115.448992110389
Cplx2,7058.523488789498,14120.288417959011
Cplx2,7056.535756055874,14106.309851990009
Cplx2,7038.526748325725,14190.576162740892
Cplx2,7044.780533861404,13740.737969108024
Cplx2,7069.666749929134,13734.35252997092
Cplx2,7056.205530895401,13738.813849116033
Cplx2,7039.339701856145,14277.038076080424
Cplx2,7029.917652026131,14285.049475121345
Cplx2,7049.41787673531,14276.879258921588
Cplx2,7061.57502453095,13927.253650837743
Cplx2,7066.718007865221,13903.398307708238
Cplx2,7059.043554832545,13916.777991220231
Cplx2,7049.757777781926,15136.558687908224
Cplx2,7050.792496848984,14924.866646002409
Cplx2,7063.516603006338,13764.875100177469
Cplx2,7074.7105143572035,13772.860174085983
Cplx2,7085.205670498797,13786.386431206316
Cplx2,7052.740416457774,14496.741407449055
Cplx2,7048.127087394291,14463.089880410424
Cplx2,7073.264517703546,14485.827988831785
Cplx2,7070.550743289293,14555.441320781942
Cplx2,7074.4718430284365,14550.936939505244
Cplx2,7061.071031681573,14405.074967114195
Cplx2,7077.960895214731,13975.92198893322
Cplx2,7080.249897313866,13971.082191295132
Cplx2,7074.303338066142,13965.218385968137
Cplx2,7078.267932286417,13904.442233877102
Cplx2,7062.834170365608,13883.565157357982
Cplx2,7075.657496365481,13905.611218390934
Cplx2,7060.21319618954,13945.893317961249
Cplx2,7055.178568299482,13937.858426928611
Cplx2,7100.492376052193,14123.660976691484
Cplx2,7097.1469038221185,14138.313632908448
Cplx2,7082.582819060595,14133.957970104868
Cplx2,7069.13028207368,14365.175818544822
Cplx2,7072.285965770801,15007.812480659793
Cplx2,7079.8446193556165,16018.604174521015
Cplx2,7077.121334902264,14627.937613096121
Cplx2,7108.912618433248,14641.569917967103
Cplx2,7095.206581784905,14621.986403390898
Cplx2,7092.694278272849,14639.50681205457
Cplx2,7092.508621954119,14631.563640245382
Cplx2,7116.751049851002,14631.492505151431
Cplx2,7093.225026492353,14649.709634221403
Cplx2,7085.457918285018,14648.45520643342
Cplx2,7092.087497973595,14645.577177536128
Cplx2,7095.931930932328,14626.436679116301
Cplx2,7093.402505725168,14631.960182009752
Cplx2,7116.543779004581,14179.184256842995
Cplx2,7087.867397074553,14170.896067035488
Cplx2,7097.859372287011,14177.52578857434
Cplx2,7096.7398125435375,14186.361490806792
Cplx2,7100.127543661629,13811.729603974105
Cplx2,7103.923403256522,13818.460933429615
Cplx2,7087.473040383562,13787.1982764343
Cplx2,7118.088889827098,14899.918316525682
Cplx2,7116.142536189331,13779.15263542267
Cplx2,7097.470868927802,13778.193208986731
Cplx2,7095.808540987014,13780.188043655451
Cplx2,7142.263833401071,14987.047731943023
Cplx2,7112.107479819306,15031.62472377663
Cplx2,7107.685085747821,15038.458994867033
Cplx2,7126.154263265577,15031.791385483215
Cplx2,7110.144457886276,15037.569882412296
Cplx2,7137.091974302095,13848.066936214755
Cplx2,7128.361713448628,13872.873743792365
Cplx2,7147.697700786888,13859.876294665532
Cplx2,7132.043957675028,15064.151500975815
Cplx2,7131.6235656748,15068.0536903226
Cplx2,7138.344651563986,15076.344169612996
Cplx2,7116.898676886538,15744.203864699655
Cplx2,7119.282828609849,14844.566506067373
Cplx2,7143.531539475271,14838.747424223071
Cplx2,7141.1267188432475,14856.32096347686
Cplx2,7131.361599956884,14825.223835311777
Cplx2,7117.048552504943,14665.645129781127
Cplx2,7140.695951053,14686.269815054597
Cplx2,7116.679389742858,14679.595557619896
Cplx2,7132.836220628684,13972.68763329301
Cplx2,7148.399975314037,14896.867699953742
Cplx2,7176.0393421738845,15167.488352657825
Cplx2,7158.717771813621,15181.593344113036
Cplx2,7157.2292203529205,15179.942858345106
Cplx2,7165.671867153687,15177.76824003687
Cplx2,7162.992422683255,14717.067090608092
Cplx2,7171.1821354404765,14734.944552582157
Cplx2,7159.3713233240205,14726.305532158263
Cplx2,7155.085168377604,14718.970555807227
Cplx2,7159.074103616237,14724.756560009377
Cplx2,7155.165192181252,14722.96534254212
Cplx2,7154.077703346324,15255.585734557437
Cplx2,7166.392655986609,15250.962515127349
Cplx2,7166.600231249983,15242.440994528042
Cplx2,7157.406353737587,15262.374924975406
Cplx2,7168.8100376805205,15251.796979439421
Cplx2,7138.231653215396,13827.431811318445
Cplx2,7150.3148444583685,13824.390422298611
Cplx2,7155.429755042499,13824.232543532104
Cplx2,7158.433191951502,14887.635822281862
Cplx2,7161.925146857818,15358.906595034563
Cplx2,7151.009811032982,15358.951935098788
Cplx2,7165.141257533028,15379.743681940761
Cplx2,7185.27564948916,14953.883308700935
Cplx2,7168.062585309555,14766.388193134988
Cplx2,7172.837698490355,14760.699113815106
Cplx2,7184.616271707121,14770.843391704859
Cplx2,7175.691661078487,16121.724260704723
Cplx2,7194.969903424667,16127.276832409369
Cplx2,7198.956423884179,16135.898759596406
Cplx2,7195.943267372073,14945.204280453541
Cplx2,7169.660015402468,14960.70846045237
Cplx2,7178.000638636054,16075.427812749804
Cplx2,7195.128509525443,16088.702112401857
Cplx2,7189.085846228307,14507.61090412196
Cplx2,7199.192602761965,14164.956835231233
Cplx2,7207.947615363474,14140.041168915519
Cplx2,7206.53825825822,15156.236448769372
Cplx2,7211.014371050535,15152.918923460735
Cplx2,7218.738745800053,15194.949963406958
Cplx2,7228.084816404501,14834.743952679484
Cplx2,7213.831489236169,14841.078894578035
Cplx2,7210.4432873932265,15413.266441422671
Cplx2,7221.520842038672,15424.389697992561
Cplx2,7229.614832836601,15405.07879701805
Cplx2,7243.348914077227,15430.615332103527
Cplx2,7214.62705632715,15416.438544938586
Cplx2,7223.521156359094,15408.606889927343
Cplx2,7212.461234601398,15410.148827472969
Cplx2,7218.900673809259,14905.53363436786
Cplx2,7216.526651613274,14893.551447988577
Cplx2,7229.521246905971,15017.924897852652
Cplx2,7223.2469539286885,15061.012340350733
Cplx2,7224.615893548204,15084.568523731961
Cplx2,7226.9416933093025,14578.78640413017
Cplx2,7234.3913771111065,14993.865446311625
Cplx2,7232.2703537724865,14972.85925578518
Cplx2,7238.416622876026,14901.95946622413
Cplx2,7258.5417499761625,14909.243155177188
Cplx2,7256.056667639778,15132.5581545949
Cplx2,7246.607874495573,15111.52932501555
Cplx2,7268.865002740622,15115.06608407624
Cplx2,7253.166015016098,15042.285074783356
Cplx2,7254.006460993138,15344.904378510182
Cplx2,7259.07720501244,15176.437823857514
Cplx2,7263.20612624296,15172.317220951918
Cplx2,7243.925089384532,15162.801008263203
Cplx2,7250.651380160533,15155.305173620241
Cplx2,7262.669556667113,15170.120151916117
Cplx2,7272.183200340528,15162.149615799688
Cplx2,7259.697800223435,15177.309849554862
Cplx2,7259.313115192693,15155.0179956925
Cplx2,7270.168511721472,15252.511423155416
Cplx2,7279.876987746298,15237.35667376026
Cplx2,7286.245020789702,15224.333668170742
Cplx2,7275.598176223791,13919.66879746292
Cplx2,7288.530459706932,15057.632484671105
Cplx2,7280.990783038968,15422.082746350714
Cplx2,7282.592114852811,15404.101271914114
Cplx2,7275.684490186417,15197.451356440246
Cplx2,7280.445481757803,15188.034969729193
Cplx2,7297.308255010814,15197.169168007871
Cplx2,7284.448690331667,15214.64512729749
Cplx2,7290.194807981053,15187.615841913284
Cplx2,7278.843387874686,15187.768750222362
Cplx2,7312.161480992122,15498.572818780216
Cplx2,7312.538927097956,15500.099681985532
Cplx2,7306.2487311207815,15499.937914788696
Cplx2,7282.626248799565,15482.245497515232
Cplx2,7316.386440599054,15547.314832154838
Cplx2,7294.263623174074,15273.794139344542
Cplx2,7310.560874230733,15259.610413318851
Cplx2,7304.490698486341,15259.798908461367
Cplx2,7307.565001470832,15275.327239427044
Cplx2,7325.843119310364,15426.445573644132
Cplx2,7338.899288653496,15321.987100810496
Cplx2,7330.605693664974,15456.695386494212
Cplx2,7318.664223999884,15466.395627081412
Cplx2,7315.004840610135,15452.906238145873
Cplx2,7320.381983787671,15648.834434470265
Cplx2,7321.299476407836,15429.734944472777
Cplx2,7353.426458203815,15565.30496972817
Cplx2,7355.696717200126,15570.463101343126
Cplx2,7346.3772686277025,15553.646343526903
Cplx2,7357.152774797849,15571.2515033715
Cplx2,7346.616986894884,15568.137570485611
Cplx2,7363.361407947236,15284.07434238711
Cplx2,7345.335791476242,15291.794878713934
Cplx2,7341.610616035988,15606.51326108449
Cplx2,7351.191887126481,15605.919968246633
Cplx2,7356.936693745502,15603.122732702963
Cplx2,7348.293776188194,16294.109720851298
Cplx2,7354.42325934013,16315.875007249173
Cplx2,7366.9204372520635,16307.54613565839
Cplx2,7362.524609913232,16288.738403739433
Cplx2,7363.621218953008,15452.837273382624
Cplx2,7368.391809242128,15312.515397927855
Cplx2,7357.918972735552,15330.48891415552
Cplx2,7367.1192109214935,15506.750587870883
Cplx2,7381.177018165081,15493.100575310777
Cplx2,7370.467653919118,15502.485001620264
Cplx2,7380.135996206864,15361.008552103796
Cplx2,7377.399447236198,15654.074563898457
Cplx2,7397.704780642873,15570.068766573326
Cplx2,7395.295773798542,15683.662444440397
Cplx2,7399.801467010542,15479.847495069922
Cplx2,7438.204283671346,15619.02951920934
Cplx2,7442.612193665962,15814.92399574993
Cplx2,7457.964228809548,15703.83408375027
Cplx2,7456.5451113793615,15853.701395488393
Cplx2,7484.092332303473,15845.866264247328
Cplx2,7449.6195173396745,15558.63547150772
Cplx2,7458.45846183378,15576.379509326815
Cplx2,7469.647594686498,15583.425392741936
Cplx2,7457.435958254115,15633.216081235352
Cplx2,7473.719521357086,15616.848696467088
Cplx2,7461.44004465983,15610.508784167323
Cplx2,7506.437541727586,15908.75482314703
Cplx2,7488.372548132917,15894.307134943645
Cplx2,7486.381717702485,15896.129044810039
Cplx2,7469.989481359374,15672.670993324176
Cplx2,7494.068459432739,15807.001783329302
Cplx2,7486.281459437753,15792.38863513932
Cplx2,7488.9385502920295,15742.064273344246
Cplx2,7522.604823964836,15959.775823386746
Cplx2,7542.906105481483,15949.576211984919
Cplx2,7499.927918691836,15835.21440519167
Cplx2,7522.110136385437,15832.14809362062
Cplx2,7502.426036741598,15881.068134017705
Cplx2,7498.907173618157,15869.460874408494
Cplx2,7522.087310014544,15230.081262890983
Cplx2,7519.277982201947,15242.794720946948
Cplx2,7516.070226814562,15232.962324443495
Cplx2,7511.884515404678,15221.846445449548
Cplx2,7532.0292880721245,15239.233602975482
Cplx2,7521.066138809554,15432.278835811643
Cplx2,7527.1404045431555,15444.506530426053
Cplx2,7540.7447496581735,15901.838207286977
Cplx2,7530.669004026641,15891.639204205365
Cplx2,7536.080176269262,15895.107390989853
Cplx2,7528.301095353405,16021.440777037014
Cplx2,7535.740993249945,16017.919955915966
Cplx2,7552.7565344878185,15966.418337251615
Cplx2,7534.126695127579,16055.558012853335
Cplx2,7543.905329415506,15803.946956312397
Cplx2,7554.96566802336,15804.090925709319
Cplx2,7562.771577858315,15729.277297849078
Cplx2,7593.080230974831,14507.340473641956
Cplx2,7599.069413813793,14494.509460200154
Cplx2,7603.504812224725,14505.773805644641
Cplx2,7593.9181465686725,14489.585142318674
Cplx2,7594.173972276246,14514.286845226066
Cplx2,7601.748703734205,14503.891721710903
Cplx2,7587.202136305938,15045.20323209082
Cplx2,7603.709147462967,15615.953330031234
Cplx2,7605.938326092505,15623.955733054574
Cplx2,7610.859230217541,15633.217717277044
Cplx2,7609.784365716579,15865.913939944596
Cplx2,7615.589233769035,15897.207837396307
Cplx2,7616.601138575003,15899.83774899368
Cplx2,7610.935990070954,15901.872788092867
Cplx2,7631.944556286701,15926.380231264306
Cplx2,7601.354864229341,15922.827900472568
Cplx2,7599.200331728915,16117.525486500333
Cplx2,7613.1846333711455,16109.325166961828
Cplx2,7621.16956764106,16013.062293984267
Cplx2,7639.906318127609,16016.879522443318
Cplx2,7646.471263052708,16006.520007868463
Cplx2,7649.949938692449,15885.20372377406
Cplx2,7651.054322199423,16129.1147286051
Cplx2,7674.649147690909,16030.713738909966
Cplx2,7676.312941178116,16105.418238014185
Cplx2,7706.243355575835,16012.030693063089
Cplx2,7727.850021275594,16216.606973876556
Cplx2,7729.531472989322,16224.214497692497
Cplx2,7742.292903727861,16106.200325445852
Cplx2,7738.067418982108,16052.643094943644
Cplx2,7750.210836788028,16237.693770950495
Cplx2,7750.6167044042,15210.259423196843
Cplx2,7761.708675454892,15221.31118126383
Cplx2,7773.474852525808,15205.159397554962
Cplx2,7767.904872996531,16114.22147281363
Cplx2,7781.4414736340295,16200.952330569793
Cplx2,7774.218857862093,16210.029717329504
Cplx2,7799.715814255936,16136.77632079061
Cplx2,7771.362326181787,16132.758933243533
Cplx2,7808.041589741663,16133.36327545656
Cplx2,7811.51706269273,16174.848719616319
Cplx2,7788.193491813032,16175.304017673705
Cplx2,7802.95562114496,16170.959436703113
Cplx2,7835.408482217263,16380.35713651896
Cplx2,7821.570761086265,16384.9080733912
Cplx2,7824.805269865901,16391.223139892834
Cplx2,7805.523020004468,16345.798842987522
Cplx2,7810.078765135467,16337.456516377042
Cplx2,7835.686806781185,16198.925339442465
Cplx2,7844.605295051949,16206.75109467679
Cplx2,7835.960635649432,16313.668754121878
Cplx2,7861.199599384555,16328.29565441245
Cplx2,7861.705845091959,16359.385983866388
Cplx2,7881.729411008614,16453.80591150368
Cplx2,7871.373424536005,16521.410284171998
Cplx2,7907.382509065733,16340.355011734378
Cplx2,7901.946914741866,16349.27913557066
Cplx2,7902.4793720168345,16345.152816257132
Cplx2,7881.619582113877,16360.012280293773
Cplx2,7913.2068182218045,16494.389001417403
Cplx2,7955.027988732689,16496.103109717893
Cplx2,7965.3292442490165,16503.183174809026
Cplx2,7958.645942097517,16515.74854182685
Cplx2,7960.284383051345,16513.052768534068
Cplx2,7945.193460661776,16339.622637702141
Cplx2,7948.042379240325,16363.964416952762
Cplx2,7962.9009103725375,16359.499753137155
Cplx2,7993.662319493163,16408.99146999692
Cplx2,7977.715047043987,16403.999199667775
Cplx2,7964.26965206583,16405.558733032965
Cplx2,7984.921032496198,16909.034831110406
Cplx2,7984.470871408716,16513.52057891397
Cplx2,7994.473224905152,16476.73239864641
Cplx2,7994.174159625183,16483.2851707881
Cplx2,8005.525532335072,16384.832631958787
Cplx2,8004.526657156842,16373.10875361547
Cplx2,8012.120176981549,14852.851446087752
Cplx2,8005.159975795002,14849.460185069685
Cplx2,8023.816877977059,14845.163812792052
Cplx2,8013.356182432805,14848.22623759051
Cplx2,8016.150236918077,14849.437424051248
Cplx2,8031.352938615601,16569.513292512976
Cplx2,8048.955443133749,16555.107266520336
Cplx2,8029.97400457705,16564.207273251253
Cplx2,8050.818611040167,16551.30982412977
Cplx2,8048.7930904547175,16589.74105487442
Cplx2,8046.503938545181,16582.16937274152
Cplx2,8052.689522885691,16516.553445697835
Cplx2,8043.2069562872475,16446.540136056952
Cplx2,8049.313444868421,16459.00726509358
Cplx2,8053.811595758299,16462.948527530098
Cplx2,8052.225537518074,16654.848153792842
Cplx2,8053.3943320409535,16668.228913092502
Cplx2,8066.958315125427,16677.23905368469
Cplx2,8056.701598083153,16666.51084111975
Cplx2,8056.970329341826,16666.862322494133
Cplx2,8060.043567403594,15062.19103686701
Cplx2,8070.039616705603,15068.948132109295
Cplx2,8068.9921611434165,15057.614344446542
Cplx2,8095.787731915332,16533.69324061492
Cplx2,8123.923034051986,16577.01275049148
Cplx2,8121.158758421519,16579.77873167003
Cplx2,8112.483541029901,16591.462669927187
Cplx2,8128.903227113611,16568.33872104225
Cplx2,8119.930646468486,16574.989110917104
Cplx2,8144.565125602215,16540.41243111516
Cplx2,8157.379962547896,16714.06065402477
Cplx2,8192.662964089364,16804.289683769468
Cplx2,8193.744488772232,16797.494780610632
Cplx2,8193.201890916516,16799.91414224091
Cplx2,8179.059016721648,16796.206889993355
Cplx2,8189.480571792883,16799.03681065664
Cplx2,8176.839043975524,16776.027610797548
Cplx2,8197.836974117803,16751.182983263236
Cplx2,8197.072235770916,16745.630292034002
Cplx2,8210.331394425073,16725.68777076932
Cplx2,8216.43173513966,16710.3643348801
Cplx2,8208.70862116076,15342.370630758556
Cplx2,8234.656446571373,15337.206308472692
Cplx2,8223.933954620268,15341.652371101985
Cplx2,8215.71188803643,15330.491259543935
Cplx2,8230.346225493375,15356.822389366282
Cplx2,8213.798888556705,15345.439371437638
Cplx2,8227.410168007114,15355.08943124812
Cplx2,8231.432276661764,16868.063772080106
Cplx2,8233.723790902459,16855.00397919791
Cplx2,8237.579730219397,16860.74377254203
Cplx2,8267.08652497732,16733.942263655466
Cplx2,8275.09290254932,16746.67401537038
Cplx2,8290.287442493564,16743.015263188638
Cplx2,8275.553698434509,16861.936760554196
Cplx2,8286.598038700013,16671.65544075166
Cplx2,8268.550795748768,16673.23845392709
Cplx2,8338.917994227799,16760.63447193618
Cplx2,8375.278180301651,16777.09888332628
Cplx2,8395.027762514374,16963.76686919701
Cplx2,8383.086308448292,16957.274719711415
Cplx2,8406.767543999027,15168.317997127078
Cplx2,8385.99481407452,15167.926572976628
Cplx2,8400.300286363408,15180.20563610727
Cplx2,8402.936500947468,16873.019230598824
Cplx2,8404.413142436937,16883.756929832136
Cplx2,8402.215983017926,16886.998677431584
Cplx2,8400.680903175138,16880.731061173236
Cplx2,8427.21627177499,16912.039903982706
Cplx2,8431.789598714311,16893.690966020786
Cplx2,8417.931047679338,16910.363023105772
Cplx2,8426.464151421646,17007.41023421153
Cplx2,8455.562016318174,16913.237903954945
Cplx2,8451.162433688838,16921.09504857592
Cplx2,8453.11046649457,16990.681040079882
Cplx2,8481.765620988068,17038.041213066135
Cplx2,8472.684826774142,17009.422404929534
Cplx2,8466.984728284278,16918.023763831057
Cplx2,8505.570258704365,16927.46251274956
Cplx2,8576.230860897189,16996.52639007762
Cplx2,8560.016473911786,17083.50773178698
Cplx2,8579.770374121346,17163.500180036204
Cplx2,8583.443258144454,17173.92462217114
Cplx2,8630.14435302455,17183.380280701873
Cplx2,8626.375160199885,17195.64131252619
Cplx2,8635.68597625205,17097.19839507999
Cplx2,8648.023283319691,17067.976460547976
Cplx2,8684.112230522183,17044.163093345913
Cplx2,8671.041796472731,15484.004525771175
Cplx2,8669.172375048634,15494.281200042835
Cplx2,8679.804129541664,16904.025480980505
Cplx2,8681.296438126254,16902.810438715303
Cplx2,8676.219985236683,16900.539412788345
Cplx2,8691.562554152695,16902.117775945
Cplx2,8676.597403016489,16900.3768736892
Cplx2,8656.895503361771,16901.647062287404
Cplx2,8661.759975268014,16911.443601121995
Cplx2,8702.379752520657,17694.423618743167
Cplx2,8696.38021886459,17710.595142004637
Cplx2,8676.03915503901,16993.833245725513
Cplx2,8692.316987703647,17639.22211183225
Cplx2,8691.706775174614,17661.929693672504
Cplx2,8721.189090087295,17006.98966728334
Cplx2,8706.160193392217,17217.156676983766
Cplx2,8702.644379376228,17212.410225186188
Cplx2,8720.525628461874,17258.14064821609
Cplx2,8737.648665292183,17230.308935938916
Cplx2,8722.12376838554,17235.31198048371
Cplx2,8759.532534940206,17210.633930804106
Cplx2,8763.652005907286,17192.39826188116
Cplx2,8762.237583916285,17159.588909013346
Cplx2,8792.433590279898,17147.665402059367
Cplx2,8801.577967032328,17137.297949537508
Cplx2,8796.83624214549,17136.649725751544
Cplx2,8807.750190272482,17187.12940672681
Cplx2,8825.743287550506,17193.144434621612
Cplx2,8848.063660794587,17202.106650845686
Cplx2,8827.022495198402,17182.4705676981
Cplx2,8843.411002318064,17200.55821028038
Cplx2,8855.275868236346,17775.433751972214
Cplx2,8853.163473949442,17219.36443955911
Cplx2,8868.53298348738,17237.876487840273
Cplx2,8883.629646012536,17189.462217005446
Cplx2,8895.037607955373,17204.852161772003
Cplx2,8884.621801280437,17204.353693528228
Cplx2,8873.499916917792,16436.381458170148
Cplx2,8909.28591522188,17159.850237245606
Cplx2,8914.633869991007,17298.62217786019
Cplx2,8909.04729651855,17291.956164389438
Cplx2,8916.300667665066,17291.043749244436
Cplx2,8915.574547710916,17290.358660061007
Cplx2,8897.9732414517,17327.984569045828
Cplx2,8912.178657620294,17355.58279924503
Cplx2,8908.8300344695,17241.799093068985
Cplx2,8900.950571181818,17219.48567250148
Cplx2,8925.183779727056,17268.067303146043
Cplx2,8960.87663040431,17990.246104258345
Cplx2,8961.889112783016,17998.594884052844
Cplx2,8963.011373798847,17386.353939447614
Cplx2,8943.594532944082,17370.041106341032
Cplx2,8962.651706676867,17373.575471559467
Cplx2,8995.761607400427,17336.470340487307
Cplx2,8998.516975815119,17361.700504509477
Cplx2,9010.873604917946,17348.02280719924
Cplx2,8986.94385882816,17347.949929425715
Cplx2,8980.874752352078,17290.758949748706
Cplx2,8978.25400607915,17278.98191256606
Cplx2,8980.70986125156,17285.643796259716
Cplx2,8986.594675118631,17281.12419345246
Cplx2,8991.436830018218,17389.014574515855
Cplx2,9001.847835839284,17380.8264104146
Cplx2,9000.308438146574,17440.40558942909
Cplx2,9022.879304980714,17386.38358235232
Cplx2,9027.044602051556,17281.10278452506
Cplx2,9028.30411388821,17269.090795697273
Cplx2,9022.869127877815,17306.431193236916
Cplx2,9036.201307319918,17306.480338324018
Cplx2,9026.028771125293,17313.588863950576
Cplx2,9026.819065527976,17317.451200725463
Cplx2,9033.458175546373,17285.62209614684
Cplx2,9054.780504425602,17399.032276685964
Cplx2,9055.447925381099,17392.402568182453
Cplx2,9087.945305093644,17424.40400982996
Cplx2,9058.844632600367,17429.984712504225
Cplx2,9080.288358924094,17292.185977023684
Cplx2,9090.383994550075,17286.0894291289
Cplx2,9081.278858179987,17346.623897557278
Cplx2,9080.20932766962,17353.133909802207
Cplx2,9072.72569608054,17342.61325098116
Cplx2,9103.910111155801,16166.726091721479
Cplx2,9117.085622691548,17384.69323036808
Cplx2,9108.934951396855,17372.12793364876
Cplx2,9109.705803035487,17297.225693462846
Cplx2,9150.230529803464,17393.33948597353
Cplx2,9144.261101037448,17397.21067579029
Cplx2,9196.222908867201,17558.257900138706
Cplx2,9171.212448001525,17580.37073709787
Cplx2,9209.395464162251,17333.323973498
Cplx2,9213.814530114043,17422.097262587537
Cplx2,9205.833903096254,17434.213604402798
Cplx2,9228.431757949485,17400.495331932816
Cplx2,9235.723502231975,17391.935612055102
Cplx2,9253.226114268065,17556.530935345003
Cplx2,9239.198939746062,17402.62200308518
Cplx2,9291.8404028938,17762.862875689912
Cplx2,9317.290194797282,17206.356761608786
Cplx2,9291.843371254161,17201.79623520485
Cplx2,9317.628990816005,17212.560771925848
Cplx2,9302.260826613077,17424.594586350002
Cplx2,9314.26044325046,17410.416341770673
Cplx2,9333.342464602862,17432.19780104503
Cplx2,9343.728542225406,17444.0791488244
Cplx2,9335.543313778886,17429.975477203152
Cplx2,9347.464866143117,17439.71663392121
Cplx2,9328.604144021128,17439.25414666488
Cplx2,9337.923377442776,17438.691415511024
Cplx2,9342.352930262132,17477.12273388772
Cplx2,9358.4284759598,17488.492735637854
Cplx2,9352.80482347765,17395.869008740225
Cplx2,9407.298890299957,17527.964955101856
Cplx2,9415.192124884139,17531.9567274062
Cplx2,9408.565927835198,17437.71044683005
Cplx2,9411.975634268481,17437.436372161137
Cplx2,9411.142000041209,17444.054300668773
Cplx2,9440.788020080638,17584.322806702046
Cplx2,9446.132253611539,17446.746498741537
Cplx2,9457.507215073001,17467.617127380796
Cplx2,9457.317323562096,17462.021350340445
Cplx2,9452.713118116599,16438.58378666273
Cplx2,9466.393090607939,16431.656124713758
Cplx2,9476.164941022387,17491.23202912053
Cplx2,9486.866287412246,17495.24052408728
Cplx2,9476.030152669755,17499.890593960572
Cplx2,9503.992163613038,17455.851165907818
Cplx2,9478.125885736285,17455.20000830646
Cplx2,9499.139651989613,17441.81697489287
Cplx2,9498.24738310608,17503.801801885988
Cplx2,9499.943356916068,17519.555283908427
Cplx2,9478.819772847794,17524.796871058938
Cplx2,9505.329222746495,15964.345578268209
Cplx2,9523.417208254261,16737.645526929064
Cplx2,9539.323566713723,16743.828371582942
Cplx2,9527.993981581096,16734.190359964156
Cplx2,9530.982230272028,16736.114238191538
Cplx2,9519.193540454022,16732.17449169236
Cplx2,9535.203117573194,16734.160377273172
Cplx2,9518.541522145564,17558.91547066718
Cplx2,9545.716821158025,17562.8699235853
Cplx2,9541.94563933526,17574.31664859679
Cplx2,9553.14452758801,17480.952394094566
Cplx2,9545.405008932237,17486.263351171674
Cplx2,9557.203398902813,17477.256403038184
Cplx2,9573.677486908391,17623.54237637392
Cplx2,9590.160305252482,17619.274361758347
Cplx2,9590.262934650224,17626.301247792708
Cplx2,9579.657153130609,17607.56895180133
Cplx2,9582.827605160159,17627.27106821706
Cplx2,9580.81966467373,17634.85709783441
Cplx2,9602.221749098602,17580.786004050886
Cplx2,9587.029881773524,17575.114079952586
Cplx2,9589.143269638724,17556.98478246438
Cplx2,9586.562250545925,17550.941180332884
Cplx2,9596.282649383687,17540.25734467393
Cplx2,9592.142436965483,17556.498502745697
Cplx2,9591.099838360169,17568.496647389813
Cplx2,9574.327394874254,17951.516389537363
Cplx2,9608.63862372815,17682.32436417737
Cplx2,9619.80667942295,17689.518440716052
Cplx2,9612.206549276469,17696.71177456683
Cplx2,9617.31526486673,17706.860230070404
Cplx2,9660.684356583306,17557.561364945454
Cplx2,9648.906593107677,17534.95333633122
Cplx2,9651.285649118166,17550.704823521468
Cplx2,9691.134639045318,17693.98946824981
Cplx2,9670.28403128607,17685.031693099747
Cplx2,9677.463826737228,17687.12636316398
Cplx2,9677.644792371995,17590.325705110405
Cplx2,9684.117034168221,17599.382639176012
Cplx2,9689.643070192946,17594.093891291486
Cplx2,9708.72483829014,17579.42620647897
Cplx2,9712.813185294366,17591.754077070484
Cplx2,9741.445305518555,16156.112942530863
Cplx2,9724.316432670641,16129.574265141586
Cplx2,9726.103018539994,17640.22793466278
Cplx2,9723.77129531195,16652.65007708386
Cplx2,9732.232341093038,16636.352519088156
Cplx2,9735.82993908098,16642.597515342277
Cplx2,9727.359557966758,16632.76516612106
Cplx2,9735.832910468538,17574.232145616254
Cplx2,9726.9353137678,17571.461746437588
Cplx2,9739.265235265595,17568.040081167717
Cplx2,9753.454117137264,17577.537172707576
Cplx2,9767.521379036345,17615.55270627767
Cplx2,9762.29723334859,17730.884566835794
Cplx2,9744.31579299731,17697.18045969321
Cplx2,9763.017202137256,17585.0889602486
Cplx2,9764.631117440633,17623.793386250494
Cplx2,9778.791014343882,17588.445129451517
Cplx2,9802.46465249956,17661.92193650887
Cplx2,9819.570723263927,17664.53788573299
Cplx2,9830.032274079902,18065.358243988216
Cplx2,9829.163229938578,18078.071444367335
Cplx2,9830.077147581926,18071.926791464284
Cplx2,9825.932513806525,17766.120340261616
Cplx2,9825.453107508973,17777.91163617784
Cplx2,9849.805012919818,17746.587636591285
Cplx2,9869.421337367145,17708.118976031747
Cplx2,9886.036675269203,17760.950017034756
Cplx2,9902.592570842551,17753.578476100065
Cplx2,9910.068579612293,17724.369741624378
Cplx2,9902.104395989118,17707.9305601043
Cplx2,9922.641533805783,17734.390225052113
Cplx2,9952.177790107564,17664.333448133402
Cplx2,9951.09770878337,17668.711495894448
Cplx2,9980.93018800547,16760.607321514683
Cplx2,9976.336500789293,17684.677643470375
Cplx2,9990.610907003262,17673.26801227872
Cplx2,9976.849142216024,17675.339682193688
Cplx2,9977.79927468855,17821.6694467664
Cplx2,9971.118518731084,17815.286715910308
Cplx2,9974.75497534764,17810.514049841862
Cplx2,9970.115245594765,17809.76896753175
Cplx2,10027.604896632369,17855.671898701523
Cplx2,10062.776883253315,17683.139250475633
Cplx2,10046.128037543254,17704.054813671573
Cplx2,10041.869697565331,17685.580140644146
Cplx2,10055.387928025408,17773.027041250934
Cplx2,10104.148191987668,17696.11279024244
Cplx2,10114.540231165738,17690.825590514414
Cplx2,10097.196831620357,17696.500503513405
Cplx2,10095.281208756012,17689.521839979883
Cplx2,10086.868770955374,17682.801824541126
Cplx2,10130.292865484995,17847.38006783845
Cplx2,10115.383369595425,17887.000355668948
Cplx2,10116.847651510776,17880.87394398286
Cplx2,10159.582802956736,17941.474576639128
Cplx2,10163.928302099313,17875.79977206435
Cplx2,10196.590330375975,17900.931065548782
Cplx2,10208.540899950627,16855.36544024893
Cplx2,10183.4784428808,16848.341623616245
Cplx2,10191.404056147834,17797.630135013507
Cplx2,10189.463621626965,17803.80618294988
Cplx2,10187.321609492608,16860.658835004684
Cplx2,10203.479408071624,16834.591675561944
Cplx2,10207.90785348624,16864.626866831048
Cplx2,10233.176581731983,17723.906528212356
Cplx2,10262.432248355317,17779.81550798739
Cplx2,10266.309830986582,17790.692691655713
Cplx2,10258.65455850463,17755.364805905312
Cplx2,10274.290465626067,17807.019582605357
Cplx2,10279.123715518826,17886.714751314856
Cplx2,10298.050074520328,17817.41265431564
Cplx2,10310.249970717317,17891.399620885804
Cplx2,10325.72089559718,17896.136445529803
Cplx2,10331.15997988221,17786.296075938375
Cplx2,10345.853474600975,17885.184521368665
Cplx2,10357.899122378492,17903.490617429557
Cplx2,10358.398661353856,17889.10174825573
Cplx2,10361.190596106446,17805.25076943612
Cplx2,10386.726942681331,17827.423224126684
Cplx2,10402.059412880779,17826.866523419183
Cplx2,10400.025690815211,16516.431162292116
Cplx2,10418.755367364403,16948.143443064157
Cplx2,10426.254260963706,16959.36501231914
Cplx2,10416.923331084445,16957.903634528422
Cplx2,10400.840211986853,16945.649466086576
Cplx2,10413.371776598184,16958.296232205525
Cplx2,10398.735535835593,16946.605849715685
Cplx2,10407.086184595584,16931.75252159275
Cplx2,10402.228639987308,16919.328374778233
Cplx2,10424.202523286373,16928.184468403302
Cplx2,10413.839998239742,16921.55417694898
Cplx2,10427.260051680709,16910.827652139058
Cplx2,10412.792501699643,16915.181208103942
Cplx2,10426.510446409638,17832.75977077698
Cplx2,10422.429194692504,17798.13215070131
Cplx2,10470.431569667797,17858.18924752378
Cplx2,10460.443952126256,17856.44104038977
Cplx2,10470.751868215755,17840.67595893591
Cplx2,10461.135978036416,16927.64634350085
Cplx2,10472.49677519601,16920.778650904263
Cplx2,10461.16455483623,16922.656815811875
Cplx2,10451.3585680498,17909.735169014748
Cplx2,10461.564982756085,17931.17452512915
Cplx2,10485.632333144744,17823.87651590652
Cplx2,10490.3882548167,17826.533443975557
Cplx2,10478.356230178442,17072.28094424681
Cplx2,10503.23903188447,17880.59642782272
Cplx2,10548.22478750836,17812.474756482174
Cplx2,10581.235178175233,17953.361178959432
Cplx2,10581.224905263009,17941.717989710032
Cplx2,10580.342179330279,17948.500428509036
Cplx2,10603.570212722638,17937.182478636834
Cplx2,10602.336711476533,17912.754098430116
Cplx2,10608.130188426392,17876.229146048012
Cplx2,10601.837424052514,17872.12813945859
Cplx2,10619.415894420983,17890.651267324854
Cplx2,10640.520742737855,17832.643547337386
Cplx2,10625.507922811368,17821.967111346086
Cplx2,10659.35762842106,17924.345762553938
Cplx2,10689.050351087686,17824.939541863292
Cplx2,10680.058304769573,17828.112899114243
Cplx2,10683.302681593274,17827.078993926265
Cplx2,10659.726584912929,18034.64163410481
Cplx2,10704.495750484586,17934.530002317006
Cplx2,10730.764931206062,17917.760287482593
Cplx2,10734.84039247043,17922.019859109107
Cplx2,10733.687600519303,17925.675612542113
Cplx2,10768.63223418487,17834.60826654147
Cplx2,10800.22731346658,17888.010281558778
Cplx2,10799.037233967236,17880.985418210206
Cplx2,10787.326158723667,17887.014508973632
Cplx2,10792.998523841716,18002.401582008082
Cplx2,10778.963506974598,17990.318444968074
Cplx2,10806.235785345425,18002.632157328437
Cplx2,10811.828533079606,17965.67979152387
Cplx2,10805.331712504489,17964.196174571956
Cplx2,10786.941426698377,17966.400547348065
Cplx2,10837.666782709524,17838.189725117416
Cplx2,10838.638013698448,17838.598083280376
Cplx2,10845.687921044537,17844.485076489487
Cplx2,10857.300900303513,18224.516746891917
Cplx2,10854.91476524581,18236.667861677775
Cplx2,10825.01007179954,18223.219143059134
Cplx2,10876.949244884881,17864.174335027492
Cplx2,10885.93570831455,17895.514184728054
Cplx2,10887.206381188424,17917.52402697235
Cplx2,10888.778461226659,17834.682644835902
Cplx2,10930.228935085162,17873.621279573676
Cplx2,10927.842031065336,17900.717633440487
Cplx2,10905.259582485354,17879.758531889715
Cplx2,10943.010478146334,17897.928074303545
Cplx2,10950.438537352931,17901.19570218438
Cplx2,10978.422648373951,17877.76698417345
Cplx2,10974.957194069388,17885.335228140964
Cplx2,11002.95196442059,17993.52120293997
Cplx2,11022.778247582259,17987.4057542027
Cplx2,11032.579295068517,17843.810029964883
Cplx2,11008.057369196229,17847.720111190614
Cplx2,11035.974431028448,17954.09086226344
Cplx2,11029.112608350819,17953.107898725586
Cplx2,11025.751970352012,17925.52164807476
Cplx2,11060.141668801369,17852.79231905456
Cplx2,11137.663651947156,17875.302564306858
Cplx2,11155.011905011941,17904.423239745272
Cplx2,11167.948651135957,17895.207589906346
Cplx2,11158.310958736061,17874.83243192448
Cplx2,11191.599972839316,17883.96596644708
Cplx2,11226.134168416813,17869.596220485164
Cplx2,11234.89734977446,17784.04591795232
Cplx2,11227.848930350601,17783.813954107572
Cplx2,11216.88744087267,17781.71016472457
Cplx2,11256.24608305301,17796.56305801258
Cplx2,11260.488056671556,17780.47446483008
Cplx2,11241.311882923268,17783.99726909726
Cplx2,11280.543258759064,17763.3552746142
Cplx2,11274.433353330382,17797.05516306577
Cplx2,11279.831869112615,17897.3553524031
Cplx2,11298.546652740104,17930.071372514103
Cplx2,11298.62000830353,17928.317524282622
Cplx2,11290.402649467367,17935.98979270271
Cplx2,11298.913031908674,17756.581211406316
Cplx2,11335.05654250458,17749.992658924086
Cplx2,11321.967663258678,17760.75965432793
Cplx2,11297.620396803324,17850.69567430833
Cplx2,11312.803890315687,17844.89215117225
Cplx2,11341.157431352538,16910.094409723388
Cplx2,11334.143005388472,16909.778208597556
Cplx2,11334.47984148184,16898.04609373088
Cplx2,11348.418757959023,18031.85986862646
Cplx2,11361.348138236071,18026.160373485003
Cplx2,11357.973508878498,18045.334638686425
Cplx2,11351.758310802588,17770.085908317164
Cplx2,11381.322676141699,17726.114364333054
Cplx2,11452.95779958521,17824.933923027445
Cplx2,11454.662466417909,17830.841741738863
Cplx2,11447.465881690921,17831.259092063392
Cplx2,11488.461271004158,17954.51226890557
Cplx2,11466.758612371463,17756.895799536003
Cplx2,11474.551144538213,17760.182990458878
Cplx2,11519.16079354476,18071.860771048385
Cplx2,11586.707536285725,17706.411530322315
Cplx2,11608.478145319945,17661.765918977453
Cplx2,11607.390895515966,17623.890095955278
Cplx2,11601.698954822212,17635.702732687
Cplx2,11609.512190479816,17625.478108265776
Cplx2,11604.180640646153,17607.52963110181
Cplx2,11612.043014749663,17808.326298446915
Cplx2,11606.175012466618,17819.345287930806
Cplx2,11607.747850888156,17805.469367291327
Cplx2,11660.85053021041,17648.450674396143
Cplx2,11652.151792985458,17648.15035617315
Cplx2,11654.074100749227,17646.90525485179
Cplx2,11662.762508001608,17743.660484810058
Cplx2,11678.21521832796,17657.13867418489
Cplx2,11728.04186084178,17672.587350686106
Cplx2,11749.311160810896,17591.183715235657
Cplx2,11773.622476654267,17683.755429447687
Cplx2,11828.496820816168,18080.953852944996
Cplx2,11802.6412250833,18083.75379545945
Cplx2,11816.994293725267,18086.909231295922
Cplx2,11819.234965829926,18098.19117343038
Cplx2,11813.03637544701,18087.65678092767
Cplx2,11818.145344834717,18072.72286128925
Cplx2,11814.861554300662,18083.156414441804
Cplx2,11827.313111759442,17733.959049988134
Cplx2,11837.741243501441,17732.38439894968
Cplx2,11820.087265851818,17727.54655770168
Cplx2,11829.690382689701,17609.729705647165
Cplx2,11841.568016740788,17564.24011385774
Cplx2,11840.792545952512,17565.962854839832
Cplx2,11831.203087708413,17576.061447955195
Cplx2,11849.568928828974,17675.81346381573
Cplx2,11855.641837042609,17657.42444018265
Cplx2,11836.87878253746,17635.94963063031
Cplx2,11888.415437461386,17534.935112172185
Cplx2,11904.779673291625,17528.14635686862
Cplx2,11888.595010849798,17555.05494371228
Cplx2,11911.488159417626,17538.11668614536
Cplx2,11901.308166164436,17588.113809943294
Cplx2,11889.212648195433,17591.616622425878
Cplx2,11896.463797787614,17602.05430435687
Cplx2,11907.689956004731,17605.5425335768
Cplx2,11930.04896911898,17626.133737007855
Cplx2,11946.140877495149,18001.555685818556
Cplx2,11963.386499767714,17574.59493229607
Cplx2,11963.54432567539,17563.787417964773
Cplx2,11983.221450368173,16369.880467301324
Cplx2,11991.89581299229,17482.97341001879
Cplx2,11985.975955577827,17494.17820441197
Cplx2,11985.758041847435,17286.08538719864
Cplx2,12002.059417983526,17567.617407330705
Cplx2,12019.209841455975,17587.830216773586
Cplx2,12004.473954665282,17442.807470428073
Cplx2,11991.200310821223,17433.96311528578
Cplx2,11987.697567454434,17445.38646690623
Cplx2,12013.735765462761,17518.528982987038
Cplx2,12003.13563394014,17505.84078475217
Cplx2,12043.510106631004,17506.01526870503
Cplx2,12043.190347669743,17510.936208982133
Cplx2,12057.413394019246,17524.195812227597
Cplx2,12095.706097018552,17555.029218304797
Cplx2,12079.238233339192,17447.71952908148
Cplx2,12082.437393994229,17451.96714710738
Cplx2,12115.128195770236,17380.29948069731
Cplx2,12107.743525422551,17391.693665246607
Cplx2,12113.700721813864,17375.632230348132
Cplx2,12105.48283996731,17380.301384088463
Cplx2,12117.536564957069,17422.361459601067
Cplx2,12124.382941233924,17418.032250021108
Cplx2,12123.264909185908,17426.02122057645
Cplx2,12101.504647388185,17605.613450372937
Cplx2,12130.37815188301,17515.780749882215
Cplx2,12147.9201978429,17435.513688018273
Cplx2,12153.65367205846,17433.932542264876
Cplx2,12183.08309939904,17824.581464602754
Cplx2,12178.019703134254,17829.01392769377
Cplx2,12165.558979100353,17824.126372257037
Cplx2,12177.95748554085,17848.052362678307
Cplx2,12179.995251927006,17380.84063955536
Cplx2,12185.911385811462,17389.78779732099
Cplx2,12178.077123335945,17372.72593842203
Cplx2,12208.266574960397,17316.018891871685
Cplx2,12220.368270952127,17323.240066087095
Cplx2,12186.584872961226,17657.945567462084
Cplx2,12197.816885153668,17651.093921658656
Cplx2,12191.902270086086,17646.774503224486
Cplx2,12193.137671855146,17646.675384397367
Cplx2,12178.78437904761,17658.979180871138
Cplx2,12189.63169247622,17629.278795428072
Cplx2,12206.240400116398,17646.54788298583
Cplx2,12189.648661510711,17652.123309586143
Cplx2,12199.116251789324,17646.034615530116
Cplx2,12214.506892064706,17374.42673852412
Cplx2,12217.309938239572,17415.761123959834
Cplx2,12226.077646394844,17418.324349015784
Cplx2,12224.859719121338,17288.819004554265
Cplx2,12230.533887962563,17281.34862603876
Cplx2,12232.463839120603,17264.454556934437
Cplx2,12248.659278288507,16965.923982927517
Cplx2,12256.545492510302,17288.443830970227
Cplx2,12275.765834934047,17296.201800762108
Cplx2,12265.364415429702,17277.696526576583
Cplx2,12260.237899014746,16550.885990592204
Cplx2,12277.79997203717,16554.734877291972
Cplx2,12269.6843773554,17158.426096758994
Cplx2,12263.695682748383,17256.578646726022
Cplx2,12275.887648786273,17256.475040166777
Cplx2,12275.173661571947,16427.598364653135
Cplx2,12295.54899486886,16404.354375601477
Cplx2,12279.170304168128,16401.877583717334
Cplx2,12290.663001723782,16418.923784086743
Cplx2,12282.425351268705,17212.36397853007
Cplx2,12308.536629314653,17292.006532891843
Cplx2,12300.88746230946,17715.026304649753
Cplx2,12302.694424435509,17731.539077742633
Cplx2,12312.02293200335,17732.277916803712
Cplx2,12295.149572191447,17473.045293199124
Cplx2,12305.661051616575,17141.009869065685
Cplx2,12323.511397556465,17280.340923149543
Cplx2,12331.653358636815,17276.00740848171
Cplx2,12333.164274545985,17195.136950246833
Cplx2,12333.644761836098,17213.270827643573
Cplx2,12336.590281661242,17188.228591891664
Cplx2,12315.46575356097,17201.91067922322
Cplx2,12346.71286777396,17202.163825683278
Cplx2,12329.082254709127,17197.852762241626
Cplx2,12322.075581666792,16349.49397659828
Cplx2,12327.132070914384,16356.148816752982
Cplx2,12338.594242032565,16371.998022860898
Cplx2,12323.395069036344,17434.42846879143
Cplx2,12372.126526806403,17285.64663010138
Cplx2,12379.50456531995,17317.45749604661
Cplx2,12378.010907518545,17348.574087272762
Cplx2,12385.93710423407,17326.409429440686
Cplx2,12356.305998032058,17202.897844017178
Cplx2,12390.098045004124,17145.168087061596
Cplx2,12391.418308047532,17168.434499002058
Cplx2,12390.95056403941,17069.510596496606
Cplx2,12409.890346119468,17083.135138554597
Cplx2,12407.393795437856,16988.02716118666
Cplx2,12421.150403877671,17265.250280396685
Cplx2,12408.92009321623,17261.521759397776
Cplx2,12421.39821402361,17398.83983792516
Cplx2,12454.092606338036,17208.85670543724
Cplx2,12412.640547464103,17109.451346378326
Cplx2,12484.951088868376,17143.768780912844
Cplx2,12485.043438000741,17145.177153980545
Cplx2,12495.226505606732,17146.57342154018
Cplx2,12542.688106998068,17169.70799340027
Cplx2,12523.251565069575,17160.730115876573
Cplx2,12533.057385843684,17180.375154364152
Cplx2,12533.674934757748,17170.914908016453
Cplx2,12587.516005221132,17078.84722363519
Cplx2,12550.171068205687,17079.10934840542
Cplx2,12573.55897905194,17079.85527897564
Cplx2,12553.628055025103,16909.56239143339
Cplx2,12560.672665594311,16917.021335136335
Cplx2,12565.851372893754,16919.209629341214
Cplx2,12599.892936727885,17007.942492459144
Cplx2,12600.53598992638,17060.239762721645
Cplx2,12610.711816110408,17041.45482152914
Cplx2,12627.836580826512,16848.745097299427
Cplx2,12659.649962275364,17039.659671535075
Cplx2,12641.099968133442,17535.061119625003
Cplx2,12621.30285330324,16811.237432216207
Cplx2,12633.695573312814,17135.022010343604
Cplx2,12641.473500338278,17487.479001663014
Cplx2,12643.38556316073,17493.539326752943
Cplx2,12645.23941117961,17481.5037018247
Cplx2,12654.487921352114,16995.358842168564
Cplx2,12667.510476537467,17033.053692433048
Cplx2,12661.404217506271,17044.09564717897
Cplx2,12654.254451689018,17029.84357797598
Cplx2,12658.57750630263,17049.565095759517
Cplx2,12668.480094617753,16772.579308267017
Cplx2,12689.956457597133,16788.678401128258
Cplx2,12654.525246502059,16787.452327918072
Cplx2,12666.984780194369,16797.500409194934
Cplx2,12677.889429257864,16976.682592723726
Cplx2,12676.584005187879,16975.652385129633
Cplx2,12684.360234554333,16974.122700199478
Cplx2,12666.844631879132,17114.42314573796
Cplx2,12672.492791980341,17105.107689159013
Cplx2,12679.287724446258,16694.09872312947
Cplx2,12680.480109762631,16706.41299598804
Cplx2,12701.648643256549,16018.22569928568
Cplx2,12688.30437717785,16747.370043419003
Cplx2,12700.849719379397,16690.594186033184
Cplx2,12715.824805598628,17047.345751119283
Cplx2,12711.579653068904,17069.583158421825
Cplx2,12717.73099015022,17075.09262676168
Cplx2,12735.839507327302,16021.858794237021
Cplx2,12752.35144882077,16653.80625584876
Cplx2,12765.814502312518,16719.852021995546
Cplx2,12775.57747141191,16693.85467869536
Cplx2,12784.643345587503,16000.430685494466
Cplx2,12789.563541182459,15978.805054707787
Cplx2,12757.796945680026,15989.562192996696
Cplx2,12771.23012675566,15983.025813259525
Cplx2,12765.406773812343,15978.690366008623
Cplx2,12829.186861337004,16760.56617163952
Cplx2,12826.485297642854,16742.68482403166
Cplx2,12858.044155182495,16555.033235842988
Cplx2,12849.856290513188,16642.982599967443
Cplx2,12833.280724052041,16646.577929846717
Cplx2,12861.630167914967,17189.51576612333
Cplx2,12857.256088260465,17202.33382778329
Cplx2,12894.471695805694,16771.66311843209
Cplx2,12898.0028752655,16557.838623122163
Cplx2,12888.989677392748,16560.875529879744
Cplx2,12920.53237004555,17150.49901786749
Cplx2,12955.183181278751,17151.613363328896
Cplx2,12966.024208231127,17145.51350290187
Cplx2,12971.655211087449,16483.162199467075
Cplx2,12945.40696049792,17068.84588816262
Cplx2,13002.963381157791,16446.75263439678
Cplx2,12979.012023418194,16439.053065154287
Cplx2,12994.317509381899,16522.504416178574
Cplx2,12981.920091442378,16522.144407758722
Cplx2,13008.414177012242,16590.037355688004
Cplx2,13026.908531504854,16489.56623152334
Cplx2,13014.661197500309,16480.575401622544
Cplx2,13029.288034966965,16470.109030736392
Cplx2,13051.680769475908,16978.106384075247
Cplx2,13063.087232893757,16982.759883960116
Cplx2,13056.821834627204,16978.75579331261
Cplx2,13073.8599913426,16462.079750047997
Cplx2,13068.86170801219,16474.25767205969
Cplx2,13064.149942599623,16464.02607228364
Cplx2,13075.204995242371,16495.210042407747
Cplx2,13064.494761625054,16388.55550192326
Cplx2,13071.098938937645,16390.885774354578
Cplx2,13084.538076339419,16542.72430397269
Cplx2,13082.021915913445,16535.58177276321
Cplx2,13096.07381815232,16529.451826751778
Cplx2,13111.728595675251,16970.79932674068
Cplx2,13123.075261014841,16933.705316672473
Cplx2,13136.80965705133,16428.998398249692
Cplx2,13135.66171560681,16423.795560390932
Cplx2,13137.754520585919,16429.291177279614
Cplx2,13134.682309918744,16572.72878803249
Cplx2,13153.888568674754,16889.781966927974
Cplx2,13166.562364666745,16902.272760267497
Cplx2,13172.047722788695,16475.21324338082
Cplx2,13180.511103998808,16483.27112329724
Cplx2,13180.916410147966,16482.75430762505
Cplx2,13184.767595425037,16452.476139449267
Cplx2,13159.57909484021,16470.397416624226
Cplx2,13170.66322056218,16472.901074025198
Cplx2,13208.153331809612,16425.79260367864
Cplx2,13178.055255706076,16436.50292212285
Cplx2,13193.034059163267,16430.758440362042
Cplx2,13206.15539583582,16855.48033534432
Cplx2,13224.63340864343,16864.559676742538
Cplx2,13233.82147308102,17338.33246775372
Cplx2,13448.684768439314,16971.96095293348
Cplx2,13465.665316192739,16967.310728999306
Cplx2,13457.34735143255,16969.05642533862
Cplx2,13464.550350848232,16977.47974859483
Cplx2,13434.667230126333,16975.265864788224
Cplx2,13460.418011807242,16984.090572271423
Cpne5,6621.28477394016,14703.028237319286
Cpne5,6952.911892671134,14040.659296336182
Cpne5,6952.706397316557,14879.44925351512
Cpne5,6985.630653235071,14476.370772087539
Cpne5,6971.801882591496,14739.927304387496
Cpne5,7150.2812249143335,14819.549459509311
Cpne5,8424.61732770439,16884.47776762132
Cpne5,8774.520951673163,17045.304963246253
Cpne5,9593.45134112771,17611.232810804086
Cpne5,9593.496516735888,17571.437027196876
Cpne5,9583.625261859379,17361.79158530111
Cpne5,9925.05274575384,16384.899300869103
Cpne5,11034.434670608596,17917.889880759023
Cpne5,11390.677251890382,17722.577379192793
Cpne5,11733.261981759468,17648.435319187105
Cpne5,12571.666556151627,17507.385640497698
Cpne5,12975.65786353322,16491.233286577044
Crh,6967.613256035587,14407.909410467855
Crh,7055.360926636211,14057.126836349362
Crh,7090.491650888776,14428.606346826295
Crh,7539.749868640994,15871.758877016753
Crh,7760.627115404702,15210.258330953951
Crh,7886.49795141901,16514.796980873994
Crh,8442.963732695389,16842.214386811276
Crh,8758.43122088547,17409.966048177743
Crh,9376.683396989112,17387.391921898117
Crhbp,6578.76028197789,14778.855250870532
Crhbp,6626.457632974501,14413.203037916543
Crhbp,6640.090769000049,14421.064003288524
Crhbp,6633.327630513996,14406.125601519687
Crhbp,7013.623267449903,15636.087276186152
Crhbp,7019.677074973866,15650.794710521403
Crhbp,6994.838899114516,15640.722714931004
Crhbp,7017.159066632346,14306.656248822199
Crhbp,7116.169578601956,15738.627008825071
Crhbp,7528.509584964659,15433.944291873482
Crhbp,7936.260806828641,16340.676764039144
Crhbp,8004.143950730514,14852.786557098616
Crhbp,8075.516666105625,16431.10671939993
Crhbp,8590.347558440886,17084.802591122578
Crhbp,8665.128447314592,15475.81233107135
Crhbp,8716.713725900563,17066.459885568387
Crhbp,8774.23315042442,17308.49590344617
Crhbp,9659.968735763392,17612.457564590462
Crhbp,9760.330367095774,17619.105101064655
Crhbp,9999.89990788587,16195.377574611359
Crhbp,10856.980648409624,17943.99781314108
Crhbp,11213.214828325237,18223.853282375607
Crhbp,11235.411252086054,18224.51519319383
Crhbp,11832.322188948885,17661.721226520167
Crhbp,12022.42427474535,17589.11862169124
Crhbp,12275.416725228268,16411.401886561864
Crhbp,12581.326169002816,17490.245794186292
Crhbp,13389.92685662096,17300.427493833857
Cryab,6161.515247471888,13709.391071565917
Cryab,6161.636899799917,13726.833321715932
Cryab,6158.646080241639,13717.595211518992
Cryab,6169.500754987966,14253.256439656787
Cryab,6178.5132546966215,13722.797623673803
Cryab,6192.790501881924,14034.201428697552
Cryab,6209.655308002062,14027.971185012906
Cryab,6204.354859639881,14036.60726237223
Cryab,6201.282844133058,14028.232869497531
Cryab,6220.864814840121,13600.998873440753
Cryab,6214.5543405198705,13636.083120023755
Cryab,6265.460569562675,13252.59761604269
Cryab,6263.230458555354,13266.529356067798
Cryab,6270.964129785577,13811.887324988693
Cryab,6260.126402064061,13814.237344568826
Cryab,6272.070370088596,13039.599561003559
Cryab,6261.254042652201,13966.163243018062
Cryab,6289.128020858747,13191.341817888522
Cryab,6278.024163731583,14291.799032837896
Cryab,6282.836658337336,14282.176425136853
Cryab,6317.480603161693,13885.255354147024
Cryab,6321.550766983596,14024.413653933223
Cryab,6338.653566599558,14486.55473606634
Cryab,6321.168255016354,14477.470199708427
Cryab,6345.086746513653,14483.444711373053
Cryab,6327.062615130036,13109.542645084532
Cryab,6333.589424248935,13089.943705287973
Cryab,6338.983904365805,14243.666760592934
Cryab,6332.700115243077,14224.406551354645
Cryab,6345.592942074733,14227.817607919475
Cryab,6328.59511217052,14423.91827221772
Cryab,6349.6453152114655,13142.154976349007
Cryab,6343.491337579215,13148.824787792464
Cryab,6344.187841716678,13160.91923010563
Cryab,6402.534893390969,14537.219623466615
Cryab,6403.087451709124,14860.496910849282
Cryab,6445.011710683061,14670.241890279944
Cryab,6453.078693486349,13497.393184172735
Cryab,6471.508645879297,13489.867056967503
Cryab,6499.622136988198,15088.976812257024
Cryab,6871.21448007297,14098.687628288708
Cryab,6856.869169533058,14123.312644418584
Cryab,6848.858599577032,14107.85929497542
Cryab,6892.76667437981,15879.383596158092
Cryab,6890.628987190861,15805.53873822088
Cryab,6895.129226821931,14544.306994556806
Cryab,6916.901036331483,14541.264943421653
Cryab,6894.449311948766,14537.255408902405
Cryab,6968.99096880854,15012.689373888998
Cryab,6990.212991968132,16113.729808379254
Cryab,6986.409056127752,14200.605158299644
Cryab,7017.520468502762,16041.586774289064
Cryab,7040.555151251245,14503.162628117367
Cryab,7071.8720914302785,14035.596734214643
Cryab,7071.3702160086395,16289.822373030456
Cryab,7092.399199035103,16334.554309108311
Cryab,7112.140716464375,14515.045866636947
Cryab,7133.637218472505,14328.58578395269
Cryab,7144.170667291532,16253.95176872334
Cryab,7148.915541151009,16255.785264855856
Cryab,7160.68544758312,15088.993976412283
Cryab,7167.4418394118375,15070.964349248112
Cryab,7167.948312720271,15065.64727327282
Cryab,7169.937201105153,14865.947132828207
Cryab,7195.994214801085,14520.008951629216
Cryab,7245.176126885632,16455.03924343689
Cryab,7240.507020608802,16465.386133439457
Cryab,7230.314143108022,16464.15781831083
Cryab,7298.586709609221,16570.826772878347
Cryab,7327.728012233541,15046.902106069063
Cryab,7315.53091276307,15052.270457014676
Cryab,7394.90516044692,14249.277320026307
Cryab,7388.431756117736,16772.642660536752
Cryab,7426.369639270783,16452.139276880265
Cryab,7427.74750917313,16453.283132402586
Cryab,7450.975957349068,16605.410017329777
Cryab,7511.942099132539,16875.11343038403
Cryab,7528.217305387555,16856.12664654776
Cryab,7529.830248346732,16871.193172990883
Cryab,7550.8300376859,16918.428652338043
Cryab,7545.4340909645925,16953.83457473338
Cryab,7553.151367670932,16931.86803297825
Cryab,7603.280638450627,14535.472376595913
Cryab,7619.5701080888175,14531.46010578252
Cryab,7640.932318210307,16987.268092596678
Cryab,7639.818232329095,16985.9453096813
Cryab,7634.6461970292285,17002.453762879184
Cryab,7758.597742838465,16284.809210289055
Cryab,7853.006918028185,15370.023480733325
Cryab,7887.745986421983,17054.39332080055
Cryab,7882.128542084165,17058.074027682916
Cryab,7906.234744675707,17173.13528446444
Cryab,7946.553376390433,15235.399651600763
Cryab,7960.2049544301735,17274.432333393317
Cryab,7980.372981503898,14580.326835057851
Cryab,8122.473915156852,15105.809891638619
Cryab,8137.499102732297,15221.063257932241
Cryab,8162.588613698395,16410.74705480819
Cryab,8232.897494438026,17551.543081176223
Cryab,8209.898733060601,17543.073044361012
Cryab,8234.38251286292,16836.4176480239
Cryab,8214.881462084686,16828.668869111094
Cryab,8294.893596067468,15812.460836830529
Cryab,8332.475564293904,16917.01897725905
Cryab,8390.659505225563,15375.056256199625
Cryab,8424.197940225815,17566.486642500393
Cryab,8430.903279605425,17574.423238530617
Cryab,8526.815067069763,17692.741081224805
Cryab,8615.425659038277,16872.307460966105
Cryab,8614.127951691456,16869.654251294847
Cryab,8617.807762750284,16863.527491506135
Cryab,8661.181073882624,15480.766935602534
Cryab,8665.07490828665,15465.650653269357
Cryab,8681.956788712088,16957.298924651677
Cryab,8675.929046520045,16944.1733487411
Cryab,8669.137479229916,16951.298723520908
Cryab,8679.20098512636,16942.9663200484
Cryab,8673.71647753223,16956.18571171829
Cryab,8670.620831219643,16950.00595098423
Cryab,8760.013363052078,17734.106449513372
Cryab,8736.601451798659,17727.710063671057
Cryab,8798.74058092703,17797.324400300273
Cryab,8908.551889826264,17358.231521826394
Cryab,8977.655348565997,15979.548805842765
Cryab,8974.817830835904,15968.941912709215
Cryab,8979.843888325706,15969.530159609076
Cryab,9037.559400744452,17289.549450621296
Cryab,9063.743960889655,16121.387025329008
Cryab,9175.574436165274,15603.582332563465
Cryab,9249.918444008674,16283.305542584427
Cryab,9258.498890771118,16262.232433179426
Cryab,9263.744204703067,16277.481210536278
Cryab,9267.783424313473,17422.376466610862
Cryab,9430.262182737355,15998.347164969091
Cryab,9414.827942199843,15985.317906732978
Cryab,9434.545304251855,15993.30266816888
Cryab,9447.566973146686,18078.474841978717
Cryab,9439.459945653358,18083.162411621757
Cryab,9457.62966430838,17503.50087880341
Cryab,9553.658356862657,18115.60030289453
Cryab,9612.825737478503,17557.14906330801
Cryab,9640.184316259205,17574.275545235407
Cryab,9614.47135478859,17578.948478152968
Cryab,9632.712926066859,15941.027339801132
Cryab,9647.624349122647,18122.387170045877
Cryab,9636.31467418102,17716.502542571765
Cryab,9687.152066683899,16671.34394736643
Cryab,9776.527515694832,18211.127383853363
Cryab,9785.460599198484,18240.13344148038
Cryab,9784.95233572396,18233.753492481894
Cryab,9787.015201787926,16538.804457828173
Cryab,9816.301183574933,17618.20105626337
Cryab,9868.253302336683,17821.653817317412
Cryab,9875.888881707044,17824.33958915525
Cryab,9875.19844666271,17823.15381367638
Cryab,9898.071585737582,17538.803700008993
Cryab,9883.067620616692,16349.341317085307
Cryab,9888.33902105269,16358.239949833152
Cryab,9895.190554463092,16354.402873172296
Cryab,9893.019751561153,16346.375614398772
Cryab,9884.113229334542,16368.331116754753
Cryab,9891.539744225645,16360.435748748394
Cryab,9911.834338153518,17578.49617158667
Cryab,9965.206302346041,16768.98159159287
Cryab,9993.542015984143,16441.612726615353
Cryab,10340.253647057823,16887.304608239283
Cryab,10324.035392672005,16898.528518643783
Cryab,10320.54535273544,16884.751696970965
Cryab,10356.894088223455,16867.579423071067
Cryab,10361.490197045643,16885.09253864144
Cryab,10351.936023967957,17810.01254857716
Cryab,10629.844941082085,16582.76447718551
Cryab,10650.812422561996,16576.70819561185
Cryab,10658.951607993404,16575.888546154507
Cryab,10640.05227744554,16574.140807005766
Cryab,10646.084563588904,16559.831608532633
Cryab,10772.500656739672,18383.25342761351
Cryab,10774.050964576714,18375.714760951298
Cryab,10778.202398267686,18373.59102890106
Cryab,10765.013339871779,16527.494481290392
Cryab,10860.044576213044,17668.50470283214
Cryab,10898.48854105414,18344.971088929724
Cryab,10884.164009927883,18349.387086315168
Cryab,10904.066863519369,18326.122503898132
Cryab,10899.307444921496,18185.059536723824
Cryab,10919.260416837094,16960.572971264894
Cryab,10915.90681790777,16965.432818389632
Cryab,11273.785552481067,18385.341440213255
Cryab,11305.406372249321,18393.23782891354
Cryab,11368.698427600291,17706.95130642818
Cryab,11349.632836459006,17727.146117059547
Cryab,11361.761313234729,17855.336291373882
Cryab,11357.629409433805,17861.849955593392
Cryab,11346.495403014425,17878.340314796027
Cryab,11376.695886302225,17870.147371541825
Cryab,11368.449664112817,17865.27504237576
Cryab,11460.363559742807,16635.160341534316
Cryab,11522.360809504742,18095.368460892812
Cryab,11531.319076499989,18077.7431268613
Cryab,11524.415905575272,18075.70857576724
Cryab,11554.321184673647,18202.88440577819
Cryab,11627.522234715001,16661.41981705801
Cryab,11635.337286086518,16429.052794029198
Cryab,11630.41962683191,16460.292436905962
Cryab,11720.894670717284,17712.19489493827
Cryab,11748.058594301505,18130.206976410038
Cryab,11745.750093707435,18118.056245806503
Cryab,11762.316554448698,17199.472805411
Cryab,11786.054730011756,18291.318890939587
Cryab,11805.409495529557,16880.801625517528
Cryab,11827.293888067294,16666.10283793634
Cryab,11841.19260099393,16698.02650206125
Cryab,11890.802216371245,18163.162501950126
Cryab,11908.97071588394,16274.735997987154
Cryab,11952.790216714244,16568.048397544615
Cryab,11993.335704014293,17620.852340286656
Cryab,12012.181048478024,16351.564957259341
Cryab,12186.55392086603,16415.453251374543
Cryab,12227.507298722496,16480.386987756174
Cryab,12240.567050519783,17877.286072203784
Cryab,12249.384329159602,17873.862126837812
Cryab,12280.514005169933,16290.550054509364
Cryab,12252.313136009912,16275.863000594389
Cryab,12374.333719798242,17315.28257735549
Cryab,12380.169818836916,17858.85262298313
Cryab,12465.58027678027,18045.839640418308
Cryab,12498.505921874383,15853.258995849175
Cryab,12521.785143862478,17037.91798521467
Cryab,12529.409096154184,17936.762123472705
Cryab,12516.75709790614,17909.73475034795
Cryab,12521.830200174672,17895.103561173662
Cryab,12556.109399212364,17658.402510098345
Cryab,12567.924918000659,16055.408891151448
Cryab,12567.544355354856,16071.896653760656
Cryab,12568.90410948192,16062.763250321483
Cryab,12632.814341006631,17834.73603977917
Cryab,12679.399870922742,17912.01514762049
Cryab,12670.436544444266,17898.321705194016
Cryab,12711.142605357638,17797.06910288623
Cryab,12771.122621772329,16783.310602205325
Cryab,12807.808318410362,17679.493335628205
Cryab,12835.896073272112,17516.415638307135
Cryab,12954.982047824291,17088.46257281266
Cryab,12953.662231920538,17075.619669704654
Cryab,12966.697149391586,17095.53202790224
Cryab,13015.838320722063,17566.281925061172
Cryab,13020.056308556845,17233.649797560447
Cryab,13080.77940006961,17500.398212534976
Cryab,13086.080494849077,16538.066355621413
Cryab,13087.824643742337,17465.804843031154
Cryab,13104.783105855795,17475.829393940672
Cryab,13158.414309380616,16541.94586580653
Cryab,13151.829588790799,16543.459129488107
Cryab,13130.134986847579,16549.095676181878
Cryab,13161.529979074288,16385.495326662538
Cryab,13183.812287981074,16361.105332353354
Cryab,13182.871848423076,16365.782569071223
Cryab,13155.75434620299,17249.299841932527
Cryab,13162.958003073181,17248.91452567082
Cryab,13209.797148987343,17202.517232746683
Cryab,13233.862991943546,17344.39891493992
Cryab,13243.558857049029,17448.227571858024
Cryab,13234.1894564051,17133.69831935918
Cryab,13254.299257562172,17430.543621601308
Cryab,13328.534223914186,17242.074022911584
Cryab,13345.197926216968,17315.707297721823
Cryab,13374.416103698317,17306.042392417006
Cryab,13365.541737304427,17300.931887999828
Cryab,13458.667135267671,16992.24321574173
Cryab,13463.313464594252,16990.213140714277
Cryab,13476.473113240325,17189.0563287948
Cryab,13467.563699641256,17190.615385524517
Cryab,13489.961890736382,16881.628553690578
Cryab,13514.854959006701,17195.914923773453
Cryab,13530.005585630026,16934.58433779055
Cryab,13556.833349942717,17276.048849478113
Cryab,13551.807804286878,17275.109112402883
Crym,6883.753102538444,14473.54874011974
Crym,6857.363459879414,14468.963272636855
Crym,6880.861014267749,14486.334284244895
Crym,6868.505074284678,14468.691549589186
Crym,6882.973893023045,14459.24006178664
Crym,6857.103711868315,14388.05027547327
Crym,6874.134270891192,14388.51580813235
Crym,6878.993025363887,14382.76661751504
Crym,6885.191618400636,14102.360202740469
Crym,6887.913283873361,14325.031858991328
Crym,6890.766184652312,14330.023822440024
Crym,6886.170776545984,14314.281880995703
Crym,6896.920156187102,14315.846188651123
Crym,6883.0139464434515,14319.525209630696
Crym,6915.01644709954,14679.193182544677
Crym,6928.202432424936,14663.242053457025
Crym,6941.49775519196,14685.990573867159
Crym,6911.959173928225,14673.702035090466
Crym,6914.821675915924,14664.606992690722
Crym,6918.4801981842975,13788.188571310005
Crym,6921.413844557871,14375.868530358177
Crym,6921.792443324163,14382.48900622628
Crym,6926.144997489116,14250.899703745887
Crym,6930.104055454017,14495.223230934438
Crym,6959.693655845928,14692.235348160082
Crym,6965.797957387179,14691.64077425108
Crym,6969.180068311573,14644.531254920517
Crym,6976.785246906789,14630.955992032297
Crym,6979.06092873747,14633.913790391483
Crym,6967.300691688949,14861.2232362175
Crym,6972.806503009896,14861.962918241623
Crym,6992.869330980094,13745.474650467964
Crym,6972.704598337654,13749.701878676453
Crym,6982.065344300128,14085.868427280851
Crym,6984.198271630441,14267.892919016978
Crym,6978.037198486269,14269.615714460431
Crym,6989.618120109861,14832.21774616039
Crym,6982.070381240241,13881.599733962637
Crym,6994.239505170806,13671.550292365906
Crym,6990.944089907026,13915.166649076613
Crym,6990.512857665335,13926.994581956258
Crym,6993.605030891614,14338.462484951327
Crym,6991.17868797029,14377.332656805886
Crym,7009.024182836193,13701.390431322649
Crym,7003.464972166153,15008.257684520293
Crym,7013.099566017008,15022.46507394186
Crym,7017.019022034411,15009.943444310513
Crym,7023.57461170788,15013.023986468064
Crym,7010.597697447457,15023.255012261532
Crym,7023.335126356524,15010.028090659893
Crym,7020.623091421837,15007.890141020036
Crym,7015.193157339141,15020.316140905348
Crym,7001.060295834606,15030.616845338209
Crym,7015.606271891354,14535.626321204527
Crym,7028.416834921267,14323.968505940893
Crym,7023.569573975717,14323.199844635841
Crym,7019.53883005432,14060.882279340414
Crym,7029.033187459956,14642.622598942764
Crym,7018.353011983832,13868.534093506069
Crym,7021.422550948693,13872.464512173576
Crym,7009.657480030627,13865.949581815596
Crym,7030.367262164672,14072.701262057748
Crym,7022.302887829778,14089.483030395964
Crym,7015.066772176356,14772.916437513046
Crym,7041.521446453648,14938.448780932407
Crym,7037.900240919473,14944.154808488314
Crym,7049.504582260125,14500.749174841583
Crym,7049.700789275196,14828.522035900232
Crym,7041.83859372019,14900.255664224653
Crym,7050.4368436902105,14885.234219775039
Crym,7046.122773158725,13845.634918365402
Crym,7064.135406679332,13825.994157957393
Crym,7033.644180594481,13739.948123583737
Crym,7054.48848168691,14917.73538093447
Crym,7057.18883551725,14797.482806747488
Crym,7088.646512598842,14334.184062886703
Crym,7070.729387357303,14326.206365394757
Crym,7086.263291606732,14336.886462518258
Crym,7078.714264046847,14716.384217328517
Crym,7069.213373494773,14711.08342043309
Crym,7075.404451927441,14727.584505768758
Crym,7067.628661491693,14727.192423518916
Crym,7087.572570607316,14722.163729377537
Crym,7067.642966962777,14729.952546443392
Crym,7075.561323440861,13981.395765685682
Crym,7074.200628587978,14506.334874066895
Crym,7081.095251272047,13902.352327355777
Crym,7071.931375317398,13904.869380064663
Crym,7079.056093056371,14943.423337757416
Crym,7099.296035616125,14643.423685797725
Crym,7091.023796932537,14432.683351315582
Crym,7115.983193302807,14827.538275187011
Crym,7125.016549933344,14937.826384188254
Crym,7127.111824250452,14932.819339619713
Crym,7156.677461639138,15076.896337257978
Crym,7132.945360296675,15084.634766424828
Crym,7136.543321864461,13990.944179681877
Crym,7132.398355109248,13997.078397331405
Crym,7142.145310972829,13987.929893954704
Crym,7144.8918364824385,15129.412937770658
Crym,7157.504751338547,15028.74592690889
Crym,7149.588543539758,15039.089482083446
Crym,7124.898306286885,15042.75271554056
Crym,7166.261003608277,14945.825127904456
Crym,7185.941292738425,15040.677226096483
Crym,7197.928746088318,15053.027246976659
Crym,7221.744106008893,15274.637781676354
Crym,7201.505012952646,15278.041290434681
Crym,7216.484748871909,13839.223275225851
Crym,7202.101026354264,13817.021845841757
Crym,7208.682467541796,13827.385834245813
Crym,7243.2991506190965,15076.888397049483
Crym,7229.547879304992,15095.825531090473
Crym,7222.470396234256,15075.031720670024
Crym,7243.954160431565,15364.642529260875
Crym,7247.23306947378,15506.648896522884
Crym,7265.56401112718,15511.386339845558
Crym,7270.818043091153,15088.354611547597
Crym,7333.913991569686,15268.814167598513
Crym,7369.515521579106,15503.693049233492
Crym,7357.981116597597,15765.737245059769
Crym,7366.4588831240235,15583.637589786216
Crym,7422.315500882779,15761.639725447258
Crym,7426.779682570561,15359.466701155181
Crym,7413.759176695086,15356.798414687219
Crym,7436.590022037232,15633.423948521602
Crym,7424.697185282924,15626.04042845429
Crym,7444.056763045656,15626.774223479555
Crym,7435.473465474655,15475.332829293166
Crym,7512.707978642492,15698.520675803155
Crym,7493.720959435862,15715.394706005443
Crym,7484.872051265722,15752.174880862036
Crym,7514.802372291135,15848.49500645296
Crym,7543.002715562712,15952.266907010015
Crym,7555.1053101715,15790.724948259029
Crym,7586.583143412549,15843.602926543412
Crym,7583.4191558096345,15851.390835181792
Crym,7607.160147799128,15861.024779753
Crym,7660.509539310846,16139.011035101714
Crym,7690.152438781839,15973.899752443405
Crym,7675.884033908122,16228.903358958765
Crym,7684.116306777593,16233.558033752885
Crym,7712.597999526514,16263.406271571544
Crym,7765.592216580283,16184.64091422086
Crym,7779.709313342714,16327.114259249589
Crym,7765.146288520383,16077.675062881844
Crym,7765.582496435077,16080.795593019813
Crym,7775.204711859056,16083.620982777094
Crym,7859.788454257475,16322.382120277809
Crym,7857.394395932036,16321.934681626519
Crym,7863.11410562012,16337.371408279774
Crym,7891.511034803088,16347.127866865281
Crym,7929.687391076757,16493.80071146831
Crym,7913.724741254804,16515.377919151404
Crym,7949.656938146939,16428.018701129356
Crym,7932.3340966994,16442.464311525557
Crym,7952.872378659481,16438.749945001942
Crym,7936.369225350811,16403.992466214175
Crym,7951.443699435348,16392.70315544113
Crym,7982.17725785253,16545.990899227116
Crym,7978.822534083675,16502.015923395258
Crym,8058.466812984294,16600.355715206908
Crym,8074.256655348342,16649.87580219575
Crym,8056.503702556852,16649.149890363147
Crym,8126.8190241236625,16580.08712677308
Crym,8132.581754502836,16723.55278386872
Crym,8206.6643674732,16794.317164252465
Crym,8233.749520776086,16806.228187816745
Crym,8234.342897707116,16619.290912161938
Crym,8217.991367047909,16614.022939859384
Crym,8235.65922604674,16863.924447719193
Crym,8245.624635883163,16866.590212598974
Crym,8255.80495737786,16647.191598750767
Crym,8252.011239518137,16655.775518547383
Crym,8235.74994911302,16817.945699073738
Crym,8266.200781708329,16737.67615740932
Crym,8270.93472660799,16733.890742432162
Crym,8267.95064636116,16744.30860972766
Crym,8283.372580233974,16737.195384944724
Crym,8264.609810375618,16747.806014221256
Crym,8262.441710999756,16735.447860037657
Crym,8290.327163542508,16782.789325779122
Crym,8329.073249297988,16861.790905958555
Crym,8340.457001381885,16925.917691198996
Crym,8339.093073062772,16911.350741965925
Crym,8350.536071028606,16908.644563715497
Crym,8338.142952040995,16900.859558414446
Crym,8447.195196174145,16900.344242076528
Crym,8452.745448705065,16904.791529190043
Crym,8542.752814925367,16953.099752555296
Crym,8520.807729872755,16930.877190459432
Crym,8541.938416679444,16923.980994997877
Crym,8550.645591984472,16889.32233258616
Crym,8620.760271357747,17282.23397972404
Crym,8650.224562066907,17246.762238429405
Crym,8738.289048505343,17198.235374165994
Crym,8729.077126503817,17179.05035155619
Crym,8722.612735695957,17172.811981943127
Crym,8723.966764066925,17179.771466210823
Crym,8921.565148591684,17251.352172497074
Crym,8922.383997443754,17263.702129982852
Crym,8914.432684846157,17260.876419147025
Crym,8965.66200410852,17341.321546771964
Crym,8997.894931100376,17352.595775653936
Crym,8985.5794863028,17382.478704815712
Crym,9026.836473491381,17303.2449219059
Crym,9023.892522241054,17311.91578829383
Crym,9097.371671596853,17260.726141650324
Crym,9097.090821069354,17259.583121532556
Crym,9080.932753560295,17274.846031554123
Crym,9104.488589827171,17347.253311427496
Crym,9145.665330398784,17450.02577761251
Crym,9194.770784630105,17375.786913067324
Crym,9207.964946314834,17425.33312125668
Crym,9202.505597610383,17435.45520784507
Crym,9284.611842064844,17494.43683087449
Crym,9283.939348253283,17486.49082970868
Crym,9287.5790382049,17491.232411393663
Crym,9316.350255228721,17464.989768509367
Crym,9308.98534191517,17475.35817444208
Crym,9304.036922070094,17464.387890799655
Crym,9317.71454554884,17460.540487861916
Crym,9318.823251246547,17476.176319160026
Crym,9329.84587418637,17471.85180719241
Crym,9309.972097592772,17488.291470844953
Crym,9429.588251702902,17506.23797375138
Crym,9422.498341475308,17596.398610312346
Crym,9428.186399385186,17584.856554059905
Crym,9423.78067784609,17572.124670003242
Crym,9465.923864905024,17466.38494038589
Crym,9453.44439461615,17460.172366451272
Crym,9460.984149580494,16874.778000044356
Crym,9460.990667334756,16888.80242405443
Crym,9504.180922336927,17590.216445104204
Crym,9509.064232913557,17585.929605109173
Crym,9484.006621978291,17602.850693906847
Crym,9496.053985103446,17603.767885019577
Crym,9505.101147997717,17591.730609991726
Crym,9521.647158490658,17666.7988257034
Crym,9518.761486625936,17661.872907103145
Crym,9573.658676523984,17653.896687363016
Crym,9579.62807841731,17483.443080628836
Crym,9593.77941614811,17489.0438955917
Crym,9603.49562658158,17693.19121738145
Crym,9640.70457755602,17502.187801969656
Crym,9662.010119852777,17647.257141740098
Crym,9669.908319299642,17655.345063989484
Crym,9669.309649815285,17644.92127376461
Crym,9673.006692363071,17661.93175069404
Crym,9692.334672247334,17678.450698081582
Crym,9701.948685157999,17549.967192459375
Crym,9731.693928049997,17628.692823893914
Crym,9795.461995688082,17692.69664087923
Crym,9790.996841354401,17701.876033536864
Crym,9784.996958932612,17707.93710812947
Crym,9783.76957040892,17716.074946867295
Crym,9787.433868032038,17699.70962621057
Crym,9814.801869525621,17788.041554030213
Crym,9833.375463668457,17681.78567504011
Crym,9893.575110718459,17624.711421841723
Crym,9936.714298382341,17650.503049465504
Crym,10020.08265770077,17675.410622828145
Crym,10050.366026897836,17865.23635038226
Crym,10028.52697812598,17854.4053632677
Crym,10026.157644386536,17842.8489341053
Crym,10052.920568598607,17688.526253208533
Crym,10078.574661478218,17806.51301631726
Crym,10053.81156019637,17808.893240134967
Crym,10060.970156429892,17798.991439508543
Crym,10065.864104648486,17817.950259267953
Crym,10075.138257097698,17816.035966279207
Crym,10057.183492810576,17794.570113787588
Crym,10103.328724053068,17804.36470793465
Crym,10124.628216078354,17867.692890573937
Crym,10113.08352511359,17873.119780692447
Crym,10134.281923398059,17738.92745302672
Crym,10121.170491282388,17744.346356867303
Crym,10143.55405321164,17863.869043314993
Crym,10159.774654856705,17928.82077442085
Crym,10150.445354949474,17957.655866833185
Crym,10227.735345956067,17757.538297451018
Crym,10236.277336968844,17769.80992560277
Crym,10237.31167477238,17756.982205119228
Crym,10237.863490159207,17802.39941010519
Crym,10227.693199343797,17799.64286722727
Crym,10234.690750491785,17817.70794504577
Crym,10254.879755263799,17787.6523585409
Crym,10319.440773905964,17802.848667693812
Crym,10373.99967964817,17924.932181066564
Crym,10459.07942180404,17864.84912555421
Crym,10508.087989083166,17883.054625711666
Crym,10576.250334334001,17884.93502267105
Crym,10572.44538550325,17890.591204578195
Crym,10588.889937024744,17876.65167500383
Crym,10718.978765667363,17952.530932614594
Crym,10720.80515965454,17943.614662970107
Crym,10703.512272919103,17950.775402084862
Crym,10710.456808612214,17950.458762517075
Crym,10788.278834958166,17827.708470112626
Crym,10762.766944464207,17828.101594845397
Crym,10780.24158020397,17823.96544938299
Crym,10818.748883578946,17851.059608448275
Crym,10814.959996953616,17891.807542285165
Crym,10855.955835650908,18014.81117924319
Crym,10857.894338091322,18009.338256759398
Crym,10850.235977433425,18004.10236719431
Crym,10963.842428949903,17941.858528078286
Crym,10965.406871610823,17976.817154643533
Crym,10974.487051255895,17982.666807370853
Crym,10996.077185819748,17883.23596838417
Crym,11091.07794647223,17925.709431057992
Crym,11151.281903571149,17825.492744937063
Crym,11161.76409521197,17792.75058509995
Crym,11210.408830288725,17786.26560319421
Crym,11319.87442339603,17754.613748310014
Crym,11340.521662906842,17774.90101538095
Crym,11348.476146447194,17780.413322160573
Crym,11352.798170345286,17771.47983757549
Crym,11361.942186498054,17779.02757998837
Crym,11345.418648067202,17770.294875035164
Crym,11348.444857323648,17783.268585613983
Crym,11350.702222387452,17783.40495806009
Crym,11349.741944508827,17770.036762050502
Crym,11352.10692489005,17769.44691597598
Crym,11547.194072611299,17696.443389200813
Crym,11549.07210116511,17690.987837819368
Crym,11569.15509231363,17693.42849435989
Crym,11552.211833259786,17692.22866427022
Crym,11572.431562833517,17714.745315124073
Crym,11571.199776599507,17656.20669131082
Crym,11649.003387888404,17756.558500993076
Crym,11672.37963540081,17635.85833964193
Crym,11809.012181438853,17590.177166971465
Crym,11813.848600591098,17587.679976224576
Crym,11815.668624689213,17661.65434914884
Crym,11818.089961920568,17663.634117868532
Crym,11895.599041058023,17474.63415710498
Crym,11892.876922728581,17489.11374370975
Crym,11968.12905505391,17591.023571420832
Crym,11955.151011261682,17571.704636807004
Crym,11969.597637122035,17562.39018274545
Crym,12061.459420568577,17547.22161275034
Crym,12078.519721316288,17541.663095561762
Crym,12078.543821113224,17533.910930199716
Crym,12079.374292042183,17556.725028264806
Crym,12078.92869669483,17558.6256750853
Crym,12072.825463585159,17544.161778172333
Crym,12080.603678817313,17552.26516080362
Crym,12070.098792888693,17552.049732126972
Crym,12079.172266664793,17553.86260677721
Crym,12077.212991835297,17551.88726713083
Crym,12091.500291063458,17417.92578341417
Crym,12090.887838059454,17422.42838191091
Crym,12153.344721963465,17603.36361922184
Crym,12183.35147646193,17373.8049263535
Crym,12185.979573301174,17435.269721034638
Crym,12189.336943785318,17421.041238091926
Crym,12187.192672758065,17414.36029737401
Crym,12180.170710685097,17430.554916012734
Crym,12247.598652821964,16960.869269121617
Crym,12252.328059346453,17341.56236309471
Crym,12248.198954244566,17331.199410752415
Crym,12263.670628093481,16535.867442078856
Crym,12258.737508650738,17166.930306557253
Crym,12274.586373244496,17494.694129221887
Crym,12293.50111585422,17207.698883927464
Crym,12282.882016463675,17301.34452607199
Crym,12294.028352553185,17287.525489209875
Crym,12337.161850342267,17194.05026649059
Crym,12390.9099048344,17109.361670643855
Crym,12410.899612936908,17467.21828056732
Crym,12416.228479227677,17446.51416832716
Crym,12418.062586567914,17402.839198755206
Crym,12436.55563402797,17392.993784448656
Crym,12396.71363256552,17394.740932136374
Crym,12425.82444181104,17284.893785994336
Crym,12457.892692116624,17047.79345931311
Crym,12456.920736225235,17045.71911858101
Crym,12465.201150479388,17043.069754181877
Crym,12590.789402662616,16954.99146609141
Crym,12600.326240997458,16966.38312398887
Crym,12659.532889788909,17441.51361914208
Crym,12649.364647607623,17458.15487771244
Crym,12645.527577524615,17432.473498723306
Crym,12655.253199803195,16870.208477324984
Crym,12677.32539553291,16797.039790632905
Crym,12699.998482790168,16681.904471870017
Crym,12728.73583646763,16786.11541578023
Crym,12748.293278946996,16676.31617453387
Crym,12779.565062775193,16699.381096925103
Crym,12912.287504499947,16636.524610206907
Crym,12936.922498915592,17101.908433743036
Crym,12934.58809239212,17100.908052314862
Crym,12916.446907776379,17101.31677392593
Crym,12966.91912591955,16771.025514435012
Crym,13067.601365138205,16972.130109418034
Crym,13091.469377272868,16582.458006660774
Crym,13176.679812134451,16480.52450418383
Crym,13160.130195828075,16486.491530821077
Crym,13153.931466910664,16404.018722178058
Cux2,6688.699361787387,14399.163682794744
Cux2,7154.163983036167,14865.735006055955
Cux2,7211.380196095504,14852.913120961168
Cux2,7440.870879462231,15466.271537009821
Cux2,7991.128427655415,16643.484975437645
Cux2,9536.236996744099,17654.284187847978
Cux2,11310.603240470624,17764.395427506428
Cux2,12562.751439200612,17018.81357715012
Cxcl14,6722.820786601291,14103.39899013541
Cxcl14,6911.156547899719,14540.837870953153
Cxcl14,6893.720473725135,14541.520226592538
Cxcl14,7039.112943536996,14227.52346698357
Cxcl14,7030.637582767409,14222.448548394279
Cxcl14,7068.182140731121,14560.227868515414
Cxcl14,7068.191737382022,14557.260537477761
Cxcl14,7089.489136397542,14118.73042932382
Cxcl14,7159.547046769546,14902.626449031932
Cxcl14,7155.188368716053,14899.879294067061
Cxcl14,7163.691504601663,15181.038824750554
Cxcl14,7195.56999565833,16159.187121888826
Cxcl14,7180.6324158593225,16172.198164374853
Cxcl14,7256.006134964205,15163.441758380706
Cxcl14,7254.614692326077,15138.104344896614
Cxcl14,7289.546352489384,14037.751990929024
Cxcl14,7285.669655978063,14014.72715346704
Cxcl14,7299.858010919439,14018.020920889308
Cxcl14,7376.316628360242,14843.083829387528
Cxcl14,7396.226848851666,16387.557194805227
Cxcl14,7384.403833625574,16381.400554661417
Cxcl14,7598.534190833951,14502.585608087982
Cxcl14,7608.996273322091,14515.976449544636
Cxcl14,7599.152827369192,14539.05851523016
Cxcl14,7729.394686824174,14815.678232521088
Cxcl14,7769.649526029255,15217.799035664255
Cxcl14,7750.465454368321,15211.880013149641
Cxcl14,7754.866944157609,15230.609949573183
Cxcl14,7776.879868618801,15203.19560245996
Cxcl14,7762.584792837667,16114.412274287939
Cxcl14,7981.556437889916,16606.125761389423
Cxcl14,8016.3246011136,14852.360973401885
Cxcl14,8018.67938200722,16268.274500831454
Cxcl14,8193.210929172594,15849.125499627968
Cxcl14,8218.330774514006,15333.259755642308
Cxcl14,8234.911312264068,15348.002122085325
Cxcl14,8233.208830623416,15338.420380608775
Cxcl14,8241.43263284244,15374.421350860159
Cxcl14,8348.455692094454,16856.818631755978
Cxcl14,8378.948039618928,15339.636777967877
Cxcl14,8366.769344458196,15321.883540074274
Cxcl14,8356.919355654427,15359.066733592852
Cxcl14,8371.43370231809,15318.630068505929
Cxcl14,8363.033710598218,15344.655761728842
Cxcl14,8368.684893474176,15340.302403229189
Cxcl14,8402.235710057224,15148.81506171179
Cxcl14,8420.664349523682,15180.006461069288
Cxcl14,8418.916821771949,15031.975960963193
Cxcl14,8669.993123318638,15459.146174413898
Cxcl14,8826.2382527601,17312.83347859592
Cxcl14,8955.522174970387,17997.988416623655
Cxcl14,8943.215087549564,17984.151147019937
Cxcl14,9016.146094814372,16087.50831203123
Cxcl14,9007.927271366674,16079.7065775015
Cxcl14,8994.705703021384,16112.614319627499
Cxcl14,9014.532508714296,16081.704694152118
Cxcl14,8994.752099522068,16075.20305951988
Cxcl14,9001.417762347945,16094.24536462156
Cxcl14,8985.744215030743,16076.302932607869
Cxcl14,9013.394259380522,16090.815578981888
Cxcl14,9000.5037278003,16078.956053751956
Cxcl14,8993.294406700064,16070.490804640338
Cxcl14,9016.994468869327,17374.398372367934
Cxcl14,9147.829800684302,17027.01792846997
Cxcl14,9205.467814829202,18089.44199379471
Cxcl14,9247.31839627272,18088.95505338122
Cxcl14,9229.261073882573,18080.32558702182
Cxcl14,9243.165238003836,18091.30149309183
Cxcl14,9434.259121108997,18155.054086322307
Cxcl14,9454.203320087252,18160.760586830856
Cxcl14,9462.56713049072,16431.048518171232
Cxcl14,9465.581995777691,16432.72366886016
Cxcl14,9467.010411771838,17614.277055826005
Cxcl14,9659.366306179065,16641.08536963222
Cxcl14,9980.797172743993,16763.49644406476
Cxcl14,9977.760114907693,16769.262784951206
Cxcl14,9986.252344238263,16743.197414276692
Cxcl14,10048.383415694721,18247.785455669404
Cxcl14,10046.738333973673,18233.848540447296
Cxcl14,10181.269888073413,16860.979996971306
Cxcl14,10199.747836339728,16851.641507745804
Cxcl14,10209.031278898206,16864.83400170783
Cxcl14,10198.721877051448,16858.001367730583
Cxcl14,10208.254034892288,16833.91965666187
Cxcl14,10242.789775821264,17711.914120501493
Cxcl14,10383.3560298851,17797.84632279757
Cxcl14,10371.876418543614,17797.90273776624
Cxcl14,10425.743976537451,16948.28500886227
Cxcl14,10419.136286730116,16951.545279856695
Cxcl14,10425.510134762348,16960.027438054894
Cxcl14,10411.584924807132,16910.147767457045
Cxcl14,10421.370207483369,16917.412607854698
Cxcl14,10519.881908015845,17914.852002506625
Cxcl14,10527.897458502952,17924.24617425812
Cxcl14,10518.530382537445,17937.314241111562
Cxcl14,10655.054855027816,16826.60555257995
Cxcl14,10651.425341378466,16809.830938892082
Cxcl14,10650.278205278342,16829.763126198108
Cxcl14,10834.70024691985,18231.752591590837
Cxcl14,11009.766373310944,16699.408599419297
Cxcl14,11216.536852058609,16915.154474393275
Cxcl14,11221.553685773702,16919.442955949675
Cxcl14,11216.661452721086,16915.466307455656
Cxcl14,11244.499391289224,17823.244588117177
Cxcl14,11292.296920598292,16928.131103615055
Cxcl14,11289.769127576092,16930.418308658464
Cxcl14,11288.861982083821,16935.337745050263
Cxcl14,11347.570692892772,16903.525983530708
Cxcl14,11335.598513308409,16910.319280102853
Cxcl14,11338.333597397037,16901.32226204264
Cxcl14,11419.98232348037,16780.91974238589
Cxcl14,11722.20247056129,16480.6396331394
Cxcl14,11987.974754819847,18259.06667579901
Cxcl14,11975.613502987668,18245.50633983603
Cxcl14,11957.164869954071,17556.49663691188
Cxcl14,11968.712922316234,17548.911119436503
Cxcl14,12289.602766009837,16418.355866107857
Cxcl14,12309.027134612254,16381.973745303392
Cxcl14,12331.135605457624,16355.93917381526
Cxcl14,12329.797976161091,16364.345940507428
Cxcl14,12328.067428804103,16351.648419257286
Cxcl14,12324.785455284036,16374.511371105968
Cxcl14,12383.353842133049,16336.99602050067
Cxcl14,12399.541952239952,16348.391395449831
Cxcl14,12365.093163694692,16328.970923661402
Cxcl14,12411.3709411231,16179.482563984076
Cxcl14,12411.681327765007,16178.938826594916
Cxcl14,12618.14771943297,15984.962633887782
Cxcl14,12743.791098709455,16013.359616502701
Cxcl14,12731.073490748673,16020.308339710966
Cxcl14,12741.725362432073,16017.797099456686
Cxcl14,12774.420899631497,16774.59946444376
Cxcl14,12756.828394043063,16787.271406453132
Cxcl14,12762.743357659027,16000.17371508772
Cxcl14,12776.88009098872,15986.074195441612
Cxcl14,12855.26325679709,16576.730390960474
Cxcl14,12867.966860636845,16601.5642003044
Cxcl14,12872.145383265424,16579.678385196694
Cxcl14,13382.45734783996,16806.659783593896
Enc1,6830.787648199325,13509.351236124556
Enc1,6860.255869914603,14097.706065356298
Enc1,6847.75719856968,14108.056991211819
Enc1,6839.273925663578,14082.316764071295
Enc1,6848.694922837748,14235.024762068035
Enc1,6846.5435419426985,14237.71141387405
Enc1,6868.480663664997,14465.359273170605
Enc1,6859.296385375829,14466.524255391862
Enc1,6859.688244583617,14477.333594303911
Enc1,6862.562373896817,14358.478967091456
Enc1,6896.574628612515,14649.411289002835
Enc1,6886.586371706569,14623.609418573502
Enc1,6892.681849516666,14623.472315036595
Enc1,6875.563359302557,14405.335196808504
Enc1,6871.208078044418,14407.791847082133
Enc1,6891.7405575608445,13997.014220044499
Enc1,6871.843095349636,13994.41469360087
Enc1,6897.48418911236,13989.370195319327
Enc1,6893.062059166317,14718.231032775357
Enc1,6898.031006781888,14122.479042088053
Enc1,6894.259450270995,14109.248005994055
Enc1,6871.377773272053,13751.677658214108
Enc1,6898.320299226112,14613.040828102075
Enc1,6885.256954056527,14576.53528138684
Enc1,6891.941861449097,14577.759750191202
Enc1,6922.623976564418,13954.692574263036
Enc1,6906.6582864339,13946.061990283706
Enc1,6907.853882000908,13953.014485714237
Enc1,6910.171228358843,13959.280054920711
Enc1,6908.573109792046,13963.80908602804
Enc1,6917.14769031094,14670.990536703179
Enc1,6924.200910713406,13989.897847884284
Enc1,6930.504176596043,13996.43009063531
Enc1,6918.441455534365,14004.335528055683
Enc1,6910.397247579458,13988.387604633623
Enc1,6923.976057476148,13999.243989568733
Enc1,6947.1961261669185,14363.611555846714
Enc1,6936.824873331887,14385.975548754725
Enc1,6920.707944277285,14824.220330516828
Enc1,6910.999839137018,14809.725609356683
Enc1,6911.856198942266,14807.184086550922
Enc1,6933.677909202225,14611.86111297414
Enc1,6924.526747731789,13894.81406676561
Enc1,6947.253406280139,14218.131307544796
Enc1,6939.678847757268,14446.78945452834
Enc1,6925.990923710797,13679.460409092335
Enc1,6939.0787480834915,13677.84137413202
Enc1,6943.079944054331,13671.419925824523
Enc1,6949.123247613065,14140.786025527974
Enc1,6925.629305968147,14156.029239072657
Enc1,6935.160647450927,14163.299690628515
Enc1,6956.327066832679,14158.132238234199
Enc1,6947.798285542206,14147.688772213758
Enc1,6956.44421801544,14055.006992066248
Enc1,6963.882182017926,13777.674429108896
Enc1,6979.386591066469,13777.292965630417
Enc1,6972.250079063468,13772.849341599916
Enc1,6941.5521365443765,13767.055667937555
Enc1,6959.259088864301,13775.204474237878
Enc1,6947.649385614311,13782.615829412836
Enc1,6956.305730976143,14674.078039572472
Enc1,6967.990164840577,14666.512590962377
Enc1,6963.247895580621,14560.644865725997
Enc1,6963.840596246029,14868.99687995925
Enc1,6965.496694548556,14872.878041040154
Enc1,6978.1938107989035,14293.379125856567
Enc1,6953.847194746687,13832.423129228926
Enc1,6970.925015589822,13833.974093764697
Enc1,6977.690333096468,14476.985294667702
Enc1,6972.67920695417,14203.318180290575
Enc1,6986.886784181877,14841.236535019369
Enc1,6979.751142032122,14192.551524438242
Enc1,6974.7195892175405,14813.152632533835
Enc1,7000.710494108294,14968.777426385868
Enc1,6974.852144136101,14957.951355279612
Enc1,6984.701612629607,14957.619299564858
Enc1,6988.080195032213,14953.599432176548
Enc1,6994.220071668863,14962.31145697055
Enc1,6992.364018132833,14965.471279410722
Enc1,6995.549619029923,14966.887230149612
Enc1,6996.440650315968,14962.047143746717
Enc1,6986.57734847818,14970.316977643695
Enc1,6986.072518935201,14955.53034030596
Enc1,6990.626380343224,14223.640087013619
Enc1,7004.832850147191,13918.320803923218
Enc1,6994.95668468022,14192.752608359362
Enc1,6971.609344502368,14195.630397761846
Enc1,6977.074207077636,14450.808586361707
Enc1,6986.30303915058,14350.682945184997
Enc1,7002.566598355312,14363.405941744308
Enc1,7003.743050485497,14344.191884619204
Enc1,7002.691462287846,14350.366064211586
Enc1,7005.013713871595,14360.48680582809
Enc1,7016.1809712199065,13983.092597156945
Enc1,7018.602478079439,13992.21812182993
Enc1,7009.5935935689695,15025.275638967476
Enc1,7031.260056410184,14322.739056339422
Enc1,7030.704865275499,14319.435485985076
Enc1,7027.806288512443,14333.569920591277
Enc1,7014.336414407964,14407.08105979927
Enc1,7042.562016616974,14431.38411809603
Enc1,7041.347794770585,14425.150828627422
Enc1,7011.625470500587,14499.812832646077
Enc1,7025.03184595487,14512.166923094024
Enc1,7016.0294629823375,14637.75853512936
Enc1,7024.258982283774,14641.243782679147
Enc1,7010.1040414956715,13885.625615632736
Enc1,7025.108098108432,13871.826499740502
Enc1,7017.373764326335,13864.13648033585
Enc1,7048.362174310796,14946.17233297635
Enc1,7033.283348978403,14962.10457279531
Enc1,7029.709219862739,14952.637865990435
Enc1,7047.807736959323,13997.565237075929
Enc1,7035.82550212956,14009.092832503204
Enc1,7047.71845226522,14271.985205415534
Enc1,7037.981096113121,14282.724398566103
Enc1,7048.642850098853,14268.822621541627
Enc1,7032.811419487063,14368.30808645905
Enc1,7030.514180775719,14356.894359111287
Enc1,7053.187105458635,13842.462884610153
Enc1,7045.624064693472,13786.07127495756
Enc1,7049.7848692060725,14183.237099690385
Enc1,7046.605060491172,14180.332869679452
Enc1,7058.687502214542,14183.158599755207
Enc1,7061.417279842453,13731.045047360436
Enc1,7060.914655529735,14558.361079504752
Enc1,7066.5225672005845,14559.576110505914
Enc1,7072.147267647966,14764.732554623093
Enc1,7078.291590507923,14765.093640050947
Enc1,7049.061144891458,14774.03091799575
Enc1,7052.451034691559,14775.125716856564
Enc1,7072.978145821139,14741.882759186956
Enc1,7067.076380309422,13960.141522867136
Enc1,7067.382681835371,14491.722605164445
Enc1,7077.956944618126,14481.621762550732
Enc1,7074.332355507164,13942.322025142219
Enc1,7077.273757864975,13948.822308760717
Enc1,7082.548469866917,14379.99989167754
Enc1,7062.0914582125115,14376.591515069465
Enc1,7092.6635954332,15003.054198097785
Enc1,7083.537085042028,14972.109834913674
Enc1,7088.757080780977,14629.32851427875
Enc1,7101.4885358588,14632.283835429465
Enc1,7089.819910668096,14652.892457981352
Enc1,7098.795167344524,14636.900314790702
Enc1,7114.0824109031155,14638.61408709008
Enc1,7115.393183732137,14654.607038522256
Enc1,7088.281042800193,14648.946972136026
Enc1,7112.0713446169475,14178.959258751724
Enc1,7094.145043956462,14173.51145712725
Enc1,7126.787522282789,14166.499108702406
Enc1,7091.129010585332,14159.156706249389
Enc1,7087.443670694648,14171.439623436587
Enc1,7087.099981733065,14179.888857064874
Enc1,7121.384308362988,14158.613300262501
Enc1,7107.4950480921825,14159.408138335251
Enc1,7094.364932913785,14174.626865701353
Enc1,7107.537561134256,14172.344440407565
Enc1,7093.627619280802,14182.514009695355
Enc1,7108.907999812556,13867.570206429164
Enc1,7088.666781043655,13875.033651314812
Enc1,7073.356170931609,13883.262578055941
Enc1,7096.541424949948,13896.304377287812
Enc1,7101.212180589214,13808.04359126479
Enc1,7113.171801174848,14504.344846870628
Enc1,7123.389123153991,14511.320544537928
Enc1,7104.684623754347,14505.629552990296
Enc1,7134.760056531195,14506.484349492004
Enc1,7115.139037311324,14508.783591850277
Enc1,7106.125846123339,14501.900602627258
Enc1,7100.50950076115,14768.502968529976
Enc1,7089.060548732051,14785.114487084562
Enc1,7099.604720616274,14788.159073081439
Enc1,7102.445527388224,14783.770801025403
Enc1,7095.561329932577,14775.000666905667
Enc1,7088.4556537398375,13902.694368015558
Enc1,7106.122701721602,13899.828357788105
Enc1,7111.51291072923,13896.864176187044
Enc1,7102.308349711009,14434.88115073906
Enc1,7108.31387695414,14426.977791008612
Enc1,7113.247913360645,14419.844495548881
Enc1,7100.01386474628,14422.73357607638
Enc1,7079.351809430308,14419.185170409108
Enc1,7111.1119255597505,14816.546116265392
Enc1,7122.221138811623,14945.120692876457
Enc1,7118.902583941714,14935.394660353375
Enc1,7115.184693451296,14939.538334672887
Enc1,7123.232003984491,14691.144991067458
Enc1,7121.382654979216,15120.991291894348
Enc1,7127.792680666244,15115.792914293412
Enc1,7132.361328464562,14965.296734460902
Enc1,7109.990979938445,14989.604972113742
Enc1,7130.825080077691,15023.183192984114
Enc1,7124.63358730444,15001.114824663635
Enc1,7126.799035853041,15244.726615752465
Enc1,7128.862520672664,14822.9608165207
Enc1,7136.020746080011,14820.978333624731
Enc1,7134.347817858683,14840.334764018513
Enc1,7117.621894587752,14837.179741024785
Enc1,7140.410439483591,14841.478065708105
Enc1,7132.26183732587,14836.338615823648
Enc1,7133.241545649173,14663.957365105325
Enc1,7119.738535650054,14676.262113121766
Enc1,7120.232695354154,14675.331120988983
Enc1,7127.550433867192,13989.319600789453
Enc1,7137.301550330204,14319.717634874318
Enc1,7151.977597635301,14318.807194188044
Enc1,7170.664320533815,14705.329119988013
Enc1,7157.454860878671,15266.815161492244
Enc1,7160.843488062396,15261.208341241836
Enc1,7165.98631502655,15265.82482796255
Enc1,7178.213984054523,15250.074939832672
Enc1,7161.008251854995,14528.871246211766
Enc1,7162.143223020396,14771.117119076256
Enc1,7175.075173005828,14825.208172192702
Enc1,7170.767059746831,14133.521835620462
Enc1,7172.5109413748305,14131.214788228866
Enc1,7193.50609767111,15271.173166249435
Enc1,7215.653595921228,15279.091790345105
Enc1,7194.916547554559,15295.70725468969
Enc1,7197.469871047743,13820.500672115404
Enc1,7201.919300951977,13827.51194199785
Enc1,7195.7120898176345,13819.268691221676
Enc1,7205.665153154539,13831.164342285407
Enc1,7213.626286007528,13819.474280764514
Enc1,7195.936236440583,14526.027831293884
Enc1,7198.561151954571,14514.249973041064
Enc1,7210.54285001176,14876.901893801894
Enc1,7198.617393600734,15005.915800823921
Enc1,7203.291145302183,14995.938701065372
Enc1,7201.83272348019,14899.527567914922
Enc1,7224.139580818401,15328.835544699012
Enc1,7206.4099115776535,15011.376224098289
Enc1,7246.8437832291675,15373.981219950792
Enc1,7250.454580285986,15387.277572079085
Enc1,7259.58612857432,15393.370915701566
Enc1,7263.5494929208635,14908.909269380883
Enc1,7241.961975979207,14903.654034228508
Enc1,7251.487630730147,14929.746986364427
Enc1,7252.027579383668,14923.178256312465
Enc1,7223.5889650325325,14915.954215864547
Enc1,7247.409954933495,15121.458623161308
Enc1,7255.066817881693,15143.68984516848
Enc1,7242.980235692944,15140.710676345663
Enc1,7266.866139968637,15093.932757216335
Enc1,7248.999825862279,15038.65539313256
Enc1,7254.048801828794,15041.693678604379
Enc1,7240.392806478029,15040.400911310971
Enc1,7260.48844630222,15057.359031103693
Enc1,7260.241292441243,16530.504990109202
Enc1,7259.724308322668,16538.716305052723
Enc1,7256.157300553095,16555.96602298633
Enc1,7252.432403587536,15445.431188419145
Enc1,7251.894764101493,15450.214581567168
Enc1,7266.576046337972,15441.26579475723
Enc1,7263.824657906365,15283.560953153115
Enc1,7288.498895887332,15206.237125613961
Enc1,7289.841566664752,15196.813492582136
Enc1,7278.199539026284,15281.729016049243
Enc1,7284.518275732474,15319.934863236931
Enc1,7317.800450145863,15398.187059005098
Enc1,7298.104859176222,15270.974717913297
Enc1,7330.624844124648,15660.301868413291
Enc1,7327.60761886647,15278.339953991284
Enc1,7342.352090024072,15412.474270564
Enc1,7345.081215530575,15402.915859215716
Enc1,7351.127298247934,15369.511634210985
Enc1,7349.857153199109,15380.515070478588
Enc1,7363.850452348847,15316.099301889813
Enc1,7354.90347706097,15300.21423497952
Enc1,7363.203764446823,15625.171678932744
Enc1,7357.395258949305,15688.322267294236
Enc1,7354.269685525587,15676.046380158448
Enc1,7379.4496045857695,15756.827727086416
Enc1,7366.891852576129,15760.902526254731
Enc1,7375.459459097753,15426.352467311259
Enc1,7401.840519648914,15404.446756416428
Enc1,7395.63514980383,15426.762662080202
Enc1,7375.371014880068,15246.1973986374
Enc1,7359.271614856328,15258.86818792338
Enc1,7359.459571451058,15353.257636381366
Enc1,7369.480573232286,15122.462317159492
Enc1,7368.28979720003,15641.112718158229
Enc1,7384.328039542145,15648.785865848959
Enc1,7387.436662975205,15665.989667977834
Enc1,7400.3005128697605,15477.50730223502
Enc1,7401.106732958936,15490.484038478155
Enc1,7410.629089719385,15698.9822991593
Enc1,7421.462590803863,15512.899867467488
Enc1,7433.371455504317,15839.662577203839
Enc1,7441.920045955968,15837.068467342859
Enc1,7435.590664125332,15646.143066069952
Enc1,7468.106860994862,15856.110030207079
Enc1,7493.279644703984,15744.680288499772
Enc1,7466.725588493826,15570.265109187043
Enc1,7475.581285894842,15572.826786890751
Enc1,7496.658318714724,15807.917317863012
Enc1,7501.943382863898,15815.116185433919
Enc1,7531.880245550206,15798.080763898113
Enc1,7500.771169912193,15840.068844360714
Enc1,7524.490309792829,15684.824253626037
Enc1,7513.023517311922,15693.594142816648
Enc1,7529.580765386033,15752.617936758257
Enc1,7519.978918316641,15933.135280923558
Enc1,7520.619519831706,15932.447014937867
Enc1,7534.808389357891,15915.499844289036
Enc1,7530.749701791177,15848.869735171982
Enc1,7558.758245227884,15941.465442842098
Enc1,7571.057919591039,15850.056298396192
Enc1,7556.316561639333,15860.193878701355
Enc1,7566.952593854902,15870.776457478274
Enc1,7588.179313153735,15922.323276472904
Enc1,7593.9270691095535,16933.826188343675
Enc1,7609.302763745963,15848.369379196656
Enc1,7610.480014528419,15994.835958318119
Enc1,7611.9596895609375,15874.06002826521
Enc1,7609.7126735822785,15909.782712209455
Enc1,7619.165957213381,16101.91757311986
Enc1,7630.466754545299,16122.254766499302
Enc1,7629.383275304628,16127.44558458637
Enc1,7635.17845959372,16103.940320419528
Enc1,7663.074516522407,16175.047210044338
Enc1,7665.740655007205,15979.2082890432
Enc1,7694.17650169878,16073.385346267669
Enc1,7705.335626228303,16088.143634986356
Enc1,7690.527834664953,15964.496130597208
Enc1,7693.64831446459,16147.273234554947
Enc1,7679.434306457823,16163.298906912167
Enc1,7692.738931176298,16122.954561487315
Enc1,7745.719491458271,16146.015125214852
Enc1,7740.990485354448,16148.269415308863
Enc1,7738.925707498257,16074.193509843097
Enc1,7782.274462003134,16288.613028293232
Enc1,7754.516336505705,16276.731596340478
Enc1,7751.485470539632,16275.235803377533
Enc1,7769.059213602888,16042.401062794246
Enc1,7772.742810330884,16058.84070042232
Enc1,7805.9661322467,16138.835736567979
Enc1,7805.865117583563,16177.975747953384
Enc1,7833.011472264127,16276.09943288833
Enc1,7838.420886759935,16201.967327807848
Enc1,7837.350914330238,16204.356650511461
Enc1,7821.284576018538,16306.319940969746
Enc1,7834.8229737381425,16310.859211908715
Enc1,7835.4055799462,16304.13850832275
Enc1,7845.937090554607,16382.09892065876
Enc1,7883.5405494707475,16450.276900759567
Enc1,7883.327211534514,16469.68753284381
Enc1,7868.023348886088,16262.673845472831
Enc1,7887.128586803097,16501.57032881599
Enc1,7893.149789905795,16298.4455327306
Enc1,7908.152837971982,16415.903046757325
Enc1,7906.955307348604,16460.631828722766
Enc1,7927.578441822316,16552.392902172072
Enc1,7935.627690271463,16459.44061491983
Enc1,7969.482429276227,16582.98089273532
Enc1,7955.881510768308,16588.570237161228
Enc1,7949.100275861348,16497.560870612808
Enc1,7950.247777322051,16501.314221529596
Enc1,7954.81613352639,16357.569555887168
Enc1,7949.161625538907,16350.661772963475
Enc1,7967.673591055248,16347.08876479724
Enc1,7968.555794850987,16401.933261632712
Enc1,8044.054867118404,16519.48873458209
Enc1,8020.01198547031,16498.898439036337
Enc1,8012.818306123703,16504.938948986128
Enc1,8043.209371702914,16398.89506038209
Enc1,8038.289703856285,16607.213094223294
Enc1,8032.751199112555,16607.297009476548
Enc1,8065.211126134876,16662.30554177267
Enc1,8100.585819741066,16585.41359675081
Enc1,8104.171544782006,16564.386958053135
Enc1,8099.318473560007,16483.959180487953
Enc1,8101.8072912914495,16513.972210390744
Enc1,8146.928965203557,16682.622906643246
Enc1,8156.592817560354,16694.762248685503
Enc1,8202.822152219383,16601.120066304415
Enc1,8229.186250814286,16738.29760641067
Enc1,8252.769005482558,16650.04573544523
Enc1,8252.787247402688,16657.41409194588
Enc1,8258.744204805407,16678.51556722725
Enc1,8255.251848422518,16695.553570741136
Enc1,8260.62494020323,16705.81264038747
Enc1,8274.671960995047,16684.1495230779
Enc1,8273.842405629533,16672.194231727237
Enc1,8272.398588626305,16646.767207565637
Enc1,8288.398236411369,16941.8306221275
Enc1,8299.688108802071,16706.44196822396
Enc1,8294.26519914558,16690.75489777412
Enc1,8317.900321207273,16687.69944407944
Enc1,8296.968093634554,16707.212327116238
Enc1,8289.834123849705,16701.676947671636
Enc1,8315.986466765133,16801.2136713163
Enc1,8337.984068486408,16812.58072852395
Enc1,8364.72631214342,16832.56596267872
Enc1,8376.934322807492,16778.557040274973
Enc1,8412.918641011376,16835.880575068182
Enc1,8410.814931243436,16839.31111624072
Enc1,8418.46551108028,16841.31304369997
Enc1,8436.263565865715,16906.71445988329
Enc1,8453.198067046793,16916.692191229035
Enc1,8445.865209817133,16920.309718143795
Enc1,8457.405535744929,16915.781147834623
Enc1,8449.999038294902,16896.501175346293
Enc1,8447.40503122218,17047.250810164307
Enc1,8441.710824934717,17046.022266244116
Enc1,8447.541711496278,17040.90756188715
Enc1,8475.415512850575,16919.30285067034
Enc1,8468.815335591982,16907.357301017528
Enc1,8494.12405686639,16951.26873877608
Enc1,8519.250067468858,16985.561093227883
Enc1,8519.561146731376,17054.97874493961
Enc1,8528.624735645211,17050.7372826794
Enc1,8550.290629209638,17073.09085165226
Enc1,8548.868996090107,17107.658635386364
Enc1,8558.36962341651,16990.874435071535
Enc1,8537.649998191828,16981.908417551855
Enc1,8546.47805234411,17043.569928806402
Enc1,8556.73497987393,16909.690814963753
Enc1,8612.398930352596,16972.017287488467
Enc1,8609.79766999398,16976.697022768778
Enc1,8606.986688974966,16986.813225001646
Enc1,8629.783331313804,17002.40657963387
Enc1,8648.750861262786,17012.533992225788
Enc1,8653.442007194488,17010.909541794543
Enc1,8660.00137263534,17003.169563692936
Enc1,8660.401683772385,17010.959867828962
Enc1,8642.898496785814,17079.265993345187
Enc1,8654.02666171762,17136.89487672761
Enc1,8662.924409529876,17145.033640145386
Enc1,8677.023272828572,17143.011803540787
Enc1,8652.753254494895,17145.220694519365
Enc1,8672.729284488782,17138.558745137143
Enc1,8662.714347082614,17087.039194877594
Enc1,8675.588253160695,17082.053241710677
Enc1,8660.475934525413,17085.635255108315
Enc1,8682.416278581211,17173.450471082277
Enc1,8679.24750245481,17196.31506269521
Enc1,8698.650878518974,17224.590332425727
Enc1,8718.548147737143,17145.653202232876
Enc1,8737.377381466564,17171.5275460608
Enc1,8742.804930135802,17093.566031300692
Enc1,8814.326156302594,17198.147256826156
Enc1,8842.259324235005,17194.00696436496
Enc1,8861.668412859273,17271.28845386152
Enc1,8878.907581786176,17204.711529066848
Enc1,8882.519497390906,17188.945225255393
Enc1,8900.992553804366,17241.358774012748
Enc1,8895.390423356173,17386.839740601263
Enc1,8910.544493018988,17369.121625459735
Enc1,8920.330327989184,17352.10327566245
Enc1,8896.813855684222,17360.94690763901
Enc1,8918.719954440818,17244.58700637617
Enc1,8920.122985869877,17246.813159347246
Enc1,8920.481210717815,17240.21675264858
Enc1,8945.386650822542,17195.947783149906
Enc1,8951.347664238803,17279.344337688115
Enc1,8946.158897197703,17315.32829811642
Enc1,8957.770358503023,17298.88735058159
Enc1,8953.960133580711,17313.81050280982
Enc1,8955.707650989085,17384.96655953755
Enc1,8947.949012156294,17373.16765555082
Enc1,8950.523279795396,17366.32036636545
Enc1,8987.183287714728,17345.146715288643
Enc1,8998.77893417315,17353.534516611147
Enc1,8978.001673794488,17341.072062955078
Enc1,8967.609326565931,17300.98466135991
Enc1,8986.463023971603,17381.69011122967
Enc1,8994.771174351716,17391.451999337965
Enc1,9013.49894403368,17439.860323032128
Enc1,8996.182736068666,17439.25108353104
Enc1,9030.22551547515,17402.88055238508
Enc1,9024.12390263377,17278.85203216932
Enc1,9025.407171174786,17275.79480212278
Enc1,9037.009740547524,17264.90657018891
Enc1,9053.179619911542,17403.763096687435
Enc1,9040.205296168895,17389.187202496207
Enc1,9048.477957587065,17392.479390922686
Enc1,9051.107598871551,17239.848840526265
Enc1,9061.246037008617,17357.86718367195
Enc1,9057.942005873654,17443.15707300514
Enc1,9059.26470842595,17427.9250371581
Enc1,9079.906056872436,17289.964225910142
Enc1,9093.762849470668,17279.74987210083
Enc1,9098.49979766632,17404.37221006774
Enc1,9086.910693724809,17330.83882871696
Enc1,9143.402214694557,17347.168695886456
Enc1,9140.816411899328,17384.85195947933
Enc1,9137.954625754994,17388.907151577572
Enc1,9152.454576798258,17395.42177800696
Enc1,9156.8910541746,17452.874360108755
Enc1,9155.990247473599,17465.15375598907
Enc1,9154.164908869527,17450.75787415897
Enc1,9203.91573611321,17567.567943995382
Enc1,9180.235415376548,17587.47614709173
Enc1,9184.322476944333,17467.34051305565
Enc1,9212.248319952538,17416.08028367029
Enc1,9234.121834195405,17374.36122827954
Enc1,9237.885076648676,17385.620481423743
Enc1,9222.118732613866,17366.937498466086
Enc1,9247.64744743187,17464.865977880665
Enc1,9224.04850302174,17484.201906868162
Enc1,9234.560101140542,17469.864273902025
Enc1,9255.461015660912,17398.076015368584
Enc1,9258.226097968201,17413.38521298689
Enc1,9282.979296162723,17529.80296827296
Enc1,9275.26154524297,17389.445723043056
Enc1,9291.36447815487,17597.173408298277
Enc1,9295.629667507192,17591.10467947359
Enc1,9299.69015101922,17208.470432149134
Enc1,9309.094325503356,17375.82748793561
Enc1,9307.321410628063,17356.940340228502
Enc1,9310.306227563737,17398.693236766052
Enc1,9327.215877850062,17485.067328883735
Enc1,9362.620349891053,17487.639965487706
Enc1,9344.164621110393,17489.671761376012
Enc1,9350.071879041427,17652.463596993293
Enc1,9396.57255766203,17400.693342913964
Enc1,9381.023734207527,17394.707422165946
Enc1,9425.927513559745,17529.588627318535
Enc1,9423.926446757092,17450.649829044512
Enc1,9429.268299033107,17435.166520376344
Enc1,9416.65394182275,17434.40195288145
Enc1,9407.059176490944,17435.26327907583
Enc1,9417.466611345428,17606.36380839614
Enc1,9429.397439246142,17596.38674285119
Enc1,9424.684883391248,17578.52145761381
Enc1,9426.476784078235,17559.10315211282
Enc1,9461.838354439304,17434.97132007923
Enc1,9456.2685163281,17455.10941015173
Enc1,9437.954142751401,17436.939049674664
Enc1,9460.379239783779,17541.867209413453
Enc1,9466.566356614216,17536.82947176355
Enc1,9454.899785158397,16888.709507463227
Enc1,9517.596726395723,17497.09546518777
Enc1,9500.363531877445,17474.188467881824
Enc1,9495.658988042256,17508.29216232737
Enc1,9544.135468364402,17489.398219808143
Enc1,9563.059620693231,17481.207335865234
Enc1,9563.544352388486,17485.2519035408
Enc1,9552.68878938885,17612.78566735059
Enc1,9559.434272760895,17596.534052490126
Enc1,9567.070520894427,17648.34793049815
Enc1,9599.092066358215,17560.355583119563
Enc1,9591.935045753597,17564.9694398613
Enc1,9632.59875519786,17605.055689612942
Enc1,9649.154323135584,17595.81745214066
Enc1,9665.919872365912,17549.945133277783
Enc1,9676.109543163255,17654.207930662622
Enc1,9675.375706152885,17592.278646234106
Enc1,9682.286386008098,17578.872266832015
Enc1,9688.303324837198,17536.520892362503
Enc1,9747.08793372005,16632.8720923956
Enc1,9743.837330941442,17569.797213803948
Enc1,9742.570093572984,17539.19976885276
Enc1,9742.96677413671,17553.31984709088
Enc1,9744.863640522324,17754.876939481823
Enc1,9740.343047513259,17763.542660808984
Enc1,9750.33334955379,17652.36871549418
Enc1,9762.463605433404,17659.5006196041
Enc1,9741.057254689276,17670.632424271673
Enc1,9758.604855427931,17598.834845267833
Enc1,9772.621811119008,17717.62761183182
Enc1,9762.839565033899,17651.82545332367
Enc1,9791.226499437564,17593.59998075084
Enc1,9827.731720227264,17766.11178571215
Enc1,9836.448632610856,17680.10368772142
Enc1,9832.006772669298,17734.27869999696
Enc1,9834.7656989282,17726.231322379794
Enc1,9893.580618147827,17674.339269945158
Enc1,9894.03087681221,17762.215291638673
Enc1,9916.86883564235,17707.192869270195
Enc1,9913.736804420325,17711.443516515465
Enc1,9896.511207065734,17717.987532977037
Enc1,9924.28590882421,17682.426827970397
Enc1,9950.398924516929,17791.34508435189
Enc1,9926.917295136638,17801.85014842082
Enc1,9942.46115533113,17813.817704789228
Enc1,9979.825485175428,17739.785862502344
Enc1,9957.544594145598,17765.548630571207
Enc1,9934.749785154945,17766.67669612653
Enc1,9955.592134627324,17754.588500624373
Enc1,9997.29987653064,17763.105172115134
Enc1,9985.890486819932,17779.743446724922
Enc1,10045.30766830563,17844.674075444935
Enc1,10034.96277817183,17867.060716739514
Enc1,10033.457996777066,17861.09706485514
Enc1,10039.651438434395,17716.869902228973
Enc1,10031.327195205431,17734.917428011944
Enc1,10028.456401110441,17734.537048295133
Enc1,10058.49059741006,17753.997852645025
Enc1,10069.303292123654,17757.923555161356
Enc1,10105.12164335251,17694.670691491207
Enc1,10098.876772579466,17705.199496502297
Enc1,10092.02749324686,17709.717126808704
Enc1,10124.428491636045,17738.531788958877
Enc1,10115.741744055682,17743.7799015038
Enc1,10123.291468885853,17757.64450811372
Enc1,10133.098968381702,17833.366219092975
Enc1,10121.72713708033,17821.850100385684
Enc1,10134.7277371308,17775.19458793935
Enc1,10149.95759389584,17932.460406342474
Enc1,10165.188268486789,17769.259657962833
Enc1,10178.99968215524,17874.17529191731
Enc1,10181.612561972084,17705.09007077665
Enc1,10164.467024602493,17708.842640418105
Enc1,10170.749786443484,17700.588283694913
Enc1,10193.662593196272,17893.329748344975
Enc1,10201.935066213373,17783.41467800622
Enc1,10207.987690871394,17767.023534806605
Enc1,10179.342910619334,17809.794793892084
Enc1,10191.111734246782,17857.723647095085
Enc1,10232.001535638454,17747.996967037252
Enc1,10236.90511614408,17749.627050990246
Enc1,10219.467934877825,17769.318595555
Enc1,10218.685173404461,17791.24119123979
Enc1,10226.968131647453,17814.648663620614
Enc1,10269.829206084913,17749.437137894634
Enc1,10265.736935227433,17738.2609613784
Enc1,10304.872497171315,17888.680409664954
Enc1,10277.418254293192,17887.500697262465
Enc1,10272.415226209765,17872.758479702352
Enc1,10299.40883620921,17962.712778106823
Enc1,10311.493195363271,17800.639752346786
Enc1,10313.095751080025,17834.187233971275
Enc1,10293.131234657607,17831.594639725827
Enc1,10283.588706726538,17827.162623162945
Enc1,10321.195143582876,17898.43965763903
Enc1,10333.03232222394,17883.13763532662
Enc1,10327.351167230869,17889.632956412264
Enc1,10365.91765668759,17899.464257749685
Enc1,10402.415555189851,17780.64839993758
Enc1,10385.215032946899,17769.717982688377
Enc1,10383.983735737538,17768.928015130314
Enc1,10396.71750889214,18090.198098299166
Enc1,10393.719828535424,18104.041495808833
Enc1,10393.462804010811,18094.689372345474
Enc1,10385.693116340699,17843.09238161559
Enc1,10406.786738135503,17867.706271658688
Enc1,10422.40664568369,17909.686321246303
Enc1,10468.258570066553,17912.45035577376
Enc1,10466.502861638275,17891.567996937447
Enc1,10488.486556448732,17893.33952679541
Enc1,10509.837816233266,17892.558803065895
Enc1,10530.448825263988,17817.175969388616
Enc1,10525.653832433143,17815.997267009658
Enc1,10542.378874521763,17819.526727509518
Enc1,10535.630518214128,17803.8927616711
Enc1,10531.796476154454,17817.92724064186
Enc1,10548.01959375034,17890.032189831665
Enc1,10560.525785916494,17819.853461315346
Enc1,10558.105351519565,17809.804972652724
Enc1,10584.773334722327,17881.893201412513
Enc1,10602.929744760304,18023.22088722872
Enc1,10626.097314034425,17843.302728119157
Enc1,10651.316942307494,17839.02545682898
Enc1,10648.382491754353,17831.849869454476
Enc1,10646.623982602421,17980.4331746502
Enc1,10658.16021006909,17867.014513662627
Enc1,10652.810199672096,17875.31182045642
Enc1,10652.986754105475,17880.709821903092
Enc1,10639.360919829367,17885.12677155504
Enc1,10658.655819821213,17872.78437284107
Enc1,10674.66945391092,17954.164402327515
Enc1,10655.332517502266,17927.850858383845
Enc1,10651.530293743615,17926.789787629095
Enc1,10661.057037677881,17852.15645040584
Enc1,10679.222307603288,17847.222443115348
Enc1,10674.528562005306,17868.225510125692
Enc1,10748.972137323322,17948.113014604383
Enc1,10743.189276867644,17948.52831884937
Enc1,10737.139358290091,17902.048783364204
Enc1,10745.741935375005,17902.168059901116
Enc1,10748.888603341336,17890.108257965134
Enc1,10751.141894727574,18048.314801763805
Enc1,10749.448965382857,18028.485748499053
Enc1,10767.736979318648,18041.617617976986
Enc1,10764.315749291014,17843.52608082768
Enc1,10788.723532022937,17885.01902590254
Enc1,10796.48116582277,17917.170564459746
Enc1,10835.87203968987,17966.317861276537
Enc1,10863.15632236348,17859.42346528423
Enc1,10870.049427546624,17941.907969203385
Enc1,10854.908759491438,17923.85944831309
Enc1,10858.468172578447,17940.620628305547
Enc1,10886.698828097715,17852.576177944884
Enc1,10909.892052348901,17803.60521568806
Enc1,10897.874550127717,17812.585262802582
Enc1,10903.831353907632,17869.640190616577
Enc1,10912.47926101737,17887.607788813057
Enc1,10939.285092410151,17902.414653724325
Enc1,10998.031342667933,17890.1757075342
Enc1,10990.833439805174,17874.89105584593
Enc1,11029.10029610782,17865.0108909461
Enc1,11013.289413692664,17854.837724772842
Enc1,11015.010159602869,17845.319218983987
Enc1,11013.50658709436,17855.55107723319
Enc1,11029.728620510381,17952.617191948124
Enc1,11042.915116797052,17915.24448662707
Enc1,11025.760911507334,17919.974274201686
Enc1,11042.714245648282,17910.003235843138
Enc1,11058.686213696374,17830.375853787205
Enc1,11053.62570153633,17843.17996324663
Enc1,11050.4224341405,17853.73026858101
Enc1,11109.224116328773,17801.496121432538
Enc1,11109.725918161634,17897.14668828676
Enc1,11115.59935736332,17872.509268897356
Enc1,11128.809071016209,17874.413656405126
Enc1,11118.518676805394,17918.766611554358
Enc1,11134.441591781007,17928.79678567798
Enc1,11125.364157812694,17910.174531058678
Enc1,11178.292523038179,17888.820114351885
Enc1,11201.066574800803,17886.913546958538
Enc1,11198.01831512896,17892.77041034723
Enc1,11212.096917678322,17844.92404297323
Enc1,11204.253326110818,17803.34614423491
Enc1,11192.916004397035,17790.271760640495
Enc1,11237.456717952577,17877.765828499305
Enc1,11216.275791765569,17849.182886516395
Enc1,11281.621096430772,17787.837045336564
Enc1,11284.19340888733,17809.70420472903
Enc1,11284.369179508862,17792.95955872315
Enc1,11286.639532881245,17906.752472564658
Enc1,11291.345463099267,17894.76335661839
Enc1,11298.871492853648,17890.481471288753
Enc1,11281.521541308683,17931.2834297903
Enc1,11294.80899047449,17935.926172573443
Enc1,11316.815921330513,17744.798233137328
Enc1,11287.487705759546,17840.68808898816
Enc1,11361.541925850288,17707.69157254204
Enc1,11351.080873660414,17783.699797558424
Enc1,11370.698509908863,17888.776755552288
Enc1,11372.123802998689,17914.409575913847
Enc1,11397.582158014477,17727.118362405326
Enc1,11386.781651302448,17723.826196965485
Enc1,11450.307919823788,17784.904279262028
Enc1,11466.227486809257,17804.913458440562
Enc1,11450.722115557652,17790.698257394768
Enc1,11468.272866621584,17763.63376324753
Enc1,11485.561700657296,17719.420733990664
Enc1,11480.896961120614,17792.61071109708
Enc1,11516.202887693476,17667.275912251152
Enc1,11522.861205853214,17684.00331570808
Enc1,11530.938347671601,17739.540373641186
Enc1,11536.296483563458,17744.541240742114
Enc1,11544.443364230294,17739.700389235855
Enc1,11558.064860611976,17709.089202325125
Enc1,11582.422214823244,17572.489246166875
Enc1,11591.247762193887,17589.322508984857
Enc1,11584.655061844262,17665.344624971425
Enc1,11600.338525402218,17747.442940925688
Enc1,11619.50156032498,17656.11264884185
Enc1,11646.827639666095,17645.50723349145
Enc1,11639.085983180285,17759.86403338418
Enc1,11665.449144186128,17727.388402961213
Enc1,11654.672241143648,17739.60650588712
Enc1,11659.475788696433,17687.973556662055
Enc1,11649.072113349594,17701.26759825143
Enc1,11646.074656766956,17829.503858058575
Enc1,11700.866914009972,17755.0498286679
Enc1,11735.6312413276,17590.026142278737
Enc1,11761.097298454431,17615.163310737134
Enc1,11750.783336096867,17596.400640991815
Enc1,11743.821169479812,17649.51733617288
Enc1,11753.297722968027,17647.28205681822
Enc1,11770.42337295145,17731.498821088968
Enc1,11764.674120338419,17730.55059562987
Enc1,11783.515318948306,17602.404930802008
Enc1,11789.843971242368,17617.247454647946
Enc1,11805.268558922773,17615.57026210405
Enc1,11779.89894040337,17691.935891676883
Enc1,11775.758808009195,17682.033579976287
Enc1,11781.19412908333,17683.72799957152
Enc1,11809.878886271952,18085.163755233694
Enc1,11812.907146584468,17740.861804970435
Enc1,11844.52500597408,17736.52151093593
Enc1,11823.031128628178,17735.87054412648
Enc1,11825.330032327764,17721.72152413432
Enc1,11819.17237160337,17553.46994601746
Enc1,11835.628679199983,17550.504544289055
Enc1,11815.239828604344,17612.22152010698
Enc1,11823.708711352007,17610.461461307652
Enc1,11834.359752936405,17558.180671750968
Enc1,11839.825003487125,17677.11484173357
Enc1,11868.218192105613,17694.76801231789
Enc1,11855.399644609444,17643.541617641647
Enc1,11881.966918841155,17539.341802520175
Enc1,11880.029432215415,17547.219063543642
Enc1,11889.008164854267,17541.046862663534
Enc1,11897.9195589359,17601.362524376967
Enc1,11910.717063344193,17601.743207015854
Enc1,11904.004557382706,17606.901829984894
Enc1,11910.788630124114,17695.217745970156
Enc1,11918.506855104364,17531.70262308251
Enc1,11939.880908909756,17527.02279692552
Enc1,11911.07418127447,17540.751536833395
Enc1,11925.506983320982,17523.093975123214
Enc1,11912.322175498748,17530.043329896187
Enc1,11960.55963441136,17574.676352136732
Enc1,11946.025551711951,17572.292110860868
Enc1,11958.753309124386,17579.268216676097
Enc1,11963.408980531094,17523.4015298156
Enc1,11969.015492375469,17528.65144734052
Enc1,11974.619123111586,17525.464219690006
Enc1,11964.48860023172,17657.384060803113
Enc1,11984.495357427986,17488.444505468597
Enc1,11981.864441321399,17487.168652003187
Enc1,11991.612955948152,17482.828865294232
Enc1,11975.048559760033,17284.188627676078
Enc1,11995.422782761461,17446.258487547235
Enc1,12000.284561142724,17444.781156135796
Enc1,12009.779503152633,17436.415898147345
Enc1,12011.758852368434,18214.959273972396
Enc1,12010.344783534389,17679.016409995813
Enc1,12014.892528903143,17467.079154772757
Enc1,12011.466740781256,17462.501762662378
Enc1,12076.018031440652,17542.20363947655
Enc1,12080.583488730168,17554.56080997751
Enc1,12090.79792451793,17433.32311940235
Enc1,12129.212122705287,17512.849553287764
Enc1,12135.051995008902,17357.083518305517
Enc1,12142.475409450748,17362.721479632295
Enc1,12164.817428190929,17456.668696968347
Enc1,12179.083399576284,17347.58128530724
Enc1,12169.47163930803,17580.744548254184
Enc1,12197.585973485528,17339.44269865885
Enc1,12208.676601581443,17319.723133821954
Enc1,12206.040642792335,17370.66782041339
Enc1,12200.770381042148,17364.554292307806
Enc1,12212.482446509228,17441.38734592205
Enc1,12226.818711350508,17409.796143599102
Enc1,12258.013774419926,16965.725576374603
Enc1,12262.331808320763,16965.22395855207
Enc1,12261.17468429401,17246.805911719548
Enc1,12263.331065842678,17244.2709807128
Enc1,12272.874684647017,17351.32256319962
Enc1,12284.564032981882,17339.942009110335
Enc1,12302.938907778504,17337.040772729364
Enc1,12293.819979471395,17353.772255934582
Enc1,12273.618277830326,16399.909930576752
Enc1,12304.50220216789,17237.664623303088
Enc1,12295.21592096536,17216.19057484252
Enc1,12295.189584222699,17209.480135068407
Enc1,12312.30820710388,17303.02253184438
Enc1,12292.422792122883,17288.221664636905
Enc1,12301.700228186846,17731.06747845696
Enc1,12304.282849399478,17711.83940015974
Enc1,12298.065696358335,17716.8551120698
Enc1,12308.271456848714,17724.413818239464
Enc1,12292.798217056004,17765.531890498085
Enc1,12296.787431314335,17165.82051493265
Enc1,12327.618104632216,17263.649208389168
Enc1,12327.555444043279,17396.03677316292
Enc1,12329.815678015779,16360.677009372455
Enc1,12336.829395768831,16366.400193660082
Enc1,12332.616961591346,16361.450975823616
Enc1,12323.002905171104,17423.192167973033
Enc1,12348.482792244145,17241.894971127847
Enc1,12340.05469084248,17248.78606949868
Enc1,12326.632876009728,17342.65813822972
Enc1,12346.270991643245,17346.69894200126
Enc1,12356.323085493988,17300.75453194727
Enc1,12327.493904697192,17303.421071483503
Enc1,12330.770599856336,17306.585262752324
Enc1,12361.386333825632,17442.801538093183
Enc1,12363.09750087857,17174.977095638074
Enc1,12358.687605089814,17191.375561054094
Enc1,12389.347262148507,17237.218003795682
Enc1,12371.321477065463,17209.327615787322
Enc1,12402.541202517577,17173.466412169844
Enc1,12408.77993064497,17083.693512209727
Enc1,12409.977073024496,17057.91781195152
Enc1,12402.254832255978,17065.069059235248
Enc1,12412.48506783085,17063.78841125577
Enc1,12402.394976359035,17096.817343650542
Enc1,12449.394596284175,17215.016139243562
Enc1,12445.001651919316,17154.994834632886
Enc1,12443.011649206486,17158.46069293439
Enc1,12455.041956138815,17159.649968851816
Enc1,12438.945330222263,17120.862046006878
Enc1,12439.825113224992,17089.38537924444
Enc1,12428.237822351319,17087.663411312493
Enc1,12492.546231747376,17146.394181253338
Enc1,12528.0600404878,17036.64731228966
Enc1,12515.597101627942,17013.975503484697
Enc1,12522.708958205203,17025.001446327617
Enc1,12521.591761639313,17074.77422555375
Enc1,12524.297981470516,16983.04834793382
Enc1,12570.942838432014,17078.52094149426
Enc1,12561.031460488124,17075.708931876634
Enc1,12560.303324794471,17079.168415122567
Enc1,12555.906331619051,16909.354255532377
Enc1,12607.312548649794,16921.669562046358
Enc1,12617.628990420993,17045.16921844389
Enc1,12608.172301419138,17058.213164387525
Enc1,12620.639583509059,17325.272671030947
Enc1,12624.44720296535,17041.983354179818
Enc1,12643.97111602992,17110.983037648733
Enc1,12648.132976332472,17495.47013671809
Enc1,12646.199407271306,17496.43117697626
Enc1,12653.880089373137,17489.01457483434
Enc1,12637.37043941385,16987.751245597727
Enc1,12685.795518770072,16792.446249285425
Enc1,12682.712770610204,16787.740366829366
Enc1,12693.016387556198,16966.30027636391
Enc1,12705.038498424774,16856.182797927493
Enc1,12696.896901087028,16710.655455346157
Enc1,12694.093166665503,16730.55123632106
Enc1,12717.649500902178,16827.658823229878
Enc1,12705.468704917956,16850.55392096745
Enc1,12693.92571876191,16824.52419701814
Enc1,12694.322344393797,16675.156800411783
Enc1,12722.866528298238,16671.19683432235
Enc1,12720.325525533739,16680.210506329626
Enc1,12705.410010621526,17077.908929136134
Enc1,12738.470101516965,16730.348015897885
Enc1,12757.910933547075,16736.75833035328
Enc1,12767.626476652169,16746.345851911596
Enc1,12760.40667926652,17361.490540040417
Enc1,12784.75188107144,16690.359400694688
Enc1,12773.631414599939,16637.95739690772
Enc1,12763.347385795827,16643.944582306205
Enc1,12818.82861967812,16547.567953327423
Enc1,12818.680506127146,16658.407460352842
Enc1,12831.974157964949,16676.275110852934
Enc1,12832.836147584152,16527.473823858403
Enc1,12832.353960555825,16541.08367522372
Enc1,12853.035138263976,16534.371024526474
Enc1,12815.42923956173,16540.270763088003
Enc1,12842.293844617861,16528.090440523003
Enc1,12845.253089192129,16521.890598946466
Enc1,12859.371753123145,16720.389698525425
Enc1,12866.143058991896,16708.600351185614
Enc1,12871.437770659222,16718.699449182637
Enc1,12862.811529960636,17184.27471407119
Enc1,12862.282035115759,17203.6423611356
Enc1,12867.340014916686,17191.87344148044
Enc1,12861.178793363018,17193.99576985346
Enc1,12898.672401602053,16547.821509314297
Enc1,12898.726107715025,16555.29717526719
Enc1,12938.127245043623,16539.531586428966
Enc1,12936.715426991253,16528.674865333647
Enc1,12957.559666221607,16662.009710652244
Enc1,12971.52837176169,16650.974135107623
Enc1,12955.063656843675,16655.68457798014
Enc1,12963.742802273086,16474.142701373774
Enc1,12959.713028377768,16616.786040190953
Enc1,12956.531730413435,16615.762205617528
Enc1,12971.93538578712,16618.83245572768
Enc1,12978.206292357914,16606.7336266394
Enc1,12954.24390475206,16611.190071779314
Enc1,12988.610453798754,16438.038748731524
Enc1,12991.10810266134,16673.221081175103
Enc1,13022.263939521448,16470.849855428456
Enc1,13020.947373754185,16474.825449534466
Enc1,13043.56219823404,16518.995461153623
Enc1,13050.076048686984,16977.72775044304
Enc1,13071.012356504169,16468.594827494413
Enc1,13074.729877335563,16475.134951939704
Enc1,13066.606998213196,16478.602022249957
Enc1,13061.264130721243,16395.7561686584
Enc1,13045.279503807327,16417.974418685957
Enc1,13057.846631357914,16420.522684457144
Enc1,13069.577794626439,16411.56718114719
Enc1,13077.29898259434,16522.342480785384
Enc1,13079.394081994806,16531.19651572555
Enc1,13092.789081525858,16546.1845093293
Enc1,13081.945494275364,16616.27135674387
Enc1,13089.625696179559,16598.901249959057
Enc1,13086.21916410684,16603.318116404833
Enc1,13112.020984145394,16427.911919000566
Enc1,13095.440307129633,16505.515569945506
Enc1,13106.64557800311,16491.839139727017
Enc1,13107.06824985786,16363.88232234107
Enc1,13132.139454651722,16416.922707930084
Enc1,13138.960855040443,16579.269220087594
Enc1,13202.025399840248,16417.014016786758
Enpp2,6218.533801519579,14041.50191766086
Enpp2,6258.766409264992,13040.228407765535
Enpp2,6398.223847497842,14955.268884475156
Enpp2,6500.0796827396525,13231.354435575542
Enpp2,6917.27163034382,14515.931636747284
Enpp2,6935.746861365737,13905.61809411177
Enpp2,7064.45652939638,15141.847337918312
Enpp2,7206.635961856612,15228.961273051007
Enpp2,7227.922729925577,16432.15394884819
Enpp2,7628.369312229199,16398.591992758393
Enpp2,7901.894550322663,16254.710812462845
Enpp2,7870.1425092158715,16252.685127299803
Enpp2,7968.328700792838,14591.878771745118
Enpp2,7989.729566075481,14583.883515666235
Enpp2,8105.11363582281,16509.15894092122
Enpp2,8149.534478175787,16594.638523325593
Enpp2,8751.463674760913,17906.131618550637
Enpp2,8757.0587828316,15837.087367546339
Enpp2,9137.921571826759,17403.56764228629
Enpp2,9175.908830355165,17314.192631611902
Enpp2,9339.742108039985,17578.63000079482
Enpp2,9711.634846107083,17081.292310118257
Enpp2,9735.281516031977,17084.47102816554
Enpp2,9714.321373476852,17090.17180776214
Enpp2,9721.442657343543,17077.159806570413
Enpp2,9725.761741437518,17105.04164843454
Enpp2,9734.773979744312,17083.31440222303
Enpp2,9709.322305343709,17087.5797436437
Enpp2,9714.446576078335,17072.588461066476
Enpp2,9716.451576986836,17083.5656026973
Enpp2,9869.870536602682,17775.495618346016
Enpp2,9946.940464340994,16768.341910834857
Enpp2,9987.619572948968,17347.520905490852
Enpp2,10154.199228432166,17683.92762043147
Enpp2,10205.745739281261,17251.834863176722
Enpp2,10198.932579544993,17259.159953587106
Enpp2,10634.327994638092,17844.09049355241
Enpp2,10726.966666090559,17923.489648087565
Enpp2,11112.478507336367,18402.26597133653
Enpp2,11595.895463330233,17809.26067654513
Enpp2,11754.187491520284,18117.242020965172
Enpp2,12539.880395825734,17664.39056191088
Enpp2,12705.670294051815,17731.07656425079
Enpp2,12737.442192476348,16677.661558976142
Enpp2,12828.92790795643,17518.37916903218
Enpp2,12856.075355840858,16737.86136412847
Enpp2,12910.504712245965,16437.649561368224
Enpp2,13012.182593584348,16419.98516156249
Enpp2,13015.473953995866,16445.743723007996
Enpp2,13281.183684907071,17435.312501679506
Enpp2,13444.657661656343,17111.430550518417
Fam19a1,6867.426484033506,14324.792588258808
Fam19a1,6857.168743817841,14393.22027828971
Fam19a1,6893.3731260628665,14651.444772429904
Fam19a1,6885.656044087333,14636.344330437112
Fam19a1,6905.2114490331805,14243.005303739115
Fam19a1,6903.638286684548,14233.892044863753
Fam19a1,6890.895006251647,14247.3581456458
Fam19a1,6893.452643848938,14216.328611279061
Fam19a1,6911.345677032101,14238.351373626832
Fam19a1,6882.448034771755,14234.405297092704
Fam19a1,6903.203664302303,14225.362631295533
Fam19a1,6885.118030595815,14521.320931965807
Fam19a1,6905.360761575823,13962.268500771468
Fam19a1,6928.366824567748,14216.896589991662
Fam19a1,6947.121644165668,14228.613431445685
Fam19a1,6924.519036980074,14221.647942243924
Fam19a1,6922.388480590874,13749.5262299162
Fam19a1,6955.660166161085,14057.004207691447
Fam19a1,6952.1127149461345,14028.94468033936
Fam19a1,6957.885754511061,14045.878751615002
Fam19a1,6944.8420756769965,14695.46928851095
Fam19a1,6948.945149983445,14678.397254197504
Fam19a1,6960.630480927695,14688.227621850387
Fam19a1,6970.615356789481,14656.158321703768
Fam19a1,6977.124136249296,14634.513393745076
Fam19a1,6991.8406730180595,14643.183633715898
Fam19a1,6959.596760612007,14877.968651161407
Fam19a1,6960.311537227857,14874.993665528338
Fam19a1,6978.154270360215,14300.71797641517
Fam19a1,6976.578937545794,13748.848638408044
Fam19a1,6978.567125915374,13761.159047241332
Fam19a1,6975.095844503953,13839.006990530996
Fam19a1,6966.489594032,13836.227626422447
Fam19a1,6950.152895323343,13872.83683430701
Fam19a1,6960.357110949001,13877.426795912803
Fam19a1,6961.265395596213,14189.518998877584
Fam19a1,6980.601731467557,13956.8488994696
Fam19a1,6986.126034373102,13954.62236812049
Fam19a1,6983.38866322956,13955.801464932909
Fam19a1,6983.197560290489,13687.019361342163
Fam19a1,7000.522705617923,13687.054937947043
Fam19a1,6999.1135459902935,13919.421378915999
Fam19a1,6996.566367373176,13924.026921426157
Fam19a1,6987.231716609742,13927.30419188303
Fam19a1,6991.595830069933,14445.00143756068
Fam19a1,7003.709295624331,13706.750906205929
Fam19a1,7003.109945572873,13705.763583444783
Fam19a1,7009.816546640391,13706.47207247651
Fam19a1,7038.781308504373,14420.288443668333
Fam19a1,7022.7991130943,14434.475236164895
Fam19a1,7030.4406211093,14425.84490272131
Fam19a1,7018.086816500619,14524.814953879119
Fam19a1,7017.4819491736525,14530.047427898238
Fam19a1,7016.771884126626,14506.046059194658
Fam19a1,7031.432089228232,14516.258724737605
Fam19a1,7038.862829614612,14644.640091236786
Fam19a1,7038.972850500102,14630.0420519105
Fam19a1,7025.643914422035,14640.384771443625
Fam19a1,7013.53477570452,14770.716994771441
Fam19a1,7030.64685560519,14259.869878148957
Fam19a1,7023.223340422788,14769.363833244202
Fam19a1,7046.753591874558,14771.373463248547
Fam19a1,7045.9169745454565,14819.465405466151
Fam19a1,7047.349210791863,14828.813187064228
Fam19a1,7052.105502049868,14825.980235858051
Fam19a1,7047.887102718248,14102.671149030633
Fam19a1,7059.720486894327,13828.2994481821
Fam19a1,7051.485719745392,13727.743774053655
Fam19a1,7054.853960664198,14028.333916147953
Fam19a1,7068.965826874911,14031.973393154096
Fam19a1,7051.426755548585,13907.72626439592
Fam19a1,7056.220399980037,14803.799800409603
Fam19a1,7051.819230109013,14806.778007500505
Fam19a1,7095.379034933535,13970.830392703661
Fam19a1,7081.944332547654,14487.75394579659
Fam19a1,7068.064255951826,14495.57027060372
Fam19a1,7093.187840915479,13708.981166145106
Fam19a1,7102.275338181662,13807.611501094038
Fam19a1,7101.050084494326,13906.605211643084
Fam19a1,7098.084578278198,13897.454328467351
Fam19a1,7110.012203891144,14805.983910692416
Fam19a1,7101.423868186137,13784.857788973211
Fam19a1,7121.490754346428,13777.468546069194
Fam19a1,7133.135126261732,14980.229491432288
Fam19a1,7159.950929876175,13860.778515584318
Fam19a1,7122.980679010369,13853.627875324266
Fam19a1,7139.96502311119,13860.664748404457
Fam19a1,7146.614818666292,13974.716872678297
Fam19a1,7141.636302093506,14908.714842929234
Fam19a1,7149.538856924176,14903.259501477225
Fam19a1,7146.145552776269,14909.001889338273
Fam19a1,7170.36435081045,15136.335159744202
Fam19a1,7155.520255233886,15132.119804148619
Fam19a1,7173.886221327522,15139.110505009312
Fam19a1,7159.966633055167,15143.892352088777
Fam19a1,7151.630327464596,15147.714364132957
Fam19a1,7157.0121441689935,15141.829021503498
Fam19a1,7160.141284479067,15123.070461537849
Fam19a1,7137.621802546448,15131.501153793664
Fam19a1,7134.1418288218765,15132.818723017554
Fam19a1,7163.19513846983,13826.55809131603
Fam19a1,7180.292829798065,13821.261259580235
Fam19a1,7161.210907035503,13818.30352297567
Fam19a1,7163.945609153499,14806.318909796055
Fam19a1,7154.9302530309415,14536.75437424848
Fam19a1,7191.442062844006,13946.864971027255
Fam19a1,7167.564807956269,13945.036613712176
Fam19a1,7175.841041899795,13940.773306246718
Fam19a1,7208.620343783448,15243.932725657844
Fam19a1,7214.684387366973,15408.420282525014
Fam19a1,7232.486301702713,15452.777767511987
Fam19a1,7234.3854061165985,15150.337524525181
Fam19a1,7248.961232991429,15292.074248008805
Fam19a1,7251.740655590522,15347.951447584855
Fam19a1,7286.751927558549,15200.713240265279
Fam19a1,7279.866941539862,15286.829019012299
Fam19a1,7301.585628238222,15341.336567329934
Fam19a1,7296.31268176396,15365.327453917578
Fam19a1,7290.299048975159,15365.201109403803
Fam19a1,7319.79592228682,15354.89600631213
Fam19a1,7305.446879597747,15411.702503961611
Fam19a1,7302.036807946893,15415.769459805897
Fam19a1,7339.733044871705,15320.447246261743
Fam19a1,7339.984712768804,15338.963308155142
Fam19a1,7318.792147066577,15324.512133346565
Fam19a1,7334.637177359757,15326.028103327824
Fam19a1,7331.554206063957,15404.196856149358
Fam19a1,7355.777918104472,15544.342966411223
Fam19a1,7358.707132700149,15288.719801856005
Fam19a1,7369.929474302473,15506.669103137689
Fam19a1,7363.368218373529,15489.309732127153
Fam19a1,7374.385336272979,15486.131311761565
Fam19a1,7389.1915641025225,15423.651381754767
Fam19a1,7380.38888864487,15113.816704930368
Fam19a1,7420.662000337516,15281.709561603486
Fam19a1,7417.3377954041825,15517.339101882128
Fam19a1,7452.099896023356,15306.568360573649
Fam19a1,7445.783807523864,15307.162856112385
Fam19a1,7442.8052740797975,15485.726543599585
Fam19a1,7455.513316190415,15787.294219907868
Fam19a1,7471.584820375885,15727.755935977926
Fam19a1,7494.994185092287,15736.985515738164
Fam19a1,7485.086435857808,15736.732102577656
Fam19a1,7503.9400069468265,15732.42878456102
Fam19a1,7508.618883377942,15832.592421076397
Fam19a1,7509.155480429776,15836.579832334519
Fam19a1,7505.332936130162,15844.51775252311
Fam19a1,7563.835896371322,15960.217473772058
Fam19a1,7596.010822868237,15902.448941826042
Fam19a1,7628.42292665896,15920.87346380432
Fam19a1,7636.689809369967,16004.404407459966
Fam19a1,7645.1510686449255,15954.645480741794
Fam19a1,7681.85849568835,16040.434357899901
Fam19a1,7681.981390628354,16133.382604905244
Fam19a1,7690.886839210619,15997.295094753776
Fam19a1,7692.066377773053,16104.053899598115
Fam19a1,7684.8815188782255,15965.607886924634
Fam19a1,7689.263109454306,15966.514616784036
Fam19a1,7714.823859524398,16255.731455344625
Fam19a1,7705.567731272524,16255.048412253498
Fam19a1,7701.343856224949,16261.332506850562
Fam19a1,7747.162037618228,16125.853343475324
Fam19a1,7740.022121375568,16122.51080420252
Fam19a1,7731.4945017529235,16205.45355176444
Fam19a1,7746.179309142244,16086.91541190575
Fam19a1,7770.7568869280685,16180.354169758248
Fam19a1,7758.12742825165,16113.735857256717
Fam19a1,7757.512622728662,16337.96516968276
Fam19a1,7791.348752516467,16218.712677013373
Fam19a1,7816.371816114456,16212.244628086946
Fam19a1,7806.844928358241,16222.141661025567
Fam19a1,7824.966538072693,16378.695693586553
Fam19a1,7818.074653707574,16375.62093522643
Fam19a1,7839.0498639247935,16412.153638196938
Fam19a1,7843.064097732577,16436.567532854573
Fam19a1,7882.559456470352,16455.36287270441
Fam19a1,7872.195660608686,16247.97241664464
Fam19a1,7879.1501181120475,16507.440705384695
Fam19a1,7878.39112929538,16519.666482824487
Fam19a1,7877.955058734427,16511.328970101746
Fam19a1,7904.747770245567,16303.015463763355
Fam19a1,7894.587151483674,16435.077244332937
Fam19a1,7960.622682105777,16474.72178946524
Fam19a1,7965.514316783851,16590.716590487973
Fam19a1,7946.955163782112,16501.604708086426
Fam19a1,7944.463304279843,16347.15110004218
Fam19a1,7952.535516008524,16355.384991180783
Fam19a1,7949.264281282813,16351.9588307392
Fam19a1,7973.765097469163,16416.384531650372
Fam19a1,7986.190250468394,16396.84628352538
Fam19a1,7991.120502572766,16524.68276953893
Fam19a1,7998.740976451449,16559.241239081515
Fam19a1,8022.688711733323,16578.819502672737
Fam19a1,8025.4242748891575,16394.81358035288
Fam19a1,8038.835943020935,16445.12925518942
Fam19a1,8082.267454380064,16454.907733587952
Fam19a1,8057.272885027178,16457.711193026265
Fam19a1,8089.369755673863,16475.48325720026
Fam19a1,8101.570631231479,16457.89640631247
Fam19a1,8141.18146744414,16545.099590008685
Fam19a1,8129.228149304468,16534.580104590234
Fam19a1,8141.888151114097,16540.34295864824
Fam19a1,8152.9109701259895,16614.833075451847
Fam19a1,8225.061682329992,16779.339681365578
Fam19a1,8249.09343490838,16661.62164455975
Fam19a1,8259.735923040034,16641.03540216013
Fam19a1,8249.13907746934,16648.552754112017
Fam19a1,8290.882143283936,16666.999871212844
Fam19a1,8301.64872439276,16915.897717700296
Fam19a1,8276.230145199077,16697.63734455757
Fam19a1,8335.175804887498,16791.500575536284
Fam19a1,8316.148088560336,16801.62642721845
Fam19a1,8379.112242161285,16773.85422055733
Fam19a1,8395.974495794238,16742.399500242165
Fam19a1,8386.871232773505,16752.031577608584
Fam19a1,8411.105799003675,17023.90253948694
Fam19a1,8399.55803487041,16921.352632939317
Fam19a1,8422.611509955404,16897.743228488653
Fam19a1,8418.692618166919,16911.089375066316
Fam19a1,8455.142742458209,16921.193844343165
Fam19a1,8446.136945291311,16904.94056357892
Fam19a1,8467.537868955224,16996.845478377843
Fam19a1,8467.98932458567,17029.31375629182
Fam19a1,8489.52997692807,16935.268227363857
Fam19a1,8475.095589996874,16922.29701908944
Fam19a1,8500.29703285559,16883.2809204282
Fam19a1,8502.92389766644,17012.953239991737
Fam19a1,8526.114537764768,17000.399802068023
Fam19a1,8472.374107124095,16986.85243865645
Fam19a1,8544.921800117,17047.22795986802
Fam19a1,8531.95714577744,17033.79638557101
Fam19a1,8524.360075400842,17030.856350625934
Fam19a1,8569.278394262617,16986.268176865564
Fam19a1,8567.877213821945,16990.178981754932
Fam19a1,8590.094962621686,16989.332937436604
Fam19a1,8589.094147529058,16974.035375745934
Fam19a1,8560.234836998276,17174.92919432193
Fam19a1,8577.200330464424,17018.30289874189
Fam19a1,8594.276527432197,17136.12275289599
Fam19a1,8591.917069978123,17158.83158053347
Fam19a1,8646.693671157864,17179.291485951642
Fam19a1,8648.502921744575,17010.085627303364
Fam19a1,8669.585328233397,17009.148850365516
Fam19a1,8651.423721400028,17078.6726435122
Fam19a1,8651.1532984307,17058.214737476683
Fam19a1,8648.057119360152,17055.38794704552
Fam19a1,8662.90598391695,17143.366040293145
Fam19a1,8663.422194869838,17155.254700259255
Fam19a1,8661.501810337884,17129.76314639411
Fam19a1,8674.707973869457,17040.842599922496
Fam19a1,8690.619834735264,17042.165506620353
Fam19a1,8671.878310243044,17086.892201223993
Fam19a1,8676.727168494357,17168.114083009223
Fam19a1,8687.605750219298,17173.670606392185
Fam19a1,8700.061331545638,17170.21823140235
Fam19a1,8706.659839379525,17177.586786761312
Fam19a1,8701.847327836713,17139.164500425493
Fam19a1,8709.558130187906,17122.42141348297
Fam19a1,8712.869588252519,17129.743562537835
Fam19a1,8729.975291756185,17137.050012975917
Fam19a1,8804.85969603203,17202.591091743485
Fam19a1,8808.565506273895,17181.53602794891
Fam19a1,8801.993383597806,17186.01929694739
Fam19a1,8806.659320982455,17180.68855305134
Fam19a1,8780.997943141736,17315.00908357029
Fam19a1,8793.87211684748,17316.53374551512
Fam19a1,8793.006931192867,17311.636662774454
Fam19a1,8837.403955782504,17132.73307133127
Fam19a1,8867.133224411726,17151.885608126977
Fam19a1,8854.446946373462,17154.275399557446
Fam19a1,8888.024669075956,17204.696257813408
Fam19a1,8889.031764659416,17207.298341779333
Fam19a1,8902.209619830086,17182.514057673387
Fam19a1,8907.778866650833,17154.019372521572
Fam19a1,8888.477799636052,17162.918627182826
Fam19a1,8884.041175966724,17163.13738052544
Fam19a1,8882.609479191902,17144.317023390835
Fam19a1,8903.304211369272,17159.211478713045
Fam19a1,8919.360759100035,17351.2639202561
Fam19a1,8999.07911152082,17268.944056309232
Fam19a1,9006.18555568157,17247.119818217325
Fam19a1,9001.858033126171,17383.988527105023
Fam19a1,9024.951609280079,17326.63791212151
Fam19a1,9072.94256608017,17360.887006996312
Fam19a1,9093.426824736944,17386.37248085971
Fam19a1,9087.486177806459,17398.811987250978
Fam19a1,9106.275820654617,17396.82681639778
Fam19a1,9115.625140309416,17460.67834185451
Fam19a1,9143.039584140715,17346.2297783586
Fam19a1,9170.940154421494,17374.544430221486
Fam19a1,9232.421317847651,17481.668321469526
Fam19a1,9292.049289010134,17432.191486797696
Fam19a1,9284.99408543024,17498.63181487631
Fam19a1,9320.367704041115,17374.891673765513
Fam19a1,9310.289427320053,17370.858980477034
Fam19a1,9315.3565623328,17467.652363643196
Fam19a1,9322.573854838432,17446.840485407272
Fam19a1,9347.066748728326,17394.944794615967
Fam19a1,9363.026801827262,17399.125532245
Fam19a1,9363.540162681924,17433.23357160347
Fam19a1,9380.559962116507,17411.15464666821
Fam19a1,9379.354359260227,17383.813146868866
Fam19a1,9399.482645642194,17422.199427933047
Fam19a1,9395.29671524919,17396.97719079066
Fam19a1,9393.641404759803,17393.09298431304
Fam19a1,9415.950204878682,17431.616019842702
Fam19a1,9430.40369904892,17451.094345972288
Fam19a1,9425.732224583337,17487.861037071976
Fam19a1,9429.772788121707,17406.674906978817
Fam19a1,9460.77763162791,17455.221375186473
Fam19a1,9471.558259425336,17541.27902767308
Fam19a1,9467.350225867245,17477.21557387446
Fam19a1,9512.812385807361,17472.29324227557
Fam19a1,9503.317427807508,17478.21399529408
Fam19a1,9497.876150980075,17585.473682315143
Fam19a1,9501.73260013145,17597.89962063774
Fam19a1,9485.606964445518,17597.61807771394
Fam19a1,9510.320207523462,17664.298484812418
Fam19a1,9525.94149043942,17669.770017876148
Fam19a1,9551.53276510828,17512.393439899402
Fam19a1,9573.515241564062,17537.9359820493
Fam19a1,9574.193645672065,17660.07711372575
Fam19a1,9586.253169169308,17618.51962675416
Fam19a1,9587.826745617449,17615.8289081809
Fam19a1,9589.40071903917,17569.792437918022
Fam19a1,9610.505673150565,17707.302131158263
Fam19a1,9639.46394562245,17651.814126908022
Fam19a1,9628.461252817719,17496.844621902143
Fam19a1,9649.446768921167,17515.69863157221
Fam19a1,9649.026732212444,17590.003857147007
Fam19a1,9668.035852950989,17686.207955615628
Fam19a1,9729.120265111527,17717.289277583433
Fam19a1,9722.75431061822,17700.79733401705
Fam19a1,9748.902750352783,17549.379028335796
Fam19a1,9772.071034400553,17674.55170961932
Fam19a1,9785.844009503455,17668.346453651266
Fam19a1,9784.872424173005,17584.219032108347
Fam19a1,9801.454820963863,17587.64561498701
Fam19a1,9820.827677490428,17669.000318114566
Fam19a1,9923.891657229755,17669.933507637426
Fam19a1,9944.157571510947,17683.784888621063
Fam19a1,9933.706647518668,17677.058140554676
Fam19a1,9957.459741701983,17656.073711932346
Fam19a1,10038.717284655711,17722.365603639646
Fam19a1,10039.95776412095,17734.91534436862
Fam19a1,10084.380150300394,17715.403109429302
Fam19a1,10074.025072001868,17707.957491092617
Fam19a1,10105.446408310021,17780.534194135817
Fam19a1,10135.769291678682,17809.045282187883
Fam19a1,10148.626345182105,17853.607266267558
Fam19a1,10153.063060687495,17838.258055975297
Fam19a1,10125.459090920787,17776.558055067562
Fam19a1,10160.737882826998,17940.65287799425
Fam19a1,10203.67213966556,17775.946050514154
Fam19a1,10213.963553132751,17781.218121186947
Fam19a1,10213.316810773556,17881.520799815247
Fam19a1,10202.979122754296,17865.512324282867
Fam19a1,10345.255963562326,17780.706101172163
Fam19a1,10330.334564968196,17786.61953734324
Fam19a1,10333.967698527384,17779.32979492811
Fam19a1,10360.7051560329,17770.63860662265
Fam19a1,10344.28865302892,17769.38387013096
Fam19a1,10339.885803936788,17781.248790571073
Fam19a1,10372.207273688451,17782.678037462712
Fam19a1,10382.05912318684,17784.457362941925
Fam19a1,10396.54894341595,18038.089455629877
Fam19a1,10425.776355972277,17870.201671910887
Fam19a1,10461.989745870773,17850.72739018934
Fam19a1,10456.801106409723,17854.554630420847
Fam19a1,10471.85367568103,17830.09239748529
Fam19a1,10606.694396699251,17929.153591364073
Fam19a1,10627.363033720429,17888.06978342639
Fam19a1,10645.007796607857,17837.255035341197
Fam19a1,10654.193805646604,17891.931031590808
Fam19a1,10651.929168660077,17881.475290903003
Fam19a1,10660.031293093878,17883.03963337272
Fam19a1,10667.007946863529,17918.214180905543
Fam19a1,10658.867021206193,17908.248899186412
Fam19a1,10652.542810818051,17926.663565580573
Fam19a1,10700.137480587131,17914.98782340569
Fam19a1,10697.683885738039,17910.937320114816
Fam19a1,10722.64774781105,17940.81598029955
Fam19a1,10717.850500263112,17933.70251060237
Fam19a1,10769.740457381602,17863.87544208401
Fam19a1,10777.511148803944,17866.268775303986
Fam19a1,10793.417594276263,17876.17853162763
Fam19a1,10809.68983684454,17890.21891838652
Fam19a1,10773.002921677611,17888.712619985858
Fam19a1,10823.941358890155,17885.94116867616
Fam19a1,10820.99063788839,17905.725813405286
Fam19a1,10807.000851349545,17885.03332038717
Fam19a1,10801.005097143157,17987.848486806284
Fam19a1,10837.55443393867,17885.407008488673
Fam19a1,10868.222979113138,17899.262243319274
Fam19a1,10929.564435442726,17877.42081825073
Fam19a1,10922.445797288923,17890.01979011497
Fam19a1,10929.48319039232,17937.740056652827
Fam19a1,10954.758039485972,17923.17370853557
Fam19a1,10963.318675597151,17897.15960021762
Fam19a1,10957.895328974291,17886.873786194403
Fam19a1,11026.840657750008,17850.22240823909
Fam19a1,11013.718590113911,17833.66832284105
Fam19a1,11054.786251819396,17847.178820169374
Fam19a1,11051.040210337258,17821.536116899177
Fam19a1,11062.31564035115,17830.11861587758
Fam19a1,11093.455468345752,17806.047658723815
Fam19a1,11115.699054697026,17803.478135436842
Fam19a1,11110.19337558511,17825.188043844897
Fam19a1,11132.900130119848,17872.518932187653
Fam19a1,11205.978128278806,17787.143980256944
Fam19a1,11203.486207630043,17794.010574644824
Fam19a1,11226.104690389058,17781.73159557006
Fam19a1,11262.730095453962,17773.74362868635
Fam19a1,11268.688937422587,17750.775167383348
Fam19a1,11300.858290245926,17942.978787891367
Fam19a1,11338.648105882192,17779.10694572076
Fam19a1,11347.173501235193,17774.337851077882
Fam19a1,11387.868259039897,17724.526746899148
Fam19a1,11391.535305557622,17710.383641643806
Fam19a1,11449.635552065434,17840.130915994836
Fam19a1,11427.484353417394,17816.849414204713
Fam19a1,11509.135045157564,17785.472143076073
Fam19a1,11493.128495808503,17733.726042614388
Fam19a1,11500.954877703549,17774.123564322395
Fam19a1,11514.085292131083,17677.881132610164
Fam19a1,11562.457977528882,17802.369751605012
Fam19a1,11620.6336291044,17749.79049521455
Fam19a1,11597.484046441246,17628.634970577103
Fam19a1,11619.686162130985,17772.46960782111
Fam19a1,11650.982312270535,17638.93633815776
Fam19a1,11642.155972455397,17649.875814280884
Fam19a1,11667.1515373209,17622.459894653006
Fam19a1,11698.289578380789,17768.35062955632
Fam19a1,11687.72630959967,17769.494657474464
Fam19a1,11736.18448594351,17672.59493853552
Fam19a1,11727.038949358825,17688.794419446232
Fam19a1,11714.378813982841,17685.376084279385
Fam19a1,11739.68319471897,17658.22313042093
Fam19a1,11739.492858487412,17655.307975988748
Fam19a1,11787.711252898403,17716.293275994336
Fam19a1,11812.466014942696,17617.62154544627
Fam19a1,11827.049645054687,17593.693106331164
Fam19a1,11872.530279699646,17710.90375021707
Fam19a1,11840.226751798473,17691.488717640612
Fam19a1,11863.03358873409,17631.69060039943
Fam19a1,11897.203227088958,17561.09824765502
Fam19a1,11892.087666624302,17535.735568022974
Fam19a1,11919.93118464432,17625.038456538503
Fam19a1,11926.741644513031,17634.83779705546
Fam19a1,11923.71107115904,17632.861495925285
Fam19a1,11930.323839352048,17516.219264859938
Fam19a1,11981.146701800919,17533.525486787687
Fam19a1,11973.185364221912,17488.35575263098
Fam19a1,11982.763247011255,17271.192819384753
Fam19a1,11991.423615540796,17459.778859580063
Fam19a1,12001.12691764647,17456.333151065355
Fam19a1,12033.668041892743,17480.866312804108
Fam19a1,12020.790505387402,17467.696769086237
Fam19a1,12019.376327046257,17519.14758777705
Fam19a1,12026.760081421136,17551.331332683203
Fam19a1,12080.488315545244,17552.16818012068
Fam19a1,12080.404389521726,17417.916480916145
Fam19a1,12118.926038855561,17437.75036376209
Fam19a1,12115.702051330585,17430.913993267055
Fam19a1,12125.79514516744,17412.861335510832
Fam19a1,12166.425420178799,17398.898101587365
Fam19a1,12138.114262997817,17410.982895735327
Fam19a1,12150.867655249254,17349.1940445527
Fam19a1,12166.461692833776,17356.050020458842
Fam19a1,12187.30250839585,17431.087091587313
Fam19a1,12222.641751305675,17409.78975884912
Fam19a1,12231.144049789333,17393.279542372315
Fam19a1,12258.914906118052,17418.91497338621
Fam19a1,12270.051641782293,17441.110304361428
Fam19a1,12274.768852203792,17258.38278001108
Fam19a1,12308.79754133087,17291.997869024934
Fam19a1,12327.978585142042,17269.06192419477
Fam19a1,12342.034066498407,17270.708789630607
Fam19a1,12336.930839794388,17274.160172466887
Fam19a1,12393.280242238741,17190.609017447146
Fam19a1,12445.173545519352,17171.535349834656
Fam19a1,12454.266430856993,17046.185091016585
Fam19a1,12457.389673802454,17048.914057266404
Fam19a1,12475.7797334142,17081.194644015333
Fam19a1,12470.21314727093,17082.84648304605
Fam19a1,12520.561448077045,17057.72388572667
Fam19a1,12526.550259724352,17073.510300582206
Fam19a1,12541.588965687088,17059.324413107737
Fam19a1,12520.626219239579,17062.324358253936
Fam19a1,12560.465700076491,17026.556389231875
Fam19a1,12555.267982069623,17005.585682732246
Fam19a1,12582.889792826758,16914.51338959649
Fam19a1,12594.014012052721,16992.230024484856
Fam19a1,12612.441659369768,16910.877478955088
Fam19a1,12625.315669067815,16921.85526877287
Fam19a1,12609.043825351908,17039.054234383802
Fam19a1,12617.013172514606,17028.97506209227
Fam19a1,12630.341118124494,17024.249806148644
Fam19a1,12637.814271180609,16944.897205751884
Fam19a1,12641.51401484526,16918.945169024926
Fam19a1,12650.326132730906,17444.720602406287
Fam19a1,12638.16496278229,17447.82729243953
Fam19a1,12654.403395272435,16844.877966000266
Fam19a1,12654.751838417005,16823.601795584076
Fam19a1,12669.275620435117,16791.130880804147
Fam19a1,12672.89950787877,16792.32692507135
Fam19a1,12678.360707971622,16874.700204318135
Fam19a1,12687.318058874622,16779.719581593945
Fam19a1,12690.082735553568,16757.211175805307
Fam19a1,12721.77211548035,16821.238825300206
Fam19a1,12692.52317629228,16822.706425334247
Fam19a1,12710.354707450653,16829.89311981965
Fam19a1,12725.116216749226,16793.195661548958
Fam19a1,12725.768787711035,16807.08711847071
Fam19a1,12724.363925964355,16905.7034428477
Fam19a1,12723.118119522116,16905.603987521383
Fam19a1,12777.971975327735,16701.4504431856
Fam19a1,12775.533621994125,16724.661537111846
Fam19a1,12776.358186820988,16707.187372762033
Fam19a1,12785.07547845657,16967.14502849646
Fam19a1,12856.149409634176,16721.201501020765
Fam19a1,12876.958082084051,16611.83042437402
Fam19a1,12882.395748410503,16556.816091998004
Fam19a1,12898.487383656615,16562.486647226408
Fam19a1,12887.045652458519,16558.468294510916
Fam19a1,12922.885630567751,16643.151655847738
Fam19a1,12906.70231717434,16652.49040486244
Fam19a1,12991.48874603829,16536.082485034607
Fam19a1,12999.441547668164,16525.05045258325
Fam19a1,13002.78148029827,16511.22633669804
Fam19a1,12990.684061284024,16658.403775218867
Fam19a1,13029.009522789227,16423.78025058085
Fam19a1,13010.076837526332,16424.43345599345
Fam19a1,13030.0362344815,16546.953557198092
Fam19a1,13038.349161773296,16566.292130569225
Fam19a1,13065.089004679903,16979.632757636264
Fam19a1,13042.996601298839,16988.290761394517
Fam19a1,13048.871254001671,16971.305557297474
Fam19a1,13071.366671275973,16399.0840218013
Fam19a1,13059.223559356098,16391.69116998811
Fam19a1,13091.563860417842,16399.70087282286
Fam19a1,13106.26273707993,16406.022901914264
Fam19a1,13213.958193293302,16474.712087791886
Fam19a1,13213.8469424132,16451.8548069442
Fam19a1,13219.037753390496,16612.07412144062
Fos,6372.868676403914,13078.872899413822
Fos,7447.315092251284,15888.402733622046
Fos,7852.645150853659,16238.207373177742
Fos,7889.955997882927,16447.02004437809
Fos,7892.617550511452,16427.986756745333
Fos,8685.266213046034,17675.764859787938
Fos,8802.6306751348,17152.02599039243
Fos,9927.88218606374,18061.46692386945
Fos,12371.55369595301,17729.46984543573
Fos,12510.529999960476,15854.434158587726
Fos,12692.582742240618,16853.449675920085
Fos,12988.185453700937,16525.930865274484
Fxyd6,6913.648447342859,14503.557216613168
Fxyd6,6975.075841034278,14205.583013001702
Fxyd6,6969.512217448833,14200.664230654418
Fxyd6,6998.654470718974,14186.921626618885
Fxyd6,7032.81943322484,14422.628936269062
Fxyd6,7041.1134547837755,14565.100244103282
Fxyd6,7044.546575566815,14578.515479157282
Fxyd6,7133.639653324296,13983.969982470853
Fxyd6,7166.1009722924155,15071.142308336144
Fxyd6,7161.3161739442185,15371.403366578823
Fxyd6,7189.685799685899,16057.764548781224
Fxyd6,7219.9861977801165,14957.7461266527
Fxyd6,7223.722740226575,14587.283391782936
Fxyd6,7297.307443855382,15225.51443029133
Fxyd6,7319.665984899756,15656.975349725923
Fxyd6,7554.7702651248555,15897.767126538542
Fxyd6,7593.764503666492,15618.62160975608
Fxyd6,7605.773278023278,15625.290859706989
Fxyd6,7656.813463925105,16188.54565917102
Fxyd6,7683.816618278109,15954.880195833586
Fxyd6,7743.445220827545,15208.027206365987
Fxyd6,7964.165152668729,14890.493707416348
Fxyd6,8003.95950148594,14867.698564716256
Fxyd6,8242.74645903512,15344.562701010123
Fxyd6,8228.417801899719,15348.67006568118
Fxyd6,8357.496946880216,15137.493652427615
Fxyd6,8383.068689213524,15331.4584283603
Fxyd6,8409.555008533289,15178.261002718218
Fxyd6,8704.987501712907,17218.315900675287
Fxyd6,9036.826585947703,17311.5691228185
Fxyd6,9144.274408567579,17037.807242024537
Fxyd6,9189.348975198098,15945.0742846011
Fxyd6,9315.243598779536,17411.107889605264
Fxyd6,9388.85228669666,17578.393113450962
Fxyd6,9617.642340960845,17566.821911581625
Fxyd6,9622.740638481378,17563.943843021967
Fxyd6,9934.086347980008,17685.978352055117
Fxyd6,10064.962792071534,16357.605562737295
Fxyd6,10844.80162403679,17903.84007224414
Fxyd6,11070.386888505167,16618.833006311557
Fxyd6,11214.075827266763,17937.565431531664
Fxyd6,11312.36034046779,16818.6121894937
Fxyd6,11335.312668267405,16925.63859573541
Fxyd6,11331.638595106124,16903.817159095823
Fxyd6,11397.164380299622,18132.74459902242
Fxyd6,11798.019459973766,17624.49838206056
Fxyd6,11982.573402283377,18256.583213580503
Fxyd6,12190.976942008463,17819.046008231213
Fxyd6,12751.591075249818,16009.401860672244
Fxyd6,12889.483546894311,16556.040513480188
Fxyd6,13383.34392936171,16705.998983909965
Gabrd,6969.302966056295,14139.065211594367
Gabrd,7154.620113564997,15353.246115223968
Gabrd,7179.346554355121,15401.66544616126
Gabrd,7256.866919541734,15201.146203234099
Gabrd,8360.553599228017,15341.108080559954
Gabrd,8495.227908232555,16889.85846294571
Gabrd,8681.91947505903,17193.836432229906
Gabrd,8824.169676062309,17154.420107192916
Gabrd,9816.812446678528,18053.16835937634
Gabrd,9891.771723343243,17783.42679173643
Gabrd,10048.740444309138,17781.788632184995
Gabrd,10163.81849496556,17758.403033841605
Gabrd,11181.687566842089,17948.5092531545
Gad1,6468.225943901373,15090.87949647952
Gad1,6471.688701069059,15108.77420030139
Gad1,6562.127920273553,15314.428379419014
Gad1,6573.799002421941,14187.874088248764
Gad1,6569.317472872486,14171.245398786634
Gad1,6561.613602138491,14167.114072657962
Gad1,6549.441526248205,14777.396442946501
Gad1,6574.564650365225,14775.99840305997
Gad1,6581.868678678852,14793.937140247634
Gad1,6614.591442368216,14681.209733017105
Gad1,6627.754973097574,14690.879920004594
Gad1,6607.74915979211,14701.446505635242
Gad1,6605.097421141939,14695.636988380367
Gad1,6618.096125694511,14701.255519335573
Gad1,6595.84374322897,14705.120909428237
Gad1,6626.828001834014,14409.503605292186
Gad1,6616.54414252822,14417.995287479764
Gad1,6633.5224576316505,14402.667129041844
Gad1,6617.690378112038,14398.109809726368
Gad1,6631.805889743345,14397.330068891159
Gad1,6644.665361865284,14416.359229611522
Gad1,6666.7486024542295,13780.976046960344
Gad1,6668.3498630227705,13783.128534834965
Gad1,6671.571447486641,13782.982907362919
Gad1,6661.826289939237,13783.475356060178
Gad1,6657.868884521115,13785.777012426564
Gad1,6673.754215684314,13787.071142041781
Gad1,6740.284430554924,15304.292203549898
Gad1,6744.107224775158,15324.594054698133
Gad1,6748.388974475493,15331.398589990022
Gad1,6800.286542470434,15035.169152570259
Gad1,6789.988869728233,15029.814235908974
Gad1,6816.295603866071,14125.52584000782
Gad1,6791.702769487965,14116.034357620809
Gad1,6823.58249946319,14110.647256173335
Gad1,6803.822034526029,14125.769299538653
Gad1,6817.53674846738,14106.310888968417
Gad1,6810.59177343375,14118.085462215673
Gad1,6913.226150899663,15399.540106608845
Gad1,6911.509815057679,15369.781402720893
Gad1,6922.229941253957,15398.918738800165
Gad1,6931.1092864837965,15393.375173361885
Gad1,6911.785052476486,15394.314193752887
Gad1,6916.073413025502,15392.446882663484
Gad1,6904.360204057235,15386.51565116393
Gad1,6922.175955164018,15396.952901337007
Gad1,6891.313112112048,15387.471694627699
Gad1,6954.910448100781,15472.3048466351
Gad1,6966.639929656767,14485.697419381257
Gad1,6969.03857289273,14508.32204753408
Gad1,6974.751798339628,14496.621052302615
Gad1,6963.155463558627,14492.31816769393
Gad1,6969.730201890894,14496.839338988804
Gad1,6953.82120582657,14510.004862286285
Gad1,6974.324487805927,14734.65910239946
Gad1,6973.595576287861,14747.546818544779
Gad1,6992.094878093475,14727.230243587583
Gad1,6981.237091096754,14742.137210565548
Gad1,6988.243499347487,14729.924318758796
Gad1,6972.12357082294,14731.04280331479
Gad1,6983.996763790218,14728.280368723894
Gad1,6993.82771451017,14734.011428962247
Gad1,6964.195489650756,14732.903608411707
Gad1,6983.189251564328,15206.38866423752
Gad1,6983.137862602215,15193.156214232444
Gad1,6980.129188327581,15185.872831655159
Gad1,7010.1153609440535,15654.176654846815
Gad1,7002.8778523021265,15641.959807246938
Gad1,7011.262871538741,15635.00757265198
Gad1,7045.0470551962935,15577.529997875234
Gad1,7037.701461955622,15579.097293518058
Gad1,7029.04446878608,15609.364942646533
Gad1,7053.206698884199,13997.438888762867
Gad1,7031.497696052449,13974.484961674149
Gad1,7035.076565180468,13984.501196487547
Gad1,7059.9384903122245,14113.437268277401
Gad1,7057.748076548678,14104.810720611125
Gad1,7058.926180120995,14089.55923754642
Gad1,7068.514047938452,13835.574449289135
Gad1,7067.72946939463,15140.753426023055
Gad1,7062.953316222918,15140.56321682912
Gad1,7067.869937502215,15490.766213667972
Gad1,7068.567010261147,14247.44271628241
Gad1,7065.061323425789,14241.330121143304
Gad1,7060.513693416163,14225.700734242711
Gad1,7063.9541517146,14234.197225331589
Gad1,7072.921279593157,14240.997621126691
Gad1,7082.356616307216,16005.309975532939
Gad1,7083.329359048821,15996.14985118319
Gad1,7093.881845629277,15150.159591666807
Gad1,7082.945553507495,15137.048942295196
Gad1,7108.658613073134,15150.168034807368
Gad1,7148.547564476494,15747.547568564316
Gad1,7111.188068439473,15735.128729764105
Gad1,7147.512375479691,15728.645567876487
Gad1,7133.089831523615,15737.522784505742
Gad1,7113.394572472777,15727.739604442882
Gad1,7135.055300567788,15163.69726617328
Gad1,7146.118865315049,15161.89884036062
Gad1,7166.090124563987,15181.69291829294
Gad1,7154.5154325584,15187.571997983574
Gad1,7165.344858225183,15179.494291727015
Gad1,7167.109513576716,15184.713444251734
Gad1,7151.29805072895,15187.293470161754
Gad1,7172.523672431835,15077.464908199285
Gad1,7170.354197402373,15064.16664052501
Gad1,7166.786961756663,15073.911244786785
Gad1,7169.790952584855,15082.736883616411
Gad1,7177.972456039913,15396.367622976228
Gad1,7179.872222514,15406.751621885389
Gad1,7177.424644489895,15400.500468401271
Gad1,7176.325087134134,15386.352383638065
Gad1,7176.1929748714065,15395.657673511801
Gad1,7167.445013011342,15387.988444607361
Gad1,7191.4137651139445,15384.685779346755
Gad1,7179.177175541198,15404.205577432558
Gad1,7190.508001220105,16118.815194668454
Gad1,7196.834835002668,16121.918750469815
Gad1,7185.8563176189045,16083.682099538504
Gad1,7216.2014453384545,15331.786877819855
Gad1,7204.6873949526525,15353.314035123307
Gad1,7208.127223460139,15145.113264223846
Gad1,7224.126806038043,15159.107202779654
Gad1,7222.911663630492,15146.990450845198
Gad1,7207.689561044674,15132.102533363375
Gad1,7238.437693558117,14685.987860594874
Gad1,7226.139359441733,14690.656226423722
Gad1,7219.487766587261,14689.539811733806
Gad1,7228.854506061971,15471.062032912094
Gad1,7281.623938414686,14969.94441895523
Gad1,7278.1110821530965,14966.785271732002
Gad1,7297.766897445887,15077.666342526321
Gad1,7292.897517833556,15074.16549613693
Gad1,7287.83044550964,15068.343455428043
Gad1,7271.133660020185,15079.344645170644
Gad1,7305.610883064107,14024.5628879929
Gad1,7342.01266997156,14295.15082405691
Gad1,7341.481413574583,15241.195284208387
Gad1,7378.178204205704,14269.062586059976
Gad1,7373.89084207744,14244.981276050563
Gad1,7355.656239249955,14265.85140940059
Gad1,7370.042633584919,14275.952669579146
Gad1,7348.228978805606,14256.053706945046
Gad1,7381.629271488011,14255.47942664371
Gad1,7413.074533974439,15462.37126285517
Gad1,7470.026152430905,15685.328578476816
Gad1,7486.837798154738,15662.239521958529
Gad1,7522.608252276354,15449.430723208532
Gad1,7549.062470108754,16052.94226170496
Gad1,7576.903800621182,16062.836885964076
Gad1,7564.479846059113,16057.928562660021
Gad1,7581.059247865949,16056.790418183487
Gad1,7607.9338810030895,14500.956850420238
Gad1,7593.596292660741,14493.811895866438
Gad1,7592.916090454519,14494.821365553878
Gad1,7592.436287189977,16082.784774325222
Gad1,7593.242946610773,16064.120864548913
Gad1,7597.290940681432,16059.624534754012
Gad1,7599.376679277573,16624.02525413816
Gad1,7585.882182699349,16630.020818106135
Gad1,7625.587715760438,16370.44367493095
Gad1,7617.861600312023,16369.644102322349
Gad1,7609.3626475176425,16376.95992127028
Gad1,7629.134637651619,16374.995625995592
Gad1,7630.755069047504,16364.704405885268
Gad1,7620.097467768417,16385.79087361951
Gad1,7611.261999410438,16367.04447717176
Gad1,7628.3178332645275,16374.041709675063
Gad1,7635.512673122079,16069.65705421641
Gad1,7629.496652692623,16075.587517884509
Gad1,7645.533158820593,16102.456931161827
Gad1,7651.603731680653,16104.192588185308
Gad1,7772.825055569215,16423.054162604138
Gad1,7790.732972209091,16402.718204085693
Gad1,7758.006206205373,16407.275845766944
Gad1,7778.129955235196,16402.312119084665
Gad1,7780.559945868361,16406.61564835654
Gad1,7758.925072654266,16414.13655857744
Gad1,7797.427894644773,16146.651233557051
Gad1,7841.180634391888,15708.784137179251
Gad1,7839.027392874661,15700.70581984796
Gad1,7982.419031493849,16915.542885484516
Gad1,7988.387701021749,16915.960187759138
Gad1,7973.534417584436,16924.16753770822
Gad1,7994.177566945622,16915.294809877025
Gad1,7984.707148502438,16920.77870406519
Gad1,7979.594345022243,16907.985537361954
Gad1,7995.974150754135,15870.449125872517
Gad1,8001.9374157472885,15876.774260539925
Gad1,7996.907283481311,15890.254134869097
Gad1,8013.119486884407,14854.479461003995
Gad1,8073.049816990115,15064.484974105531
Gad1,8074.325179210274,15075.076592756719
Gad1,8073.964948553934,15071.287916173615
Gad1,8095.812438790129,16694.23448108872
Gad1,8099.142289025296,16706.367076558832
Gad1,8082.496512914941,16703.666880277862
Gad1,8113.635270095112,16656.544995730597
Gad1,8117.732742770892,16631.881236487854
Gad1,8112.514620721302,16651.20728569955
Gad1,8197.2661060057,16710.774856176926
Gad1,8209.220638452289,15193.48440951471
Gad1,8230.743173808567,15327.840855112525
Gad1,8233.012600101163,15374.13145030837
Gad1,8557.185091319494,17030.908962951944
Gad1,8575.87505248353,17026.02875795114
Gad1,8576.75287479611,17032.306842600003
Gad1,8556.778781497445,17030.431855341696
Gad1,8592.134307481067,17039.870050044057
Gad1,8551.85160139291,17173.872309350365
Gad1,8567.443654200466,17169.73627050692
Gad1,8567.640936444777,17175.74944536242
Gad1,8576.563162088194,17167.176003670902
Gad1,8586.59891101237,17090.662822147235
Gad1,8585.457647495094,17080.902018414694
Gad1,8586.602802700987,17081.62708928751
Gad1,8650.486140165942,15479.855505256452
Gad1,8667.745415134998,15486.745381761179
Gad1,8661.733639129658,15474.956658272336
Gad1,8674.22806637672,15459.626252920516
Gad1,8671.697067163552,15476.670193172491
Gad1,8671.254749367426,15476.21101652234
Gad1,8676.840249248342,15475.738610709608
Gad1,8663.029874635038,15477.955421090806
Gad1,8685.135681902895,15463.952088568332
Gad1,8667.440680103853,16914.093066849997
Gad1,8668.217767466065,16914.37269975308
Gad1,8756.112003078664,17431.94077566764
Gad1,8766.594421736854,17302.354069240926
Gad1,8780.021344498293,17309.05118551127
Gad1,8793.99491576933,17266.428229786754
Gad1,8801.52081548198,17265.769352412943
Gad1,8791.037285026328,17260.39478041968
Gad1,8785.542601085286,17264.77631226832
Gad1,8787.600536121723,17258.00617911593
Gad1,8797.63108867952,17270.25950849386
Gad1,8788.0020772918,17246.353487052485
Gad1,8809.030977694876,17246.921273280255
Gad1,8788.825502620635,17247.480709722186
Gad1,8883.958016950754,16433.710990178537
Gad1,8876.37116180779,16419.506490650743
Gad1,8910.415185164436,16435.786045329347
Gad1,8913.549439721666,16018.89030961865
Gad1,8912.5109981302,15999.588173989005
Gad1,8912.89089848813,16017.089018851226
Gad1,8942.436176375852,15345.317882161631
Gad1,8936.048196712576,17187.212839451448
Gad1,8933.40657135566,15847.719014995735
Gad1,8921.98747516335,15839.679946528924
Gad1,8911.589941156739,15850.515640656415
Gad1,8917.499656533382,15854.549842816654
Gad1,8920.212136989012,15863.652272319552
Gad1,8928.439817941064,15844.933540437904
Gad1,8922.683611144106,15859.00063872154
Gad1,8970.127313964704,17234.47920729604
Gad1,8979.374758999687,17235.73493901929
Gad1,8977.40647027227,17257.979564026708
Gad1,8981.299560938589,15957.434942259788
Gad1,8980.24418592373,15952.951443268927
Gad1,8990.321598956129,15959.549358400938
Gad1,8970.192843534625,15974.093926550606
Gad1,8987.052275848695,16091.601187175103
Gad1,9000.44251327588,16086.527164282477
Gad1,8989.469238659853,16090.491112380512
Gad1,9089.230149682517,17309.303783521533
Gad1,9111.54509959178,17414.650428058263
Gad1,9138.698768515964,16239.298135392812
Gad1,9147.996596939305,16237.496436380801
Gad1,9146.432851823829,16241.42655849116
Gad1,9144.824064582337,16237.34705995894
Gad1,9143.000531980875,16250.352516907386
Gad1,9160.10552675969,16233.58388455298
Gad1,9209.415549822437,18074.436917765048
Gad1,9307.522592773188,17767.436001944283
Gad1,9289.478646556836,17760.39588366169
Gad1,9285.164627017977,17749.302118620697
Gad1,9286.548159993068,17759.70671521111
Gad1,9293.751941143917,17751.56785039353
Gad1,9289.237678018759,17754.42435013015
Gad1,9283.07945516306,17247.74174929429
Gad1,9308.043819252363,17207.274828881542
Gad1,9422.319666751067,18120.76031555176
Gad1,9413.602996746724,15988.318449602699
Gad1,9447.602487458218,16437.42840758436
Gad1,9502.67956143048,15971.469234947135
Gad1,9545.178276943792,16732.420339197426
Gad1,9533.475963210598,16720.493662073924
Gad1,9534.629143212189,16728.521559276436
Gad1,9521.667605307397,16735.452902924877
Gad1,9589.298451314757,17370.633450941637
Gad1,9627.051780138201,15949.97728555375
Gad1,9629.954046615487,15953.378982352462
Gad1,9643.40218668101,15948.948607608187
Gad1,9693.720416047583,18141.896660761427
Gad1,9709.293094659175,18148.049096123534
Gad1,9721.682059997045,16165.204808399481
Gad1,9737.17848345986,18126.542004153103
Gad1,9727.399004376332,18125.007484829017
Gad1,9730.420351182223,18116.87641522207
Gad1,9729.300504798588,18124.79439896173
Gad1,9712.122668098662,17702.342180813113
Gad1,9717.045232307413,16646.17836713955
Gad1,9741.040791553667,16629.330270105784
Gad1,9722.363644183193,16638.362685729102
Gad1,9738.471382568758,16648.067444903612
Gad1,9717.230377933874,16636.866557608995
Gad1,9734.898858142771,16654.401701241473
Gad1,9741.79629675827,16633.163176617858
Gad1,9724.240282334003,16635.843309878637
Gad1,9869.06001786239,17808.993928510183
Gad1,9870.021362784071,17833.531675966016
Gad1,9862.931880809843,17813.41570922004
Gad1,9893.118934086458,16347.679935176338
Gad1,9888.525741456848,16376.455615098948
Gad1,9891.049561966305,16362.992184237753
Gad1,9890.414462830351,16354.434152110562
Gad1,9903.631459417273,16359.36283636132
Gad1,9882.385105778358,16349.597985186861
Gad1,9889.63439219201,16343.71269911676
Gad1,9930.569526153087,18065.184782110948
Gad1,9926.6717512101,18060.23117682368
Gad1,9925.591991034245,18055.049448034177
Gad1,9934.070932252407,18071.339865776932
Gad1,9938.613891764751,18075.257152981827
Gad1,9936.758856199867,18068.912131733265
Gad1,9938.92891288138,18056.837453988377
Gad1,9934.671383542835,18061.036187117676
Gad1,9932.744053028127,18072.984921916097
Gad1,9933.855914506687,18072.810133928426
Gad1,9927.098403895117,18064.893813667815
Gad1,9918.689401291067,18045.33257049152
Gad1,9976.440499075221,16755.262646145246
Gad1,9976.138862440677,16753.702104211403
Gad1,9990.522019840744,16743.441964534017
Gad1,9983.829590919157,16750.788490405965
Gad1,9992.526641129185,16751.246970047203
Gad1,9973.105184584414,16752.78839607826
Gad1,10152.127981168123,18207.425355836913
Gad1,10170.027176671383,18224.799794515275
Gad1,10228.62973731796,16855.60761922341
Gad1,10309.220926041613,17821.786089017594
Gad1,10304.68497570161,16871.752658801932
Gad1,10309.27710441091,16883.794341396202
Gad1,10316.282558085712,16894.37673620209
Gad1,10303.612849070787,16890.820126284274
Gad1,10377.841894618257,17563.96625425039
Gad1,10374.858681531927,17576.53517550613
Gad1,10388.501379131456,17554.941591836156
Gad1,10372.975414615492,17565.8793496417
Gad1,10377.383658305256,17566.31138287926
Gad1,10370.64925114542,17582.67883596803
Gad1,10374.509509621876,17570.874838754433
Gad1,10378.812247014512,17815.63456866979
Gad1,10423.479637219769,16961.978503648133
Gad1,10424.093691775697,16920.06112179999
Gad1,10409.550758078662,16906.744582463714
Gad1,10474.121202599234,17830.541693313597
Gad1,10489.148325200566,17069.04031862428
Gad1,10507.18104867592,17076.64497807609
Gad1,10482.159521397383,17076.4688025538
Gad1,10502.00823755115,16901.110760522704
Gad1,10624.295458343637,18031.649093600867
Gad1,10613.099588074705,18017.33666546186
Gad1,10617.957757082162,18034.424539046933
Gad1,10647.992524348398,16581.39768938468
Gad1,10657.206109094786,16599.265198881087
Gad1,10632.162512575589,16575.285034327142
Gad1,10630.471863011568,16580.86301668037
Gad1,10639.687008771527,16588.040503877997
Gad1,10641.157772355338,16597.18263746413
Gad1,10650.163532580602,16586.872315605164
Gad1,10662.310338362637,16814.421555163608
Gad1,10656.857188932714,16815.983533006045
Gad1,10687.99837656418,18058.004712732854
Gad1,10662.458360738688,18041.29433234412
Gad1,10762.402963339413,16533.116423126645
Gad1,10756.375161562186,16517.34651075652
Gad1,10754.414562703674,16517.0040530546
Gad1,10962.963819583787,17854.463686890518
Gad1,10962.081101772856,17863.615586070457
Gad1,10932.856863219507,17809.46842266881
Gad1,10955.072508131678,17829.108568059884
Gad1,11050.294079915957,17952.91034764361
Gad1,11196.258730333075,17788.683062220043
Gad1,11231.669372686458,18221.027180710353
Gad1,11206.417781156197,18218.735186176687
Gad1,11226.729171052695,18220.17745057619
Gad1,11201.694024027054,18239.48099188663
Gad1,11230.674001933085,18203.493654189642
Gad1,11220.339676271065,18227.56661979004
Gad1,11233.921373797342,18221.233276517185
Gad1,11210.311626678053,18225.15992825359
Gad1,11223.405176259219,18215.3859253047
Gad1,11226.58298607046,18213.926947698357
Gad1,11240.303943162651,18211.52423322623
Gad1,11232.300777247021,18218.398741063167
Gad1,11215.94352748303,18212.655787261196
Gad1,11218.878482599577,16923.239483266087
Gad1,11223.685798690578,16921.86444378581
Gad1,11224.86067969987,16906.221042548244
Gad1,11274.949048318595,16655.88952312362
Gad1,11242.174340263282,16664.333640990586
Gad1,11255.421836073387,16658.963961211655
Gad1,11293.606694000497,16939.127147493342
Gad1,11272.956989054856,16938.709351204343
Gad1,11278.256433289009,16943.36812396736
Gad1,11293.795112171432,16916.93090999617
Gad1,11340.83262003113,18119.530258978724
Gad1,11373.582183287956,17734.2322404091
Gad1,11358.98075925791,17715.292688042726
Gad1,11357.487035912583,17713.781220147634
Gad1,11353.325472948734,17865.454567940706
Gad1,11345.354026850111,17866.976852473777
Gad1,11365.81424845903,17859.94628318382
Gad1,11361.68096214734,17854.9095518521
Gad1,11379.483284635111,18270.83554674366
Gad1,11382.88269289796,18254.03951932372
Gad1,11402.861968836942,18131.05370210234
Gad1,11404.896714338109,18149.742820500913
Gad1,11477.55922987052,17848.533432917917
Gad1,11502.92488047561,17842.64679440745
Gad1,11500.17165401264,17797.615013825667
Gad1,11493.008636776376,17800.93087956582
Gad1,11503.882077144826,17814.44380301266
Gad1,11596.678879733752,17815.116046377265
Gad1,11593.533443497856,17811.384453850056
Gad1,11610.594378700978,17811.344739032054
Gad1,11602.286925063665,16638.844665462886
Gad1,11597.85074129941,16658.098388865008
Gad1,11610.129903624698,16673.64846214963
Gad1,11620.0855044355,16651.9203026301
Gad1,11621.71212830228,16658.78319801963
Gad1,11622.205550373299,16641.662274518236
Gad1,11622.494624527078,16662.622917747412
Gad1,11619.979954718821,16647.576647775095
Gad1,11627.099386815677,16640.041640247993
Gad1,11700.07574665555,17713.527874448235
Gad1,11737.211585371588,17603.926021689695
Gad1,11734.923471227385,17610.659580460087
Gad1,11755.823536703774,17703.202071640662
Gad1,11761.95932503177,17691.838130769374
Gad1,11760.519786334473,17692.982678452
Gad1,11801.669564004931,16881.513546778602
Gad1,11798.277289486692,16863.22652991355
Gad1,11820.50175852655,18087.162997893287
Gad1,11985.67687617839,17490.143510329097
Gad1,11984.136546865006,17627.775274312222
Gad1,12123.727697624772,17106.481671629717
Gad1,12129.651983872804,17108.20365821325
Gad1,12127.769740955624,17088.86119264059
Gad1,12129.972361274968,17112.140168592985
Gad1,12129.528868503248,17112.643061048882
Gad1,12126.366876535192,17113.737255731394
Gad1,12130.598961254002,17095.43393667636
Gad1,12276.699949344456,16304.518345656592
Gad1,12259.040750502345,16280.29953376319
Gad1,12280.889000177514,16407.440088758227
Gad1,12279.207096145157,16405.583724176227
Gad1,12272.23370005533,16417.67936665149
Gad1,12300.72953541219,16411.213779744703
Gad1,12296.05078998919,16398.78663832241
Gad1,12290.3550040956,16431.13690454056
Gad1,12294.89999294012,16347.137137289676
Gad1,12373.434102787758,16326.797395943411
Gad1,12381.188312119688,16329.64205874802
Gad1,12388.007865071975,16326.011463247769
Gad1,12385.9304738122,16309.099170789545
Gad1,12360.460325842085,17649.673224172926
Gad1,12371.561336203395,17651.819819298733
Gad1,12368.937596500793,17636.791637707764
Gad1,12513.494769229115,16933.079851250946
Gad1,12552.954058235935,17508.429354490632
Gad1,12564.810825381142,17520.900373410823
Gad1,12563.04545867872,17488.215119041186
Gad1,12567.802494827005,17494.8508247664
Gad1,12555.535039801864,17514.095465481594
Gad1,12574.802248098113,17492.352263122666
Gad1,12567.673615065885,17515.34576966891
Gad1,12551.556935271981,17506.154643567566
Gad1,12554.680587368088,17513.032270762003
Gad1,12585.978035016165,17582.59467881892
Gad1,12587.566277138569,17590.033015495086
Gad1,12595.04934644742,17586.71991076268
Gad1,12596.712257499204,17593.280385074537
Gad1,12598.46859468957,17592.77306549681
Gad1,12631.62924051425,17546.108084524083
Gad1,12712.477284668475,16024.635408967926
Gad1,12719.464780478851,16737.933260897826
Gad1,12725.939902462409,16014.511814592895
Gad1,12754.922855299203,16028.036999251064
Gad1,12738.90960598005,16020.8201924819
Gad1,12742.889747673988,17330.274181188535
Gad1,12778.28618068632,15967.972743342096
Gad1,12866.656065328281,16601.94182821903
Gad1,12873.324983749791,16571.129219630977
Gad1,12865.172296173165,16572.02245630664
Gad1,12925.233551732736,17217.803206902205
Gad1,12916.00693394409,17212.39522320322
Gad1,12916.129803040743,17211.73738014114
Gad1,12987.367784723623,17052.918996353466
Gad1,12987.001910866387,17064.434470773525
Gad1,13139.673729316495,16378.956740377405
Gad1,13113.883277781397,16934.05063589926
Gad1,13141.401671110381,16959.248038946243
Gad1,13109.316482489372,16946.794353397825
Gad1,13158.622481494369,16381.045690083727
Gad1,13162.248498095736,16371.18132461887
Gad1,13172.468342710501,16368.668722522303
Gad1,13173.248441977525,16371.272025143206
Gad1,13161.218385548405,16376.30429350275
Gad1,13168.645301819619,16372.281960660936
Gad1,13170.038772556305,16368.600874021748
Gad1,13180.030485599496,16378.572743855926
Gad1,13235.223362763676,16911.367686514273
Gad1,13215.954909374754,16912.83701894277
Gad1,13288.678532155787,16823.454607589752
Gad1,13309.74362739715,16808.38654550598
Gad1,13311.878345112751,16807.942738444937
Gad1,13280.976040017467,16783.351923878057
Gad1,13286.937092196897,16773.62697659569
Gad1,13447.43170218407,16979.138918744065
Gad1,13441.000832444208,16982.050402507586
Gad1,13458.906840660522,16993.235080820526
Gap43,6598.764609564212,14703.91245863131
Gap43,6653.446915375141,13791.568916898574
Gap43,6849.834081407992,14112.58781624125
Gap43,6838.000721244468,14088.112345192505
Gap43,6881.744793028522,14488.543553041134
Gap43,6890.066093265298,14479.134507807943
Gap43,6869.829984132594,14298.616166390842
Gap43,6876.182142290815,14308.430983931694
Gap43,6871.316357994603,14326.711816383859
Gap43,6850.05338016682,14390.152430384262
Gap43,6868.5628510251745,14398.245423806191
Gap43,6881.389810856588,14413.42799515111
Gap43,6881.743057418405,13996.165618648694
Gap43,6885.872483391066,14003.390090784462
Gap43,6894.316983859599,13995.834088739095
Gap43,6891.3398670770075,13964.8819181024
Gap43,6893.726620181491,13773.89506199594
Gap43,6899.982604759305,14112.930209153452
Gap43,6889.00732295255,14112.982657092762
Gap43,6877.121359453328,14108.574820602602
Gap43,6910.411339028729,14227.244809671676
Gap43,6917.524704919397,13943.395746442387
Gap43,6916.674523672317,13963.405265726016
Gap43,6899.696204578822,13953.750953833915
Gap43,6914.38685418659,13956.136278573798
Gap43,6925.800802490038,14670.763097093975
Gap43,6921.6861420107025,14628.669336095532
Gap43,6929.635801912717,14643.209026305582
Gap43,6920.666628342769,14611.034768189162
Gap43,6934.621844735667,14184.836031168337
Gap43,6934.361719943975,14173.038070547225
Gap43,6928.700279523878,14524.184044149857
Gap43,6910.725433973526,13901.091209261449
Gap43,6928.612465495844,13903.218892343195
Gap43,6912.525527951401,13922.450839652754
Gap43,6951.062285589277,14454.790505398461
Gap43,6967.652481258579,13772.755711496486
Gap43,6966.764616430391,14521.665260446624
Gap43,6976.362718014489,14521.447032399341
Gap43,6969.750905827553,14505.152014068568
Gap43,6960.870172747344,14679.27353297354
Gap43,6969.631161050461,14694.599786158253
Gap43,6979.329172595807,14645.931303530553
Gap43,6981.799728030324,14637.160144094829
Gap43,6981.450857644587,14646.85712884056
Gap43,6987.670163399661,14636.856286414612
Gap43,6965.713358840424,14876.52951135039
Gap43,6947.296418158041,14858.671027072885
Gap43,6968.30166150367,14126.327151979744
Gap43,6960.152069863451,14725.730095668512
Gap43,6965.2752275827615,14726.778273924054
Gap43,6955.024543620288,14719.375355765806
Gap43,6975.681434940367,14091.180084605367
Gap43,6991.746372354957,14086.574818015633
Gap43,6991.694745525558,14088.63533270186
Gap43,6972.266570554359,13979.648557069188
Gap43,6980.810351126173,13959.57919593482
Gap43,6991.357409549406,13948.37499493754
Gap43,6981.548785188016,14546.44661471895
Gap43,6964.847918693133,14557.262841396547
Gap43,6991.043799032401,13928.51665772513
Gap43,6989.307385378197,13934.619978667428
Gap43,6980.188348080819,14190.19667949556
Gap43,6987.803567192634,14568.326729662209
Gap43,6987.095042444399,14562.855725370091
Gap43,6990.254500884411,14579.306162780777
Gap43,6985.971331225066,14360.330978279386
Gap43,6999.915758224985,14348.91043744564
Gap43,6999.213709763492,14349.773141011268
Gap43,6989.9082100800015,14338.77892812578
Gap43,6991.449256674087,14354.208323911575
Gap43,7002.464263450357,14348.319220393638
Gap43,7031.117618951511,15018.471534157547
Gap43,7005.673817264723,15015.867767692453
Gap43,7029.750911581289,15012.1328259616
Gap43,7035.770655231586,14754.40103311038
Gap43,7017.450818748923,14063.014881575895
Gap43,7020.609004419291,14645.126066386863
Gap43,7028.339380882825,14525.558330200063
Gap43,7028.99911680733,13679.592078785174
Gap43,7074.927914749363,14033.522530636066
Gap43,7054.081903658954,14045.148996734699
Gap43,7070.896744608712,14049.986645070223
Gap43,7057.900948301726,14052.760109550487
Gap43,7066.235677854534,14034.931206873609
Gap43,7062.099611047529,14060.495068087004
Gap43,7061.732659591637,14054.700790014256
Gap43,7056.664990838709,14032.66666971045
Gap43,7051.118996561852,14053.73242404361
Gap43,7053.70896270071,14052.033080444366
Gap43,7048.619669458263,14053.988709936644
Gap43,7075.956642939204,14050.036384648893
Gap43,7069.428214122474,14057.389148068729
Gap43,7072.085631892685,14052.145277265026
Gap43,7054.430255619238,14277.792372058102
Gap43,7069.992049061871,15129.592933003463
Gap43,7059.247970176477,15131.045864815884
Gap43,7069.637047718808,14812.245279596083
Gap43,7049.8647533983785,14465.423790477953
Gap43,7063.66167768497,14487.415960743228
Gap43,7051.2008040166975,14554.873687923786
Gap43,7070.413524344039,14561.375685906218
Gap43,7069.383341813738,14326.789273807162
Gap43,7090.19850184291,14323.819664860444
Gap43,7080.168092274254,14329.864052640647
Gap43,7073.077167432682,14715.017932239629
Gap43,7048.950789214355,14707.380989235384
Gap43,7058.563203649226,14717.26615140882
Gap43,7082.089788529835,13971.643682314918
Gap43,7078.385040384838,14147.72835357729
Gap43,7087.120955404158,14140.705454258012
Gap43,7090.50607586548,14127.957319678266
Gap43,7084.642338300262,16017.675439542101
Gap43,7077.217420672298,16018.138776627566
Gap43,7087.534361652403,14647.548999771803
Gap43,7100.5518837849895,14642.157522630354
Gap43,7098.539277117416,14628.767634387987
Gap43,7092.42866865924,14625.187440436132
Gap43,7103.763969811883,14624.489811290981
Gap43,7089.934437953885,14643.950901259117
Gap43,7112.763588496357,14165.091781693449
Gap43,7105.171254326752,14174.85699246293
Gap43,7139.332297596563,13869.185916800305
Gap43,7132.500918316506,13866.110835406704
Gap43,7136.619986675605,13847.632589729592
Gap43,7138.9072019024425,13861.220535461585
Gap43,7138.696709533129,14845.073818277504
Gap43,7135.9314783645705,14848.85494951767
Gap43,7134.348682607225,14844.048478173485
Gap43,7122.684500396881,14658.366971504938
Gap43,7146.220315440455,14309.113825003795
Gap43,7117.528678498742,15138.527914654102
Gap43,7116.866104012114,15143.84865131265
Gap43,7138.894399344913,15154.392304613599
Gap43,7150.3319368272405,15178.804791669498
Gap43,7148.69843943111,14720.345151181487
Gap43,7151.417665947628,14714.406898453479
Gap43,7135.298085593553,14727.232895431094
Gap43,7153.92941895624,15135.891635850852
Gap43,7150.26063628611,15032.173190444917
Gap43,7151.352905200022,15025.04061952576
Gap43,7146.52050721471,15042.334994755156
Gap43,7162.087406854163,14819.828074327897
Gap43,7154.985464561408,14950.295447066263
Gap43,7174.953946312416,15372.117991024668
Gap43,7167.06139333757,14848.48750474368
Gap43,7191.2633401373305,15034.82711022745
Gap43,7191.652686488748,15040.337708829775
Gap43,7194.769536308348,14780.15455380633
Gap43,7200.170415110275,15295.178442864193
Gap43,7209.5756849365425,15294.867009509802
Gap43,7213.841033955958,15308.609131649599
Gap43,7198.433139033955,13822.919443324476
Gap43,7211.405374788039,15234.990520151407
Gap43,7216.828317664057,15248.905569794468
Gap43,7196.301649380322,14503.500780476117
Gap43,7189.535979288905,14500.280927055315
Gap43,7191.122807521247,15010.042532686122
Gap43,7189.267142067563,14999.420956987291
Gap43,7200.797455706939,15140.494839132143
Gap43,7220.5654277968815,15135.96658277544
Gap43,7206.518663326525,15153.336280391382
Gap43,7232.3520271099105,14596.877483682701
Gap43,7227.4787490082335,13992.77753489501
Gap43,7248.84311315009,15391.994069452736
Gap43,7257.415495302022,15502.715159001757
Gap43,7248.998121403673,15506.920290744682
Gap43,7264.706589607891,15536.974834007779
Gap43,7261.55895544662,15090.241826581725
Gap43,7272.3327021432115,15085.161499714852
Gap43,7262.814519628221,15266.364199771455
Gap43,7288.668631037943,15231.606628767207
Gap43,7290.617554339803,15245.787965361409
Gap43,7366.084750034254,15380.407288394032
Gap43,7358.358407307105,15607.936702649964
Gap43,7364.144581087347,15605.16776916672
Gap43,7338.750497836519,15609.278813777497
Gap43,7357.736079435089,15478.602892117593
Gap43,7359.76986682831,15449.749412301546
Gap43,7365.10665005526,15495.280794715463
Gap43,7373.33601393533,14276.759094002058
Gap43,7360.522031684951,14264.30126815747
Gap43,7390.476936486476,14251.955167290724
Gap43,7391.59697992867,14278.326771512155
Gap43,7380.641639975459,15246.665122623142
Gap43,7363.152881947695,15264.03701120866
Gap43,7379.541660528486,15269.113846004248
Gap43,7394.050443603833,15731.94275940585
Gap43,7426.124021389833,15351.111231088607
Gap43,7434.689043597195,15367.41311040642
Gap43,7423.604154278751,15596.014325788166
Gap43,7541.629256651203,15436.792192812485
Gap43,7524.619336860123,15430.632876015741
Gap43,7530.549979612113,15439.296066309047
Gap43,7534.173350066665,15900.028525589141
Gap43,7529.31588436059,15890.993152802948
Gap43,7566.510940086825,15792.975011324832
Gap43,7556.389717689202,15779.386104220152
Gap43,7571.890498060102,15933.021444353792
Gap43,7608.226612657879,15983.102168332804
Gap43,7602.679049436309,15992.18565089798
Gap43,7624.869965012468,16024.032812380496
Gap43,7611.957329394443,15928.575786015967
Gap43,7608.45409229201,16118.301047934377
Gap43,7657.345576902253,15877.356536198115
Gap43,7649.333139038804,16137.98456742465
Gap43,7669.1255316846555,16057.09804491811
Gap43,7674.533449686759,15982.383489268268
Gap43,7675.4772906646085,16221.488513938855
Gap43,7682.73026574507,16223.821334735405
Gap43,7714.929636776774,16151.549466258946
Gap43,7722.850843293295,16174.451838035977
Gap43,7737.699400109939,16053.106762803654
Gap43,7772.291239985882,16169.83037034591
Gap43,7753.618664345547,16102.451543795274
Gap43,7753.49618683664,16331.53981310305
Gap43,7757.997111413035,16332.359164543917
Gap43,7772.559643229568,16082.163794841064
Gap43,7836.670060965735,16308.83479773113
Gap43,7821.1943165366865,16299.874759712198
Gap43,7853.737326602165,16319.955568927786
Gap43,7851.163568809787,16322.171912630356
Gap43,7863.3598854207185,16250.53635482222
Gap43,7923.778050027694,16426.83284485013
Gap43,7933.907298017087,16438.363878624034
Gap43,7953.071927671503,16490.78352132468
Gap43,7953.918275160349,16589.40063473025
Gap43,7992.921712254028,16407.818117314855
Gap43,8004.19926391144,16517.78316784095
Gap43,8000.854982390328,16517.903748788693
Gap43,7986.158291301487,16506.928943244337
Gap43,7995.188242884616,16515.240609321187
Gap43,7991.159268919849,16468.459929591394
Gap43,7986.637686319483,16465.78302703454
Gap43,7986.0655477484925,16465.345134068957
Gap43,8006.8132713222,16375.449710266665
Gap43,8023.433478344823,16447.204866212374
Gap43,8025.130644573223,16511.058352385055
Gap43,8047.063432194291,16549.11277715009
Gap43,8065.047466937823,16543.112253949676
Gap43,8063.747738172519,16495.296995493427
Gap43,8074.813096836678,16504.17761768415
Gap43,8067.643052516503,15061.230930724778
Gap43,8095.937898703933,15048.967682190909
Gap43,8146.119571600416,16681.68301390176
Gap43,8154.570842331897,16684.452785208246
Gap43,8148.53825609676,16680.65732580817
Gap43,8162.2551216050215,16790.65998156211
Gap43,8152.203844204919,16689.877765304354
Gap43,8180.925338368899,16555.0572803211
Gap43,8167.944826549937,16565.76895622094
Gap43,8164.691761874684,16560.29560412219
Gap43,8172.155378078945,16550.861333540077
Gap43,8171.001332713812,16569.338758029146
Gap43,8176.089990437284,16561.252220490984
Gap43,8217.435676956567,16799.827823321895
Gap43,8202.252755038826,16801.742212857316
Gap43,8217.936129760117,16798.745765611107
Gap43,8227.529412490254,16627.280335775413
Gap43,8234.896553670784,16846.78455694201
Gap43,8243.191525731827,16858.24928443312
Gap43,8249.633898134965,16862.71872186573
Gap43,8284.57144868259,16782.534680749763
Gap43,8325.444067967526,16849.03005718739
Gap43,8330.218913299872,16842.827396848454
Gap43,8361.970919046957,16905.02666215546
Gap43,8400.759667002358,16928.87162788491
Gap43,8410.563806042725,16881.850045954172
Gap43,8442.108080127164,16909.19182141697
Gap43,8426.323769497718,16894.783720515687
Gap43,8407.456185249492,16960.689349293523
Gap43,8490.643055567696,16850.341416228333
Gap43,8497.497844923599,16843.275205403894
Gap43,8499.1226571483,16841.747411574896
Gap43,8499.11882975069,16884.361239115595
Gap43,8519.955247456359,16901.857256313724
Gap43,8515.188595896674,16899.180054935267
Gap43,8501.131234491486,16910.3098238594
Gap43,8505.4729691098,17096.96341144014
Gap43,8609.816384084408,17071.407660963505
Gap43,8650.407350852074,17268.45234629138
Gap43,8660.907926393014,17006.768259506516
Gap43,8666.688161651655,17128.397798485705
Gap43,8660.283630616768,16925.51168247411
Gap43,8681.029588543535,16895.940178532204
Gap43,8738.875350068385,17290.75505719603
Gap43,8728.968610054477,17270.755404675958
Gap43,8745.486009560484,17274.309253338874
Gap43,8738.559122971272,17284.109668836518
Gap43,8736.84894992618,17224.049782978524
Gap43,8766.98519740109,17417.567269397212
Gap43,8774.296946528435,17424.093935265977
Gap43,8769.070980843122,17435.36271134237
Gap43,8761.092746958793,17411.108825964704
Gap43,8766.025515986737,17072.442067187152
Gap43,8869.364695942062,17254.81754469266
Gap43,8920.839954850037,17344.87221367376
Gap43,8932.716433429709,17193.459822719917
Gap43,8921.57431228697,17183.176421458873
Gap43,8903.686814968327,15841.787448973888
Gap43,8955.818527471336,17372.93669992291
Gap43,8957.654032644014,17373.301592273114
Gap43,8982.306639640768,17221.570244200688
Gap43,8968.690739086658,17213.708990783605
Gap43,8984.020625315046,17347.787055998524
Gap43,9031.394605900034,17355.502292311627
Gap43,9016.650833429327,17393.6626883563
Gap43,9055.452275734264,17430.644878240357
Gap43,9072.942383300891,17286.90732933112
Gap43,9074.670490957402,17299.560590091507
Gap43,9141.187636220386,16249.650054481395
Gap43,9148.99212099362,16254.316654282744
Gap43,9132.828266863367,17403.73314184189
Gap43,9140.875329276489,17401.919869583875
Gap43,9183.854075961017,17397.556812629442
Gap43,9190.701349116067,17552.765407162988
Gap43,9200.117079814765,17567.17480747518
Gap43,9178.335495545747,17557.031265091744
Gap43,9194.10082059124,17478.25677601059
Gap43,9266.58695310544,16615.005315862218
Gap43,9268.540659891403,17378.47692654863
Gap43,9303.9682427393,17357.42368413909
Gap43,9318.94720437482,17491.613464674498
Gap43,9325.575106182452,17507.73096667873
Gap43,9368.623671535324,17495.882372727305
Gap43,9347.809510693098,17489.52863259809
Gap43,9364.593499006474,17389.96490271317
Gap43,9389.322694641261,17579.292716893753
Gap43,9380.729312977459,17578.060156904026
Gap43,9396.781609773227,17573.97334342801
Gap43,9417.10318797474,17527.69346788553
Gap43,9416.231621621544,17569.781246663108
Gap43,9431.157581553796,17558.654581607563
Gap43,9453.76271898391,16879.053926733064
Gap43,9452.933880473352,17610.188517244424
Gap43,9459.960504147517,17610.438599900677
Gap43,9459.07216929285,17619.66159232744
Gap43,9483.831409222155,17494.099862298917
Gap43,9505.078713765726,17596.74106852626
Gap43,9502.957129212058,17603.48045065449
Gap43,9517.552150603298,16735.189387862716
Gap43,9526.720902745117,16740.3273957876
Gap43,9558.323677695547,17523.540178351017
Gap43,9564.909745008412,17529.950470186126
Gap43,9564.846506822872,17551.155324886073
Gap43,9550.907622596924,17608.277882240574
Gap43,9570.553371168142,17655.30645096745
Gap43,9573.39114363002,17653.986768515915
Gap43,9575.537132126366,17618.874629356964
Gap43,9609.79608227972,17565.377011264376
Gap43,9630.694531914702,17577.65408524987
Gap43,9620.295297922772,17555.928557425166
Gap43,9625.56049674899,15942.493832659793
Gap43,9636.092810310955,17494.3572113111
Gap43,9691.72346008033,17526.18391249756
Gap43,9753.52474242472,16632.80798248759
Gap43,9723.619362352852,16637.837693918147
Gap43,9735.236433945767,16641.22834328141
Gap43,9765.166151124664,17645.36800310607
Gap43,9752.69337840022,17662.63024994142
Gap43,9820.02075000111,17773.464367115954
Gap43,9803.684315888284,17785.455034987473
Gap43,9817.940828931445,17765.586656946456
Gap43,9833.703459224727,17687.027804754704
Gap43,9866.151668845363,17817.05637239625
Gap43,9882.803747119657,17632.25435872889
Gap43,9890.429648688341,16350.108716376035
Gap43,9948.5650185467,17764.83447584062
Gap43,9984.141491340035,17681.126366828223
Gap43,9991.74545854705,17752.482148580093
Gap43,9984.88428307598,17749.741550193325
Gap43,9998.585129801026,17770.92022719407
Gap43,10049.653965307312,17800.827154480146
Gap43,10067.080392639711,17801.929562192337
Gap43,10065.64133480756,17769.884310198628
Gap43,10086.742443915144,17682.883892924532
Gap43,10120.884771386556,17733.350616888652
Gap43,10142.828173873208,17696.99068630229
Gap43,10134.714759910195,17701.31003936096
Gap43,10159.109687928249,17697.22128299972
Gap43,10225.89924553129,17712.13271344541
Gap43,10247.082053266593,17834.510933561676
Gap43,10322.893509889851,17858.85749876878
Gap43,10383.759390838313,17817.821761829593
Gap43,10382.113320191705,18088.892481887557
Gap43,10418.64773137545,17925.451922864257
Gap43,10439.67964042759,17960.401375643563
Gap43,10432.051416912895,17954.749746438054
Gap43,10496.255792819398,17077.003921101474
Gap43,10494.941491048448,17061.157484463416
Gap43,10494.945937757828,17055.222130437833
Gap43,10647.32094047039,16571.98000915755
Gap43,10686.80546222358,17877.80165196671
Gap43,10706.208139281247,17835.734674876243
Gap43,10715.94890166117,17852.262206507286
Gap43,10696.479275396081,17839.608758775208
Gap43,10739.158890976087,17820.41792300405
Gap43,10753.527902132804,17924.865037678195
Gap43,10737.312020057034,17902.580524745797
Gap43,10745.630849129317,17907.932712335773
Gap43,10789.3983041676,17948.303914139986
Gap43,10772.395936343142,17948.558591733563
Gap43,10776.010004355843,17820.84984989146
Gap43,10778.369883956866,17824.628927793012
Gap43,10805.529614196277,17897.912750412255
Gap43,10858.225631842102,17879.846658139893
Gap43,10870.56213558797,17861.85537778231
Gap43,10863.067233850032,18009.574225343236
Gap43,10895.276393249582,17914.898604192775
Gap43,10891.977773130546,17925.70419117364
Gap43,10913.896352111326,17985.896473279474
Gap43,10972.790092440131,17840.457547888705
Gap43,11059.966024708734,17844.768956183158
Gap43,11044.867513709438,17899.31419909448
Gap43,11069.855568498495,17956.882378787428
Gap43,11097.383610935389,17801.155880670733
Gap43,11161.649771312863,17837.441572671152
Gap43,11161.581471418032,17830.867113851065
Gap43,11136.93037699533,17941.534892965672
Gap43,11172.985139581884,17784.973871713853
Gap43,11207.394234617397,17864.453589890316
Gap43,11208.671409899072,17842.356555659135
Gap43,11195.934202801185,17850.89327899541
Gap43,11210.232716532097,17841.802931589857
Gap43,11209.876284022099,17840.920070651897
Gap43,11203.241767402882,17793.836058002616
Gap43,11285.526560667971,17837.080206535906
Gap43,11334.97760700553,16911.564807989107
Gap43,11327.67447428053,16905.88939667305
Gap43,11347.295663629626,16915.822104639432
Gap43,11369.395159870224,18258.83182297632
Gap43,11371.11405551986,18248.408621251936
Gap43,11357.572699523762,18245.001163647066
Gap43,11374.025972117663,17777.46974052174
Gap43,11400.43442367743,18130.964675677373
Gap43,11474.580264912956,17969.705415240023
Gap43,11521.15444018302,17678.65506525183
Gap43,11517.701986674465,18066.715556020772
Gap43,11550.8415595218,17637.463579594976
Gap43,11554.2939638257,17664.786578438583
Gap43,11621.134051275216,17691.656008644135
Gap43,11636.380538799185,17685.73132053418
Gap43,11649.0334540871,17766.753001334742
Gap43,11648.74535828849,17757.885212590187
Gap43,11660.985908059349,17725.68440376583
Gap43,11687.62597557061,17610.051136583865
Gap43,11708.363091609403,17695.293002163
Gap43,11709.255408096908,17709.42982570915
Gap43,11728.871852352877,17616.462623420728
Gap43,11741.832482093874,17651.488322184083
Gap43,11775.11987434453,17686.475420570365
Gap43,11792.46174431533,17809.138954432285
Gap43,11807.082584643382,16872.219203236637
Gap43,11809.030867032307,18088.17401295694
Gap43,11811.991390406234,18088.04798932199
Gap43,11830.232185723438,18071.802706852235
Gap43,11843.476788342596,17562.581915335388
Gap43,11860.18363942811,17584.06351035822
Gap43,11854.503901082748,17568.132147007695
Gap43,11885.374287715773,17560.079519493003
Gap43,11894.079182961346,17531.611380371374
Gap43,11897.149843936868,17553.322775981473
Gap43,11937.481255989547,17533.788295356648
Gap43,11929.936144230927,17548.325222093008
Gap43,11969.19998790682,17521.05405920055
Gap43,12012.83931548461,17579.947806059135
Gap43,11988.238921890561,17439.98518839561
Gap43,12034.611408253142,17599.744068189837
Gap43,12047.089777084784,17512.52891258266
Gap43,12087.400760284265,17484.204497822248
Gap43,12081.405110189602,17493.936572093982
Gap43,12140.129607285593,17521.669436931843
Gap43,12150.050989696107,17369.71870004545
Gap43,12144.854185791919,17609.69976439188
Gap43,12174.813947394283,17498.30235428072
Gap43,12181.486713916967,17836.883243107524
Gap43,12188.145397107079,17825.288764342637
Gap43,12200.692581468262,17434.390762257226
Gap43,12238.401212782006,17377.404481101843
Gap43,12248.765685820215,17339.413027042367
Gap43,12243.127950962225,17351.732772508425
Gap43,12250.809473815923,17342.08724244474
Gap43,12260.680506397786,16538.487082394655
Gap43,12279.727853215252,17349.069135808564
Gap43,12305.735301774248,17709.258976058845
Gap43,12344.092993303544,17349.954209665146
Gap43,12350.809861503021,17337.860068183196
Gap43,12373.698806022732,17283.494263250574
Gap43,12390.109789789763,16310.922229393038
Gap43,12433.977513054375,17157.244683301575
Gap43,12517.84154413557,17068.239513618577
Gap43,12525.74068044588,17018.258840678955
Gap43,12522.265740778645,17023.71004944804
Gap43,12535.35560108046,17054.737424954837
Gap43,12622.744228776131,16810.52502220879
Gap43,12618.116233467961,16810.791002052065
Gap43,12649.699470573933,16998.770601422108
Gap43,12654.70006724243,17453.55820147889
Gap43,12650.557573323207,17527.940477072436
Gap43,12694.970219789126,17110.05493170271
Gap43,12671.485781477279,17122.869550126456
Gap43,12719.507727659218,16898.947269645883
Gap43,12737.515614779917,16904.873323443862
Gap43,12745.931488731985,17326.147771229804
Gap43,12776.377631257881,16710.1912315042
Gap43,12792.374819259772,16712.58949408556
Gap43,12778.776425023909,16700.260599183173
Gap43,12778.108029853778,16690.623595741312
Gap43,12786.0569491184,16632.977759727477
Gap43,12840.625775558905,16603.761985604513
Gap43,12833.358417713123,16606.38292729475
Gap43,12830.941548549801,16740.05720180341
Gap43,12840.982222466295,16560.490813383498
Gap43,12845.786541475918,16567.822632671556
Gap43,12849.591294266991,16729.00062610478
Gap43,12852.684053553103,16867.669288497145
Gap43,12852.283402862737,16584.78694552222
Gap43,12851.985090726974,16580.99627068904
Gap43,12856.506758355405,16588.929018247152
Gap43,12855.381967869449,16575.866463532308
Gap43,12898.20260169569,17144.287651644394
Gap43,12906.184190737857,17148.73207253309
Gap43,12916.019011787599,17090.11804088411
Gap43,12930.533437043521,17094.65181415907
Gap43,12944.73857889511,16608.49986851928
Gap43,12940.204688848045,16604.919448397104
Gap43,12953.985078647254,16468.618626926094
Gap43,12965.200358856417,16609.076387144796
Gap43,12985.120282248026,16529.04333864641
Gap43,13025.026698044321,16468.8256606009
Gap43,13020.832250208696,16558.020125430347
Gap43,13031.173698861028,16405.773516674722
Gap43,13033.775626487924,16405.000645482756
Gap43,13044.426577245002,16974.864269216712
Gap43,13054.969884442145,16968.761388824067
Gap43,13050.89631234056,16969.092442998866
Gap43,13075.301042499781,16965.7730644232
Gap43,13060.80748696015,16429.32294110336
Gap43,13059.610117829172,16435.816162904342
Gap43,13091.580727142462,16975.837658040287
Gap43,13102.405523817924,16970.768499766244
Gap43,13133.332697940805,16952.17629441588
Gap43,13149.035413866148,16429.150295466326
Gap43,13179.208801669205,16379.598184551503
Gap43,13168.459396042897,16384.341486301975
Gap43,13175.758524292098,16373.956418625397
Gap43,13170.582266337342,16376.697381002099
Gap43,13171.306200634499,16371.402542457861
Gap43,13182.159465173638,16370.429493388727
Gap43,13158.330148799043,16393.59145569718
Gap43,13160.555566909867,16417.533697304745
Gap43,13177.910658902192,16888.43933779938
Gap43,13220.22459407157,16465.227066154876
Gap43,13207.275138007104,16871.949707044685
Gap43,13208.296922476418,17402.6295346606
Gap43,13256.99542202498,16823.162791908966
Gap43,13304.853394239115,16789.022946128436
Gap43,13334.074184805933,16862.7295831805
Gap43,13315.70087722389,16870.422075526076
Gap43,13315.382083766306,16885.1742812375
Gap43,13307.26456094156,16866.647929213836
Gap43,13354.065296744333,16752.624087529905
Gap43,13340.608958398989,16766.077394591124
Gda,6897.926813185866,14614.25272622033
Gda,6928.510325032362,14369.499317763337
Gda,6966.672833843645,14693.02062439977
Gda,6969.443007800676,14101.71521615103
Gda,6960.888787885516,14390.335562150947
Gda,6983.829369872899,14817.122226998255
Gda,6978.624130670585,14819.671858321179
Gda,7020.125283742221,13697.446675328556
Gda,7036.030584275888,14430.193197893812
Gda,7022.49464818505,14066.51951405891
Gda,7058.5129829266525,13685.61332464385
Gda,7050.600198136845,13672.9701336269
Gda,7048.624784169764,13679.27747295012
Gda,7052.3116145223075,14250.896042453609
Gda,7053.61673928181,14461.28593360025
Gda,7067.562062965159,13894.337736910884
Gda,7088.29074388305,14137.113418471485
Gda,7150.31760272758,15266.781288151984
Gda,7155.963466700999,15267.254447535337
Gda,7159.822247322079,15367.83310874903
Gda,7144.33823609369,15347.394421448142
Gda,7179.293822771793,15402.368343647575
Gda,7198.711168315921,15240.569255276483
Gda,7293.540557254075,15322.32070901216
Gda,7396.260359637365,15625.976570432247
Gda,7394.136329843537,15612.747419175344
Gda,7579.007716941274,16022.286936733992
Gda,7702.687263325994,16154.423562403545
Gda,7819.555377916514,16209.214462472863
Gda,8008.120856944219,16475.90139384165
Gda,8552.772323717872,16951.06474176945
Gda,8569.26729131157,16937.01365278698
Gda,8972.381879896211,17341.87303239526
Gda,9727.82962043438,16647.088582160977
Gda,9751.090635943778,17751.52007896543
Gda,9824.762039446066,17669.73459986055
Gda,9973.3334078713,17809.142835057624
Gda,10728.614276197959,17910.48778251172
Gda,11472.874662975453,17755.930487925692
Gda,11805.631018096237,18074.68641162093
Gda,11967.66496024087,17559.991447002925
Gda,12127.073008128647,17623.88456522927
Gda,12287.696406319235,16428.304402176553
Gda,12500.294757918353,17006.969415567517
Gda,12601.611184174433,16914.52977538112
Gda,12652.61851252987,17451.539541407175
Gda,12862.651252463907,17197.579583877487
Grin3a,6974.312609955754,14731.551067134058
Grin3a,7117.478583144509,14682.011608530885
Grin3a,7126.452854176825,15754.06047786262
Grin3a,7128.276914974821,15742.4421427558
Grin3a,7157.75716808081,15253.663276764346
Grin3a,7188.300067136331,16094.19998087139
Grin3a,7291.099951621314,15070.147343378283
Grin3a,7305.485359604984,15565.385368771835
Grin3a,8385.837589265464,16868.824215318735
Grin3a,8923.19096011765,17203.54452697107
Grin3a,9500.050426755899,15960.178390147748
Grin3a,9491.43771376191,15963.371903172769
Grin3a,9858.495471214756,17796.898476068705
Grin3a,9887.910777315159,17772.20966970937
Grin3a,9967.88359840881,17668.19245418572
Grin3a,10066.802584420248,16355.454120301712
Grin3a,10393.361237107265,17950.767241483994
Grin3a,10839.91967394911,17957.356461011965
Grin3a,11555.34458769322,17683.089713435107
Grin3a,11837.408742359059,17557.9445532513
Grin3a,12302.54889854113,17294.273776614922
Grin3a,12569.506385652243,17079.59167996956
Grin3a,12592.690091920085,16896.891475658722
Grin3a,12955.186577102553,17154.139980169362
Hapln1,6613.365153078307,14404.297885773824
Hapln1,6962.641815143088,14733.12332702978
Hapln1,7015.886078195891,14532.026876415568
Hapln1,7106.286128401321,14931.631650495228
Hapln1,7116.070251264379,14992.579780315771
Hapln1,7127.253131344856,13849.866092426035
Hapln1,7137.167462710235,13859.514475771017
Hapln1,7333.496857541345,15249.712739715815
Hapln1,7357.887079944172,14266.382143136767
Hapln1,7713.094303542008,16967.315930956145
Hapln1,8677.23223247626,16896.649592170474
Hapln1,8658.784551481009,17189.78753097159
Hapln1,8749.279210325514,17598.3332471886
Hapln1,10324.622730077748,17845.103657593027
Hapln1,11209.867814884032,17955.23071890272
Hapln1,11361.293530533785,17867.903719474678
Hapln1,11817.960644274468,18092.451827906974
Hapln1,11867.664604151283,17617.730172167645
Hapln1,11867.270788076474,17597.562730305504
Hapln1,12905.139780204301,16455.03638533988
Hapln1,13319.428078962272,16877.372800413385
Hapln1,13360.840995783912,16793.93663262876
Htr3a,6859.316766314955,15118.702215124267
Htr3a,7040.43131408235,15518.015445827416
Htr3a,7068.561286616437,14716.3492376155
Htr3a,7149.193005115009,13975.841616033897
Htr3a,7247.781710869799,15520.426222904427
Htr3a,7459.087815771389,15711.208197633563
Htr3a,7567.381585550213,16013.674456441455
Htr3a,8113.875045674231,16635.913192139375
Htr3a,8176.637541153071,15854.403134637836
Htr3a,8179.455212933002,15839.340914520968
Htr3a,8180.978651097886,15848.058964711667
Htr3a,8194.24562908596,15196.112841959015
Htr3a,8395.835019187181,15164.994169084479
Htr3a,8394.761819971427,15175.567737051622
Htr3a,8686.298913954737,16894.032776818312
Htr3a,9642.334662961988,17661.00475823561
Htr3a,9664.405177760867,17500.78938717527
Htr3a,9752.330949650099,17725.0048536414
Htr3a,9918.891075579235,18082.307906339105
Htr3a,10327.666751335091,16891.363866788208
Htr3a,10656.918986533803,16810.81839147236
Htr3a,10658.787987959933,18054.28352028599
Htr3a,11230.829131894165,17791.88763798529
Htr3a,11564.231460236484,18190.348115233715
Htr3a,11860.750563565292,18191.69357400189
Htr3a,12920.235617919263,17209.747053072508
Htr3a,12948.123924698571,16653.44077944662
Htr3a,13016.607852741376,17095.209125494068
Htr3a,13037.842354763137,16421.260879520232
Id2,6218.039163120969,13353.78216247711
Id2,6513.364615697744,15084.252348779264
Id2,6514.313682678996,15092.979423920098
Id2,6493.326832586426,15081.847338916958
Id2,6525.985214226385,14835.020791043602
Id2,6659.270975632746,13790.570923427284
Id2,6684.272297486255,13791.416448916552
Id2,6798.4157815168,13953.588274861884
Id2,6826.8813382639155,13784.82914171188
Id2,6874.125203737119,15313.301825088183
Id2,6884.1582828070095,15317.27473621413
Id2,6889.269459659395,15297.406674142732
Id2,6898.692074456616,14570.152489676253
Id2,6919.6904580034425,15379.035403988444
Id2,6989.153312679597,14494.237522096419
Id2,6975.291488910456,13998.979638870602
Id2,6972.332215149278,14857.545189197966
Id2,6978.145052210871,14824.16091979205
Id2,6998.992525922834,14008.725521936925
Id2,7015.13762416867,14871.456287543919
Id2,7021.767957713562,14866.733358417743
Id2,7026.03793053695,15057.171249673334
Id2,7006.551139304748,15050.011594062342
Id2,7020.628945562936,15054.790620787542
Id2,7020.313175361056,15053.489062429826
Id2,7057.466665203167,14096.564846256057
Id2,7070.9245510749815,14041.825384746704
Id2,7041.2972504039535,14038.198303740957
Id2,7070.164991991952,14548.403855617169
Id2,7084.300894716093,14720.442344929923
Id2,7076.276798483509,14722.950340608497
Id2,7072.532805939268,14991.501612278225
Id2,7101.551913185624,14909.87258534205
Id2,7166.730350419988,15174.59040368269
Id2,7159.856011179111,15268.83585246105
Id2,7173.043060133395,15253.990414956701
Id2,7163.005966919339,15250.455176590656
Id2,7162.581004524398,15096.799909011968
Id2,7164.356053317778,15075.551631333357
Id2,7186.046145668567,14121.554609638759
Id2,7179.998149554026,14514.60583926451
Id2,7188.87228633402,14512.498137279765
Id2,7214.121047380259,14896.624776658813
Id2,7205.52961678058,14677.288843256365
Id2,7266.14639281814,16551.87477398191
Id2,7351.586679641852,14270.246328228595
Id2,7358.431486474891,14260.1522621197
Id2,7357.835550711908,14272.564687402539
Id2,7364.380493849098,14266.173532197152
Id2,7356.071073009683,14256.122388068341
Id2,7456.032220785732,15042.543501148026
Id2,7447.250683787504,15030.643674024635
Id2,7464.0666634786685,15035.74147365824
Id2,7498.690556306389,16869.672636599582
Id2,7525.4073060678575,16864.97887112253
Id2,7506.706458030585,15633.61656946938
Id2,7515.395821915274,15927.830362450406
Id2,7599.647238678832,15037.754855823061
Id2,7595.684701167521,15048.268682664566
Id2,7605.953676615325,15036.57316015374
Id2,7679.342730806842,15979.082439255655
Id2,7733.081950995408,16216.150875382797
Id2,7774.962988531687,14728.99328619175
Id2,7784.07939814505,14707.337444440554
Id2,7769.515876415057,14707.10200247764
Id2,7770.335485609858,15586.64501031056
Id2,7792.45359371291,16747.804824159928
Id2,7962.368750703048,14900.668768895892
Id2,8072.4205780065195,15051.59287016265
Id2,8321.508021925814,17210.832704748656
Id2,8394.673835882033,15362.796996489304
Id2,8394.397195094263,15165.186376238911
Id2,8401.76356603615,15177.94303528357
Id2,8524.957666428056,15125.824299538757
Id2,8531.767133073696,15130.791533493864
Id2,8532.851547925393,15132.000804882478
Id2,8576.86555905198,17185.352052189068
Id2,8646.508710376742,16803.426002355078
Id2,8653.609924943585,16803.2321449151
Id2,8649.7228565537,17231.40004500276
Id2,8642.374002315786,17235.337193658706
Id2,8935.30135277744,16009.600126364863
Id2,8921.057635831503,16016.34307421156
Id2,8913.843835622745,15354.74845805504
Id2,8958.667115194412,17295.553877097136
Id2,8937.520567494174,16035.29351867628
Id2,8945.141377528016,16040.007437662383
Id2,8944.13881407065,16056.70534504267
Id2,8960.294281345768,17245.558011282123
Id2,8966.149882813355,17235.285266100662
Id2,8972.218555392315,17223.087857359948
Id2,8964.678947293489,17231.31385939907
Id2,8971.82714545381,17225.49354967395
Id2,8969.158173366803,17235.83620066053
Id2,8979.017312397387,17232.133823585722
Id2,8961.551068381263,17243.197897272934
Id2,8966.412460389904,17221.855241348283
Id2,8977.113464750757,15967.784409760738
Id2,9118.180990143876,15510.294792771689
Id2,9124.257037606627,15515.788033444303
Id2,9110.72870372,15504.864191760485
Id2,9108.761613520974,15498.049438475551
Id2,9112.448749534937,15502.457855615236
Id2,9119.224968260503,15513.559794620225
Id2,9109.967844404055,17154.438937281266
Id2,9181.98231151506,16183.435491141105
Id2,9198.931126484267,15942.506294411462
Id2,9192.903350449898,15922.345947582919
Id2,9187.99623502571,15955.859466403428
Id2,9192.449111520256,15937.475366624789
Id2,9269.39729413748,16620.286671324375
Id2,9295.393665258778,17739.221938792703
Id2,9343.6629313416,18143.60209156285
Id2,9344.768710732564,17530.042116852695
Id2,9348.160627884554,17522.211546983195
Id2,9366.814827194201,17581.642735149035
Id2,9400.708174211846,18042.943540580385
Id2,9401.872020601202,17519.60287668103
Id2,9459.99952935108,17604.471277741795
Id2,9487.139432757418,16039.712479199605
Id2,9513.294255639046,17663.745017167254
Id2,9580.294781458171,16210.113015596675
Id2,9585.943738202015,16175.298602563134
Id2,9594.945474145165,16193.701704272717
Id2,9605.343563395676,15948.322063189007
Id2,9619.444355054151,15952.835992882376
Id2,9620.541539932696,15943.016877766493
Id2,9613.3781344642,15930.420176210935
Id2,9617.655323762607,15919.843564842473
Id2,9619.408514774559,15940.755818122612
Id2,9660.69856715437,17582.746231569603
Id2,9871.097995396616,17827.379032919136
Id2,9859.02272045531,17843.900566741544
Id2,9864.62221702467,17826.86081382775
Id2,9855.960864847659,17816.952947863545
Id2,9855.50534338364,17821.381363017314
Id2,9894.161536611435,16374.006671470053
Id2,9894.67834191027,16361.501660335536
Id2,9878.741312239856,16368.142791641523
Id2,9945.446191598357,16324.758464103936
Id2,9943.28185108466,16351.568400096963
Id2,9960.185955051671,16351.074963165112
Id2,9951.156310727978,16776.676863616598
Id2,9993.748354789133,16436.784205932767
Id2,10003.377694433979,16445.67639420116
Id2,10075.338164486533,16348.058315577236
Id2,10276.885670046915,17903.374323429653
Id2,10390.901359000398,17461.405075640498
Id2,10400.191518125977,17465.78067278532
Id2,10401.726812890654,17464.1242112835
Id2,10424.602175076778,16521.31022527506
Id2,10430.314267811285,16537.49385002976
Id2,10434.624213520201,16512.69323863979
Id2,10423.50614418552,16522.01137149911
Id2,10425.590668935854,16530.394927867554
Id2,10432.153973887123,16529.44938429415
Id2,10442.968778544493,16538.709562456093
Id2,10433.981972836615,16534.120192492064
Id2,10451.68263848065,16884.73912732744
Id2,10476.917156740546,16741.254130910995
Id2,10489.467543309684,16756.647824187483
Id2,10496.766730404117,17847.721471939807
Id2,10493.30560234594,17087.723324873394
Id2,10484.493961213928,17081.45953615126
Id2,10481.869981145248,17074.639889993032
Id2,10617.84188259806,17648.27519831601
Id2,10614.179455236585,17642.515443238164
Id2,10609.052197686915,17647.07956248533
Id2,10928.978855436635,17815.383181809157
Id2,10935.236756995337,16976.62682551746
Id2,10929.003487028978,16953.560784641177
Id2,10937.894291344366,16971.00367886241
Id2,10933.964646613606,16955.761149948947
Id2,10924.122135630409,16956.09439892696
Id2,11068.594572828373,16615.08951547942
Id2,11082.358475004721,16618.560560908365
Id2,11071.262340267589,16621.186940375366
Id2,11056.167301097605,17952.24457696304
Id2,11056.330685099356,17953.282951018613
Id2,11258.276063388459,17741.302640035934
Id2,11276.324396726235,16937.452397335397
Id2,11336.63457801424,17724.074634047876
Id2,11368.27537534902,17731.27578797799
Id2,11379.980740375406,17697.753800717546
Id2,11353.975746977661,18014.975356529252
Id2,11341.990177784053,18035.758394565222
Id2,11345.66277296807,17858.52993609705
Id2,11365.071202457915,17866.263127630245
Id2,11402.819724950796,17970.110286081996
Id2,11403.300903003963,17962.200074639684
Id2,11391.848348038591,17976.27979379118
Id2,11463.325914099165,17962.812293626637
Id2,11492.715265077517,17082.79331442551
Id2,11540.793339875529,18090.31538115229
Id2,11594.654577752319,17802.142799022313
Id2,11616.509206258825,16628.065870681396
Id2,11676.438557879243,17564.23391362918
Id2,11708.73006572826,17600.659101710287
Id2,11709.165975503232,16413.15866116087
Id2,11719.122954331939,16418.413948878664
Id2,11804.201505005354,16502.686167038613
Id2,11796.544009875706,16872.23189069896
Id2,11814.94355873699,16881.371477185567
Id2,11807.799491012067,16869.061335830214
Id2,11849.494754799074,17730.89851982403
Id2,11964.171424119191,16375.676799530576
Id2,11966.33030387398,16392.77882364578
Id2,11985.26481329941,17610.95455720805
Id2,11982.888385501636,17607.40854529024
Id2,11966.311527373711,17610.66460386354
Id2,11961.849776342333,17619.156523957743
Id2,11967.885303354598,17618.10688797571
Id2,12178.702486157992,17820.94297295157
Id2,12194.953168100808,17826.254347050573
Id2,12186.392150811085,17842.885159997903
Id2,12178.768348022928,17821.540335874724
Id2,12193.365572832392,17848.736671032646
Id2,12403.095210831212,17243.414230288192
Id2,12511.396838670154,15873.860156300256
Id2,12629.248264618307,15751.028974269379
Id2,12617.042729153232,15756.164673099564
Id2,12621.478713854583,15743.528677901688
Id2,12706.147383246855,16826.64348336714
Id2,12698.392915158573,16818.199624854075
Id2,12721.11960600606,17205.436682869353
Id2,12709.012152918034,17198.127531425234
Id2,12706.602970369371,17201.337848707895
Id2,12708.602188985074,17183.843887695773
Id2,13164.86958393578,16371.825573141732
Id2,13240.14015267614,16667.553218481145
Id2,13224.203533171118,16687.29944861923
Id2,13465.08108062481,16982.008299036264
Kcnk2,6995.30595070406,14726.041073656226
Kcnk2,6982.659260062489,14741.719783391165
Kcnk2,7034.167564969383,14323.63001075363
Kcnk2,7045.745246689755,13780.341827442848
Kcnk2,7075.403619364529,13730.872959543203
Kcnk2,7294.061202614178,15382.900118312282
Kcnk2,7848.585901839719,16429.725357101837
Kcnk2,7852.8794575052225,16413.591541358608
Kcnk2,8634.736254901338,17120.47862324822
Kcnk2,8916.361696850867,17242.022230504233
Kcnk2,9349.887471208056,17480.80384942207
Kcnk2,9581.637716862904,17648.198880613112
Kcnk2,10372.724270436613,17869.758259875955
Kcnk2,10666.2539935801,18020.004893495672
Kcnk2,12300.709446753652,17218.816281042447
Kcnk2,12414.727256615233,17697.866695966353
Kcnk2,12570.228012628155,17070.229914302497
Kcnk2,12960.447960685811,16500.136395228063
Kctd12,6557.705986797078,14780.775161620037
Kctd12,6567.265093443814,14785.583429040013
Kctd12,7022.528642379969,14646.72955778406
Kctd12,7057.150663007588,14825.995382229243
Kctd12,7081.144812808475,14129.2383381294
Kctd12,7283.625001059467,15359.187451498463
Kctd12,7611.011391045649,15992.146610433925
Kctd12,7886.8167307693175,16292.848140186332
Kctd12,8257.17740663188,16758.83174852318
Kctd12,8272.791127128809,16682.03926101559
Kctd12,8553.645861481571,17034.412034239747
Kctd12,8920.048427222418,17237.037935119555
Kctd12,9075.554476590683,17289.735124839128
Kctd12,9194.02487869536,18071.477038616435
Kctd12,9302.672029833053,17557.304569165135
Kctd12,9303.262898358282,17557.16394008954
Kctd12,9602.291825812821,17964.64504300532
Kctd12,9803.271322242934,17781.452228793303
Kctd12,10656.693158500228,16577.647216052483
Kctd12,10654.135972789269,17898.788469708514
Kctd12,10811.137921943593,18000.737284051047
Kctd12,10808.872693088788,17844.655651858313
Kctd12,11059.83925726305,17849.312531921725
Kctd12,11084.017903460712,17821.164102377406
Kctd12,11140.073655784758,17876.429467542843
Kctd12,11627.385396495629,17687.370998853945
Kctd12,12499.101655858767,16963.092048912993
Kctd12,13109.879560533418,16449.37433130301
Kit,6879.11291845562,14636.290152419657
Kit,6944.351497825941,14234.697737331377
Kit,6957.375430572046,14028.1159846563
Kit,6948.3175124187355,14036.334795122171
Kit,6971.061703497119,14678.08660905732
Kit,6980.8254807702615,14583.885610638217
Kit,7022.845628139528,13862.566827415307
Kit,7055.746350696035,13735.943053727126
Kit,7073.67359684296,14052.710758433881
Kit,7055.252175732178,14813.201237470881
Kit,7068.013676890102,14714.762624770612
Kit,7084.8371445626135,14696.699291245675
Kit,7076.458322063792,13934.247297531305
Kit,7161.93788158477,13824.974574193087
Kit,7260.764980693236,15428.193861577156
Kit,7368.384400446482,15260.768404242104
Kit,7601.6940987380685,16147.778499886315
Kit,7925.819169439808,16534.49579913968
Kit,8082.781574465283,16471.549011230352
Kit,8552.257256709085,17223.507527987025
Kit,8554.347937897697,17069.963910466406
Kit,8682.588368979448,16993.374720461128
Kit,8734.809380082643,17057.008171698715
Kit,8897.089961476962,17256.301884881275
Kit,8928.182958787711,15845.632089867859
Kit,9040.703546769371,17355.19882641264
Kit,9034.74206893039,17326.092453835932
Kit,9360.709859481498,17387.280794062266
Kit,9573.025435824693,17533.792865473664
Kit,9564.4981803322,17540.227712634518
Kit,9566.749752111127,17532.73028671742
Kit,9557.818655148898,17648.236092545147
Kit,9687.896512344294,17537.65920975467
Kit,9937.418767937512,17677.59318102345
Kit,9979.296333449913,17685.17752138697
Kit,10196.150646145341,17734.92204519671
Kit,11016.824712603686,17854.229127992632
Kit,11261.971961205394,16653.578288289864
Kit,11252.22048872683,16658.41238963885
Kit,11302.393771825164,17758.51582513709
Kit,11344.047128789578,17875.83942200676
Kit,11522.833104524334,17763.04929920938
Kit,11513.94128980018,17771.310607336312
Kit,11820.76515148183,17613.20459639533
Kit,11854.647250733691,17596.255683653042
Kit,12799.838649705163,16583.90676584786
Kit,12966.219681253973,17069.606868380535
Lamp5,6910.554057492491,13799.381385115807
Lamp5,6914.430842962095,13802.509182116071
Lamp5,6993.9957656432225,14846.348315446694
Lamp5,6988.339660187773,14453.21445971094
Lamp5,7058.489619272533,13845.891919355712
Lamp5,7166.639107752644,15076.173703021454
Lamp5,7168.419873636346,15357.048935672086
Lamp5,7219.955471258278,15226.542101914314
Lamp5,7206.850257542886,14859.93733999929
Lamp5,7370.4513016622195,14265.08418176603
Lamp5,7472.33818577523,15778.469485721873
Lamp5,10284.953699896665,17878.819328723028
Lamp5,10380.547502412226,17565.600201762238
Lamp5,10634.802198782987,18032.94441891103
Lamp5,11202.55138669598,17870.773840841568
Lamp5,11331.071631887226,16915.75569805469
Lamp5,11351.237646210147,17850.91369742017
Lamp5,11432.121126256234,17724.20865329962
Lamp5,11455.473594485966,17792.33712334018
Lamp5,11617.197312459415,16651.296526888873
Lamp5,11616.522809325745,16657.008461335725
Lamp5,12502.833829203499,15853.151412777697
Lhx6,6963.502682684237,14520.864153368006
Lhx6,7073.973210235496,14921.090729321962
Lhx6,7249.387493815743,15173.64449991859
Lhx6,7422.801043968087,15597.784108227619
Lhx6,8154.632055575427,16799.25351620644
Lhx6,8954.894212498235,17220.339252571564
Lhx6,9290.41848312056,17760.977908018525
Lhx6,10402.128383521684,18088.485993140723
Lhx6,11359.95451378242,17728.401525684196
Lhx6,12214.879794313045,18154.864384297045
Lhx6,12441.6590457676,17219.848529449704
Lhx6,12492.967270911045,17139.14271069782
Lhx6,12942.276823067672,17112.739598741537
Ndnf,6882.04055741301,13988.788917912849
Ndnf,6979.09444165483,14819.012033647898
Ndnf,7110.9095018144235,14819.284960835292
Ndnf,7338.3817069059405,15562.032512585474
Ndnf,8673.031421471534,15475.170345012171
Ndnf,8910.785662673356,17193.02994641773
Ndnf,8924.64157877397,15846.571374585274
Ndnf,8924.936818779935,15859.519190616189
Ndnf,8916.263453114623,15859.683613024132
Ndnf,9592.487300972964,17950.237835267846
Ndnf,9702.422433421561,17716.22168291282
Ndnf,10492.369578915208,16901.754853270533
Ndnf,10711.680874566697,17848.558549993944
Ndnf,11291.873024065275,16930.416677303998
Ndnf,11280.594600485398,16955.262898321067
Ndnf,11294.998350191734,17929.071793909974
Ndnf,12210.258203617568,17478.361801997442
Ndnf,12252.424498001554,16953.95130601222
Ndnf,12343.212499600146,16369.016712862305
Ndnf,12491.661085575877,16978.357302333585
Ndnf,13298.510477245114,16813.05321575718
Neurod6,6248.890482373204,13281.194044055914
Neurod6,6385.731961475541,13060.970414352885
Neurod6,6860.297763245471,14381.788041146552
Neurod6,6876.456378426127,14394.343349420056
Neurod6,6870.8978679487,14386.866619517607
Neurod6,6886.853548551589,14632.098487825575
Neurod6,6882.091722736965,14643.75236002529
Neurod6,6875.980951908946,14640.647978797268
Neurod6,6881.170635534485,13759.305292883932
Neurod6,6863.71820096101,13756.774562420158
Neurod6,6886.079956566445,13770.36625313864
Neurod6,6904.718632853711,13899.236963012916
Neurod6,6896.090689569545,13885.640685725082
Neurod6,6885.276617588562,13900.625414562994
Neurod6,6896.335133509165,14324.650913085256
Neurod6,6889.015814534082,14313.78696583731
Neurod6,6883.635395680632,14311.397184381378
Neurod6,6908.039868717969,14313.094487675697
Neurod6,6885.04669084924,14497.00321412994
Neurod6,6892.57509443176,14517.480839828357
Neurod6,6896.864740336511,14513.968689569156
Neurod6,6907.641444181594,13957.203020035127
Neurod6,6903.648629536293,13955.246440840023
Neurod6,6922.6013109882915,13953.907235847371
Neurod6,6935.099519944034,14575.014192794502
Neurod6,6921.502197037262,14580.693984953346
Neurod6,6922.86864793234,13909.985840341322
Neurod6,6942.622656134202,13915.745015823479
Neurod6,6931.829256188455,13879.835036611119
Neurod6,6947.142334027016,14217.713430378291
Neurod6,6937.4804982337355,14222.548691044147
Neurod6,6937.44139920537,14432.370026596407
Neurod6,6937.7256045381555,14441.638960647479
Neurod6,6944.707074335966,14435.793549687376
Neurod6,6943.672242928885,14438.040736183384
Neurod6,6950.738800286805,14445.195489727566
Neurod6,6946.436587189069,13757.01251058534
Neurod6,6948.381462200227,13753.855504394725
Neurod6,6951.912731252448,13752.378375317361
Neurod6,6959.44009794451,14040.854255727134
Neurod6,6950.211953400012,14039.184435298412
Neurod6,6959.346839253437,14041.901166719426
Neurod6,6958.958158726634,14043.854746556222
Neurod6,6960.807051939966,14054.858857354784
Neurod6,6955.830383917719,14060.567101082896
Neurod6,6948.905281733998,14038.835640062387
Neurod6,6954.92768341448,14033.876700599036
Neurod6,6960.661833525384,14050.347311820804
Neurod6,6950.748720289473,14034.331923928656
Neurod6,6945.254949370926,14040.218455563025
Neurod6,6947.166628634071,13778.92693927963
Neurod6,6960.651690922338,13779.103756599183
Neurod6,6966.313074826749,14541.551775906313
Neurod6,6995.198965870114,14306.910108728682
Neurod6,6981.643276820264,14312.136192171485
Neurod6,6979.86689015373,13747.606200219909
Neurod6,6976.824868780496,13751.629898851304
Neurod6,6968.7256033660615,13840.124212634817
Neurod6,6980.336015507246,13833.646929576125
Neurod6,6973.318493568765,13831.01691972002
Neurod6,6966.523691159596,13832.195461358018
Neurod6,6969.195663674415,13837.887137936395
Neurod6,6968.934426138305,13864.697698686796
Neurod6,6968.787800902026,13841.394383606828
Neurod6,6967.266803240912,13848.974532304748
Neurod6,6969.591300653763,13853.977104889758
Neurod6,6976.9742266837575,13863.966696395868
Neurod6,6963.629818259239,13864.56860599333
Neurod6,6977.70647804571,13879.501290217484
Neurod6,6979.663464410608,13879.306699772851
Neurod6,6976.728125687886,13898.372683552334
Neurod6,6979.905058398507,13888.592284963062
Neurod6,6970.277812261545,13885.77286844747
Neurod6,6977.475039321864,13884.86695441915
Neurod6,6996.073252980586,14106.068603697948
Neurod6,6986.680123057238,14098.375192458347
Neurod6,6997.393751682861,14098.208275848312
Neurod6,6999.340108678719,14115.90701558448
Neurod6,6981.493393446481,14102.974394606732
Neurod6,6976.254775236456,14291.493354083434
Neurod6,6990.512480936152,14266.063937692632
Neurod6,6963.3784873672475,14208.42883372331
Neurod6,6978.748996650837,13958.329729251065
Neurod6,6975.3986753708605,13960.434578163851
Neurod6,6985.946113236303,13952.63571223302
Neurod6,6994.2359632807475,14248.00615418019
Neurod6,6996.402189271353,14231.813940736338
Neurod6,6992.302241057345,14235.896118486467
Neurod6,7000.105263118905,13914.332324704128
Neurod6,6979.456148379403,14575.02191402859
Neurod6,6989.240836747498,14557.853264580526
Neurod6,6970.018817769079,14582.295892477747
Neurod6,7011.426560164254,14820.160329290442
Neurod6,7015.104798303781,14793.725752680446
Neurod6,6998.923145056439,14803.318816053728
Neurod6,6989.415703999314,14792.722718649613
Neurod6,6999.603703730919,14812.257640028223
Neurod6,6998.800210932569,14815.4100614501
Neurod6,6987.419034909022,14800.559172569392
Neurod6,7004.430232347219,14804.762811891362
Neurod6,6996.102888680357,14803.911175150995
Neurod6,7002.917384689439,14860.220533380329
Neurod6,7024.657179358628,14200.23409368304
Neurod6,7022.442788837447,14193.109813679079
Neurod6,6997.628148098021,14199.175321385086
Neurod6,6994.585539584179,14192.512909097366
Neurod6,7017.519856714038,14203.295562273528
Neurod6,7016.3551054199115,13674.673763622506
Neurod6,6999.062494692969,15020.571656136679
Neurod6,7015.973925078279,14044.079541708037
Neurod6,7025.859032492518,14901.284088497787
Neurod6,7022.759689435565,14091.931204021084
Neurod6,7015.33384317464,14774.912693699873
Neurod6,7030.807107043772,14764.70333433116
Neurod6,7019.111360530109,14501.25673680762
Neurod6,7047.8818130849095,14272.724767299838
Neurod6,7047.04879588201,14276.218116832519
Neurod6,7033.658574482831,13684.466428917136
Neurod6,7047.73645612733,14841.51446724851
Neurod6,7045.841140503071,14880.02208145272
Neurod6,7046.686790819614,14879.049804482296
Neurod6,7043.618317872631,13844.000835369705
Neurod6,7049.100992596861,13771.78735240213
Neurod6,7044.343504736162,13776.155206399062
Neurod6,7054.95491070029,13774.36347137301
Neurod6,7054.620897944798,14201.421360554832
Neurod6,7055.985951603757,14180.61142344662
Neurod6,7064.469030233243,13726.125894433666
Neurod6,7045.663315105872,13735.288966696447
Neurod6,7063.373710780697,13724.037030832047
Neurod6,7059.73438998048,13720.233898494143
Neurod6,7053.52107780057,13731.034003396873
Neurod6,7051.190584923514,13736.922809116595
Neurod6,7067.692366281736,14041.374932740682
Neurod6,7059.73246415903,14039.073875289034
Neurod6,7075.8430146958535,14047.233577879266
Neurod6,7065.067340753817,14064.797526561468
Neurod6,7055.515957456028,14068.235012410816
Neurod6,7057.729089415989,14284.479194127736
Neurod6,7045.650318921313,14281.784141684293
Neurod6,7068.932509624145,13779.941066941035
Neurod6,7057.235517478182,14469.009274065611
Neurod6,7059.972466838205,14512.661888128221
Neurod6,7058.347399255313,14366.424429630852
Neurod6,7054.525688896129,14357.70220151538
Neurod6,7082.011150887848,14409.27817273711
Neurod6,7056.764571634746,14414.465182232098
Neurod6,7089.954685135819,14335.33181326342
Neurod6,7080.945906256105,14329.52913637159
Neurod6,7074.865611618694,14319.503177066552
Neurod6,7055.171381656412,13799.414937898053
Neurod6,7066.073154474719,13799.707094036958
Neurod6,7066.359041675853,13823.889951695312
Neurod6,7072.825536539376,13982.00703074188
Neurod6,7081.496371570317,13977.769269219956
Neurod6,7088.506852068012,13985.612828585738
Neurod6,7079.354703287407,13962.366647934225
Neurod6,7084.309288444859,13961.49004471585
Neurod6,7074.074485963131,14487.207836773081
Neurod6,7071.44172659394,14480.505414042489
Neurod6,7081.250777137249,13893.66298513047
Neurod6,7071.040738464196,13942.2894383726
Neurod6,7064.8730488919155,13946.458563272146
Neurod6,7066.279723467334,13937.981141095079
Neurod6,7072.5553716736795,13942.520936310495
Neurod6,7056.941080815098,13942.733378457247
Neurod6,7090.816425061486,14149.122603682014
Neurod6,7074.041318492411,14148.250602046612
Neurod6,7088.3363054933925,14852.141240741046
Neurod6,7094.034138571546,14649.419405200812
Neurod6,7102.104076031103,14649.259774353404
Neurod6,7098.975342685438,14637.90471312575
Neurod6,7091.070993656065,14169.439928461647
Neurod6,7099.881048004254,14170.320459827753
Neurod6,7099.789757079471,14181.924693681378
Neurod6,7084.414305814195,13855.777937309347
Neurod6,7100.9996100052695,14913.21016463289
Neurod6,7103.5223286396385,13890.008937529557
Neurod6,7107.263741382908,13905.055888778139
Neurod6,7111.802956747081,13899.7721214296
Neurod6,7102.53531054475,14413.895477347301
Neurod6,7093.526609633913,14415.346456214196
Neurod6,7099.988569980108,14414.25372468553
Neurod6,7097.639215077541,14817.351395722026
Neurod6,7124.1187763479165,14816.322970828369
Neurod6,7116.750159166182,14803.322448849993
Neurod6,7103.20930512851,14828.59997737131
Neurod6,7118.608588490641,13754.509639039137
Neurod6,7124.626667329666,13783.925665016624
Neurod6,7102.38366969205,13762.788439349928
Neurod6,7111.501222176188,13783.398766460423
Neurod6,7135.551801277976,14980.550723309694
Neurod6,7112.453594178496,14989.069743359694
Neurod6,7128.982423051554,14988.287783661486
Neurod6,7137.35984957487,15026.680862198864
Neurod6,7128.194269900632,15057.973530575618
Neurod6,7142.555256171214,15078.577535409913
Neurod6,7123.2861636049865,15043.43266133957
Neurod6,7148.714364719543,13972.599343925853
Neurod6,7143.802705431249,13966.980397430898
Neurod6,7130.01086187236,13975.066224940925
Neurod6,7158.683430721641,14903.366429351723
Neurod6,7138.304497130911,14729.590303888443
Neurod6,7155.068879452058,15127.374135194426
Neurod6,7149.186281646885,15143.86286022373
Neurod6,7152.029329768578,15131.037854396674
Neurod6,7155.343222294885,13827.872769784668
Neurod6,7159.617472574113,13824.51528260258
Neurod6,7162.981940850435,13803.535459618404
Neurod6,7186.81300506356,15092.315978525443
Neurod6,7153.355725683753,13759.428078415222
Neurod6,7166.389716995318,13774.44034068422
Neurod6,7152.0987334440015,14536.374986521496
Neurod6,7170.281273932447,14535.8951718353
Neurod6,7173.220978431439,14412.39052085637
Neurod6,7165.553827245884,14412.735181635298
Neurod6,7166.665561817082,14393.215576315468
Neurod6,7189.729920178252,13962.906869668437
Neurod6,7188.205787124837,13936.900460534756
Neurod6,7172.234100854994,14954.40492374066
Neurod6,7167.556136872589,14954.886198103177
Neurod6,7167.5624454894205,14752.476285935334
Neurod6,7171.080342320063,14762.559806426998
Neurod6,7168.582896916519,14747.821247206255
Neurod6,7187.089687315061,14135.24497951387
Neurod6,7201.083783574361,14132.690221466331
Neurod6,7185.40788936748,15288.601570483283
Neurod6,7204.109728934571,15274.588791829803
Neurod6,7184.8181383304545,14989.595703761455
Neurod6,7227.755378295268,14865.317176962424
Neurod6,7213.1738707926925,15194.840362921146
Neurod6,7215.632989732892,15184.925768271049
Neurod6,7210.431082081172,15200.834235615524
Neurod6,7203.975775016133,14964.312706782384
Neurod6,7197.211996651489,14992.25318266156
Neurod6,7210.14563815494,15424.12661050642
Neurod6,7217.5727968095425,15439.77032740861
Neurod6,7227.6797330527115,15091.053462842605
Neurod6,7233.479458594576,14924.171380883
Neurod6,7249.00618445098,14917.361888855383
Neurod6,7250.754286532162,15502.077326050949
Neurod6,7235.659121238744,15501.012844134335
Neurod6,7256.608501108,15123.550060352085
Neurod6,7254.324375305103,15131.06197481443
Neurod6,7262.411728686029,15130.837784396655
Neurod6,7246.0401721566095,15226.01008752026
Neurod6,7239.178806268393,15212.446773937047
Neurod6,7236.166825837063,15237.065180513931
Neurod6,7251.021611007201,15031.10977635319
Neurod6,7254.459287953825,15313.50889157959
Neurod6,7250.627886687982,15321.11551118115
Neurod6,7256.692950294704,15350.82601469081
Neurod6,7275.570252014799,15346.274860910416
Neurod6,7271.401889736117,15259.71369566047
Neurod6,7293.990445784823,15239.241402756847
Neurod6,7292.166635851102,15230.076092504336
Neurod6,7297.753573122791,15239.987031073808
Neurod6,7278.159726428833,13929.121585376754
Neurod6,7285.19972955619,15416.001091407918
Neurod6,7283.721561435262,15426.548914628798
Neurod6,7275.018651542654,15415.76448938475
Neurod6,7296.646894358884,15282.92065433356
Neurod6,7281.686059250545,15289.288407691758
Neurod6,7292.365719549544,15376.440158098203
Neurod6,7306.015789608035,15535.537452547213
Neurod6,7298.246085971405,15533.498841464143
Neurod6,7300.0158159505145,15532.386784155182
Neurod6,7310.4266878434355,15538.668982672434
Neurod6,7315.24476659549,15542.158073108472
Neurod6,7310.886617636051,15534.168539665814
Neurod6,7287.684191873288,15359.949513713262
Neurod6,7313.759353531188,15421.880229165787
Neurod6,7314.162247907432,15412.754102473551
Neurod6,7301.7423079353985,15427.254761003544
Neurod6,7334.574724889793,15325.02409720245
Neurod6,7335.443737349877,15334.70834058473
Neurod6,7330.76677508919,15325.229478854464
Neurod6,7332.846491976258,15462.270605765536
Neurod6,7324.35147626633,15448.34175175149
Neurod6,7317.394310869982,15456.967601756072
Neurod6,7339.287940779604,15632.608414736742
Neurod6,7345.164346593809,15496.308375853989
Neurod6,7342.590397388868,15416.573811642202
Neurod6,7346.568157071264,15413.800550644492
Neurod6,7332.05146232504,15412.63415544978
Neurod6,7321.158918534781,15477.673070118495
Neurod6,7329.432809528255,15471.985111483922
Neurod6,7326.05332763513,15487.428960324012
Neurod6,7345.498777572144,15240.405219870041
Neurod6,7362.233939360183,15572.286350403436
Neurod6,7353.592955648435,15568.396256491185
Neurod6,7341.580413529743,15553.775645791255
Neurod6,7350.389424623167,15562.90350172463
Neurod6,7355.656609645946,15368.006104258206
Neurod6,7344.370259886407,15370.772558178585
Neurod6,7360.5898951094,15309.704519120625
Neurod6,7344.224612611572,15309.769230635982
Neurod6,7348.697252671235,15299.499185205797
Neurod6,7353.958215624387,15298.235494658742
Neurod6,7345.421125601719,15281.501529316794
Neurod6,7345.792343839991,15302.153543998458
Neurod6,7369.116182071437,15295.486841131784
Neurod6,7344.863098471488,15286.94164012434
Neurod6,7355.91638505623,15292.708335675201
Neurod6,7348.705889186118,15312.04525975259
Neurod6,7336.867250535757,15609.859622074131
Neurod6,7356.932787805945,15622.883094943378
Neurod6,7354.077434080176,15598.788684488964
Neurod6,7373.27341718815,15615.886925157853
Neurod6,7366.223286174699,15319.54178468721
Neurod6,7355.63732718624,15687.90439980531
Neurod6,7355.634935329733,15499.116209304044
Neurod6,7345.865486787886,14808.971316732934
Neurod6,7371.839034202518,14804.677402730737
Neurod6,7357.62339310545,14835.306946193283
Neurod6,7370.800847338827,15340.417118711148
Neurod6,7390.429049878604,15347.030210948671
Neurod6,7375.808255933899,15114.170319092358
Neurod6,7377.389732082369,15650.742201659983
Neurod6,7387.420900482971,15643.03355928306
Neurod6,7388.026735152752,15681.685495154981
Neurod6,7389.080335928056,15694.604839362706
Neurod6,7400.014581795209,15469.01868136998
Neurod6,7402.296742309604,15484.895144352944
Neurod6,7379.4067686573235,15491.851523677595
Neurod6,7396.758683631462,15709.648601874356
Neurod6,7412.864660443276,15537.233375382486
Neurod6,7406.340350723397,15538.361547267943
Neurod6,7407.370786685523,15553.557855957168
Neurod6,7401.879635155023,15456.429744093613
Neurod6,7416.26170241547,15464.014481785594
Neurod6,7397.593032317801,15474.139928917291
Neurod6,7397.984833327751,15449.43241001258
Neurod6,7405.271753509084,15749.591570295272
Neurod6,7419.041678760075,15753.11174518655
Neurod6,7418.761957347443,15297.567727064341
Neurod6,7428.188700949935,15275.392248266658
Neurod6,7413.342051773387,15694.716102768032
Neurod6,7430.014403372106,15677.475460200785
Neurod6,7426.235203602099,15700.275042371428
Neurod6,7431.7641079393925,15693.634906955323
Neurod6,7416.360509768082,15691.594276835094
Neurod6,7426.335460725158,15702.792026078541
Neurod6,7423.172274303882,15693.524249406231
Neurod6,7409.145281244776,15701.623891923127
Neurod6,7419.901068128507,15791.43819882449
Neurod6,7426.008306115695,15357.937716941648
Neurod6,7422.204033428948,15353.837821796746
Neurod6,7429.260972172549,15364.110025547821
Neurod6,7421.927357944076,15368.027563139029
Neurod6,7420.525258962128,15348.6733741311
Neurod6,7426.226766819413,15507.871540895749
Neurod6,7407.372082636601,15495.113559464751
Neurod6,7439.970922073606,15558.718346560283
Neurod6,7440.717140473266,15557.47256746997
Neurod6,7428.971308550844,15552.84783690608
Neurod6,7427.837579226856,15584.755182839344
Neurod6,7403.255103275895,15602.610061633162
Neurod6,7415.749031754393,15603.349311767584
Neurod6,7415.685696023625,15602.675584928944
Neurod6,7414.121561970904,15583.729049970852
Neurod6,7436.799586749939,15330.684828276757
Neurod6,7459.43691758199,15307.335204029492
Neurod6,7449.604801451743,15318.674667193056
Neurod6,7441.411965053887,15812.091450159813
Neurod6,7429.449295733231,15808.320342787329
Neurod6,7427.325558596887,15814.58203681639
Neurod6,7432.16685757423,15810.91631831805
Neurod6,7442.487356252429,15792.3523462911
Neurod6,7450.836967187274,15476.307474839983
Neurod6,7438.801792195641,15478.248641137483
Neurod6,7452.879616963625,15707.196665239635
Neurod6,7448.687036608606,15703.99628307478
Neurod6,7453.2597266528865,15713.280955124406
Neurod6,7450.839357577197,15770.98775326187
Neurod6,7447.4562585399435,15774.204378806937
Neurod6,7454.775369376598,15788.096838532809
Neurod6,7451.092163440218,15780.564091127744
Neurod6,7461.257511989617,15876.475354835538
Neurod6,7474.561474875613,15854.252699910117
Neurod6,7460.597911279613,15761.509018377199
Neurod6,7455.160012370533,15760.651418957885
Neurod6,7467.114605867769,15764.296822762799
Neurod6,7478.138650755699,15733.020957425533
Neurod6,7468.125822714848,15763.875193348966
Neurod6,7473.390221185825,15752.206377497496
Neurod6,7470.819584554909,15766.61969040022
Neurod6,7454.3109301125805,15927.441123036404
Neurod6,7454.266200111446,15921.765455797584
Neurod6,7457.842278685234,15831.286195163302
Neurod6,7464.954182987909,15820.12318636367
Neurod6,7479.793088794292,15822.69292586872
Neurod6,7509.27044935189,15904.286361302718
Neurod6,7492.469479480274,15896.655108011046
Neurod6,7501.356446736278,15909.553100117353
Neurod6,7503.78387362472,15903.714676883717
Neurod6,7483.381076286251,15668.734222567582
Neurod6,7480.418075587647,15672.671960999849
Neurod6,7480.79930687041,15694.022949447517
Neurod6,7482.311538855617,15943.262699496936
Neurod6,7491.961470908816,15935.082173051504
Neurod6,7494.576593791058,15935.410379591556
Neurod6,7479.296818329546,15932.390426776377
Neurod6,7502.874571898902,15808.477667119294
Neurod6,7496.087991876484,15820.128520522238
Neurod6,7494.055979570471,15801.136778721913
Neurod6,7499.177319754307,15809.24715783448
Neurod6,7486.27992558402,15783.65243858581
Neurod6,7502.670330079785,15798.972170760539
Neurod6,7491.207619600661,15706.284188198666
Neurod6,7480.372142098736,15713.125529989738
Neurod6,7512.048577936614,15715.687641361948
Neurod6,7512.35463963549,15783.222661471524
Neurod6,7521.8190897018085,15785.937391827281
Neurod6,7521.664288885266,15780.407307151674
Neurod6,7525.803728804039,15790.099017356175
Neurod6,7549.363396601886,15803.757504084972
Neurod6,7516.343106626496,15786.477986935437
Neurod6,7526.779622527458,15752.234358162814
Neurod6,7521.455593324054,15765.938681846817
Neurod6,7511.742192898868,15861.906533234758
Neurod6,7528.727157183781,15914.184007405029
Neurod6,7529.6422269825725,15936.291624276908
Neurod6,7516.472510858833,15918.310672289022
Neurod6,7532.776921433594,15885.28731876769
Neurod6,7541.266190827326,15899.508488246172
Neurod6,7558.491491527257,15892.653490810808
Neurod6,7525.467338625588,16012.12868882381
Neurod6,7566.768302277901,15975.656667233143
Neurod6,7561.679319798959,15976.637736062741
Neurod6,7561.258959655077,15971.285253719489
Neurod6,7566.262528933645,15983.172579276468
Neurod6,7562.588452876174,15865.448753359318
Neurod6,7560.753112501293,15794.183769382948
Neurod6,7558.540378939929,15788.943942658418
Neurod6,7555.74744494478,15903.978326519275
Neurod6,7586.035406756574,15925.03469553262
Neurod6,7578.710297626559,15940.227207788434
Neurod6,7568.38412187028,15917.51105562395
Neurod6,7587.793830821862,15813.218100106444
Neurod6,7567.163870811503,15798.449163530742
Neurod6,7594.55218139089,15811.632445345424
Neurod6,7585.92739121911,15880.513913697734
Neurod6,7596.494892809953,15897.537002319414
Neurod6,7575.7178435069345,15901.72150089889
Neurod6,7602.804454870316,15845.911297961216
Neurod6,7601.671188798257,15834.655121751946
Neurod6,7605.079837185098,15981.33988794739
Neurod6,7613.480550895668,15982.239343470577
Neurod6,7603.7157545534465,15886.37596701094
Neurod6,7605.025565782725,15870.240418888121
Neurod6,7611.065767963242,15855.82880513928
Neurod6,7604.478418717771,15881.493249277975
Neurod6,7619.308048114154,15808.4116036883
Neurod6,7625.359145906926,15912.928508579984
Neurod6,7641.190871363489,15929.466832896609
Neurod6,7636.24781128046,15963.100269320887
Neurod6,7638.861004618498,15976.204453166773
Neurod6,7644.005580027818,15958.29343939993
Neurod6,7651.22236840711,15975.141327450727
Neurod6,7638.396865508543,16164.909299337163
Neurod6,7645.555597912758,16140.143712888457
Neurod6,7643.31397469231,16141.570979198435
Neurod6,7656.35084743412,16053.76792470934
Neurod6,7647.555549488456,16041.810315152316
Neurod6,7658.21288480338,16055.254691324873
Neurod6,7655.239882643575,16202.726485983378
Neurod6,7647.593411976498,15890.400467842965
Neurod6,7653.637967449691,15891.79717886657
Neurod6,7657.584838331028,16173.336266361423
Neurod6,7648.57428341975,16174.347008053372
Neurod6,7666.329175487851,16133.804612220592
Neurod6,7661.269027296568,16121.99858782742
Neurod6,7682.719612000605,16128.693338843514
Neurod6,7689.425294765646,16236.310603602196
Neurod6,7700.378094400184,16234.646540822698
Neurod6,7689.546503183564,16224.8820587038
Neurod6,7700.876152104698,16163.294886657306
Neurod6,7716.018510827925,16063.95818159862
Neurod6,7701.516243598367,16264.19594877989
Neurod6,7706.238787779614,16264.190597638313
Neurod6,7732.8520567098385,16021.577446879754
Neurod6,7704.452298669747,16003.073158558796
Neurod6,7716.564569338594,16017.777227943125
Neurod6,7698.268864831635,16009.203400191744
Neurod6,7722.16782149985,16008.199793658358
Neurod6,7702.411002058838,16010.356579735275
Neurod6,7690.27943398907,16120.502021119917
Neurod6,7718.064696854768,16130.89247822057
Neurod6,7730.550466699748,16114.206736820515
Neurod6,7721.639473793812,16212.94749904351
Neurod6,7722.556539979111,16228.143755339797
Neurod6,7728.973196315534,16203.949588906473
Neurod6,7716.363744111389,16197.933408477698
Neurod6,7729.864199245536,16200.849468694609
Neurod6,7739.453565334124,16156.965090901906
Neurod6,7759.613635188014,16238.569275999418
Neurod6,7759.871539556432,16350.797201773168
Neurod6,7756.5703114593425,16324.233887921037
Neurod6,7767.198578550401,16335.47024319768
Neurod6,7758.757649116482,16334.559724220642
Neurod6,7763.395927518078,16343.258509072446
Neurod6,7771.211138609828,16335.019866269862
Neurod6,7776.477402665285,16091.573683428436
Neurod6,7751.1995564707095,16084.097507294748
Neurod6,7785.818741605687,16237.551999661875
Neurod6,7777.227661174524,16195.803110130139
Neurod6,7761.92341465091,16211.814322543732
Neurod6,7774.111433865284,16210.847872741546
Neurod6,7792.07274577054,16344.587206977481
Neurod6,7786.6134289747,16354.395562955464
Neurod6,7807.591278106045,16366.371956749728
Neurod6,7803.231814180071,16127.814877146484
Neurod6,7787.498091744707,16128.273299538983
Neurod6,7807.870521508308,16119.045210075228
Neurod6,7808.664974242437,16143.063182277609
Neurod6,7806.159235529612,16385.224848110174
Neurod6,7821.190524793344,16359.737573153056
Neurod6,7841.450263792021,16390.773905637616
Neurod6,7806.763431860695,16254.816601819894
Neurod6,7800.0200199899145,16251.856257560601
Neurod6,7814.488963174987,16259.345320138731
Neurod6,7806.452154973685,16252.743955257898
Neurod6,7819.1889824671725,16277.319197515157
Neurod6,7836.525187263928,16210.346371432162
Neurod6,7836.282933243799,16206.499910678316
Neurod6,7834.712021612318,16196.36325159604
Neurod6,7829.020337655958,16203.733210934237
Neurod6,7832.555790466291,16422.811074308163
Neurod6,7848.688219236894,16427.31987493513
Neurod6,7851.716702125898,16427.38826797138
Neurod6,7850.954558572463,16242.40779693156
Neurod6,7849.5317893270085,16238.009054922806
Neurod6,7850.065186470337,16235.058305135057
Neurod6,7849.363937341057,16240.059109999385
Neurod6,7857.128669719921,16228.618247125161
Neurod6,7843.637343694866,16248.849993336962
Neurod6,7838.598337893601,16226.005777767032
Neurod6,7842.804467935393,16242.238528422262
Neurod6,7874.847273431846,16247.722952817221
Neurod6,7843.226138852423,16227.990516509692
Neurod6,7833.958847842225,16236.475514719821
Neurod6,7842.234127203496,16228.97540062221
Neurod6,7850.714654258901,16233.946710858072
Neurod6,7843.334624130516,16245.506190748692
Neurod6,7849.90772494445,16237.998401439821
Neurod6,7842.416479812433,16238.390366908547
Neurod6,7851.502504511071,16236.382256365929
Neurod6,7836.804876873714,16348.886789447086
Neurod6,7852.666724799382,16342.739188767615
Neurod6,7869.398479794656,16325.044029272667
Neurod6,7855.159495872219,16330.529778429714
Neurod6,7857.335419281353,16337.329848519521
Neurod6,7855.133323076175,16282.974836222536
Neurod6,7890.610493677038,16517.43625528673
Neurod6,7883.157522174778,16510.28144487766
Neurod6,7882.307991360237,16512.091403838636
Neurod6,7886.998560365475,16386.32269332609
Neurod6,7899.899696083366,16391.752252316714
Neurod6,7884.228277003488,16390.570733616096
Neurod6,7908.434027037304,16365.034571790993
Neurod6,7904.341017266188,16389.177628126236
Neurod6,7898.185352187578,16307.732369725905
Neurod6,7907.584242497409,16423.930390024463
Neurod6,7920.381956980098,16480.05660474852
Neurod6,7909.661755355499,16458.38258257263
Neurod6,7925.958107837314,16549.421869070025
Neurod6,7936.634354483311,16541.421424730015
Neurod6,7935.668631214468,16338.981579889567
Neurod6,7920.066257909658,16337.762570499533
Neurod6,7908.278214774225,16471.02342676838
Neurod6,7922.2272315218,16289.280449698297
Neurod6,7934.188746488292,16284.954849123631
Neurod6,7910.690669976203,16307.438089133784
Neurod6,7926.878385840882,16294.666685558344
Neurod6,7908.834275175235,16282.216386250793
Neurod6,7920.056400624595,16270.837927977303
Neurod6,7936.681042377021,16274.986596587727
Neurod6,7922.739734585181,16296.206987238706
Neurod6,7922.927194786894,16302.93411479963
Neurod6,7937.825057221214,16281.00429023162
Neurod6,7923.154772408811,16284.872459349528
Neurod6,7942.381224867374,16396.019455763973
Neurod6,7930.966440192006,16395.30250583297
Neurod6,7927.608269324463,16390.24493023612
Neurod6,7951.899612878933,16465.06869693468
Neurod6,7962.10273440488,16480.810327355248
Neurod6,7950.435873198089,16479.917989097186
Neurod6,7963.193136718434,16487.542586986136
Neurod6,7946.662308825802,16486.711276835937
Neurod6,7960.860377351224,16484.489337254414
Neurod6,7957.463986059488,16461.80618223395
Neurod6,7958.619541045365,16477.616712677154
Neurod6,7956.977435191211,16470.13746725979
Neurod6,7937.305916188974,16481.152583062452
Neurod6,7947.217070859959,16473.43934219038
Neurod6,7948.838119759315,16486.624721006807
Neurod6,7940.998635825369,16467.718519417987
Neurod6,7949.156091946157,16477.278658965475
Neurod6,7938.858821961302,16474.088215441556
Neurod6,7958.357762350082,16477.163716947394
Neurod6,7957.12767747694,16482.794785538998
Neurod6,7961.694649553132,16496.730346468823
Neurod6,7961.340368658503,16475.67733915344
Neurod6,7959.328346021703,16594.74316877537
Neurod6,7969.904993632784,16430.849827335347
Neurod6,7954.4472195145345,16460.841693308357
Neurod6,7975.774331485935,16435.5933477971
Neurod6,7974.783280746166,16448.194916136494
Neurod6,7972.463770382286,16548.463387551128
Neurod6,7960.653765177299,16543.627724716218
Neurod6,7970.837419320834,16560.58214287777
Neurod6,8008.312775652004,16545.47904301567
Neurod6,8019.64982901237,16542.511517153776
Neurod6,8009.979299461182,16601.132827531903
Neurod6,8011.298579851727,16620.231761679748
Neurod6,8006.958002182961,16623.180356619505
Neurod6,8010.747632069566,16624.651924853686
Neurod6,8022.132657877626,16381.432360349238
Neurod6,8009.703377683055,16371.71715594925
Neurod6,8006.070471553595,16416.218540868802
Neurod6,8019.101833643891,16395.571472255713
Neurod6,8023.383479643984,16424.89005961238
Neurod6,8023.146258952718,16438.66138393165
Neurod6,8036.136628914956,16450.624662714657
Neurod6,8015.878856656351,16574.356876967136
Neurod6,8028.920798214665,16583.63708356578
Neurod6,8035.152517102634,16383.085056629965
Neurod6,8029.755339864525,16409.263109402644
Neurod6,8043.78215333982,16539.50596314369
Neurod6,8037.009345472095,16521.194852467823
Neurod6,8044.54973852376,16605.88184519224
Neurod6,8042.614738152537,16601.60642140875
Neurod6,8054.372141185575,16628.22019536456
Neurod6,8053.431497212219,16586.631356227943
Neurod6,8046.957200173657,16494.90202727994
Neurod6,8054.555499166949,16453.54587222768
Neurod6,8059.50780724227,16544.797941545792
Neurod6,8062.5980431241205,16540.727722508673
Neurod6,8055.249892913656,16561.70475134925
Neurod6,8088.485184137698,16436.95130412467
Neurod6,8060.260287647385,16461.58570836173
Neurod6,8073.88324960989,16456.44682986535
Neurod6,8083.527412581779,16542.90873274854
Neurod6,8091.616645743017,16549.745776957574
Neurod6,8086.2430785228435,16542.171186202428
Neurod6,8086.2804577402985,16535.48326116209
Neurod6,8083.794872480897,16544.732581166667
Neurod6,8097.8533981295,16501.72751778111
Neurod6,8099.429221456873,16539.67072692952
Neurod6,8122.78006184805,16563.301569814877
Neurod6,8116.6664275799385,16725.43002666377
Neurod6,8134.76415375679,16532.262463845585
Neurod6,8158.263274822456,16576.374483548003
Neurod6,8139.946220588147,16583.8736349824
Neurod6,8156.317071234672,16682.401608790027
Neurod6,8162.540670321747,16626.69682138382
Neurod6,8167.152296781193,16691.162129811837
Neurod6,8149.0001406090005,16714.214399332297
Neurod6,8154.590761703379,16699.713843905287
Neurod6,8163.130505617492,16566.611599737014
Neurod6,8161.792116566067,16551.065090381813
Neurod6,8180.552825858489,16562.34181934441
Neurod6,8171.906457622174,16642.93048391382
Neurod6,8182.9500306095215,16634.659250298642
Neurod6,8185.270232474433,16626.250826913067
Neurod6,8178.293549339788,16648.93992202911
Neurod6,8168.968325816535,16654.22906472851
Neurod6,8178.1436211306445,16726.380441493875
Neurod6,8174.676977222328,16717.899399020684
Neurod6,8195.660086663504,16717.739904602397
Neurod6,8182.629572210443,16691.331836515812
Neurod6,8187.922606641656,16608.480925059364
Neurod6,8187.085856202108,16608.758869826066
Neurod6,8181.915669400195,16768.19754516302
Neurod6,8200.284961544683,16694.060696859156
Neurod6,8199.100104245395,16705.912444892838
Neurod6,8205.803367865925,16718.357252026373
Neurod6,8207.536396496427,16729.109535110347
Neurod6,8228.533327696172,16604.6067644987
Neurod6,8243.074976731645,16682.523138649805
Neurod6,8231.369496848041,16771.625226908265
Neurod6,8221.56534095826,16775.803368563356
Neurod6,8229.688205799263,16724.257362622368
Neurod6,8266.47622992321,16703.152446784257
Neurod6,8242.330451749509,16700.95466030661
Neurod6,8258.572865369988,16701.193391359186
Neurod6,8252.840672399525,16760.44389462652
Neurod6,8245.041725643774,16794.632431660746
Neurod6,8258.45238177818,16787.401421136587
Neurod6,8257.202365048577,16791.916465918035
Neurod6,8277.98455501714,16746.10465870335
Neurod6,8285.639541339367,16861.859927875434
Neurod6,8276.494837803104,16851.39266943522
Neurod6,8290.181387999648,16675.186010574427
Neurod6,8300.874561768995,16781.75366097085
Neurod6,8287.12133762929,16800.071570214386
Neurod6,8280.677201267896,16776.261620766054
Neurod6,8314.108242116776,16736.371071857397
Neurod6,8290.384466049769,16735.05789233772
Neurod6,8299.813386569922,16736.40970397148
Neurod6,8316.185389256732,16763.853863205437
Neurod6,8295.192686267947,16746.924372590747
Neurod6,8311.661697809008,16886.580061776465
Neurod6,8300.733291504484,16864.097893777096
Neurod6,8296.174013415755,16871.39160258141
Neurod6,8318.660083555527,16831.799262683013
Neurod6,8317.110170473448,16833.560238008125
Neurod6,8336.87170012558,16719.379428199478
Neurod6,8314.555277509255,16751.546384893187
Neurod6,8335.73974970323,16776.859113970542
Neurod6,8349.935415411644,16777.016029475468
Neurod6,8343.804701249175,16768.699937549703
Neurod6,8343.07310443019,16903.322923496184
Neurod6,8337.867288976473,16933.241438299112
Neurod6,8367.701480304837,16743.715777611178
Neurod6,8364.41220111233,16907.663293827252
Neurod6,8345.809031733024,16874.2537901975
Neurod6,8355.951967433653,16872.05503104552
Neurod6,8364.49346790377,16832.431650638755
Neurod6,8371.969558233306,16828.15971261291
Neurod6,8355.678991611907,16813.394840991637
Neurod6,8371.43880231707,16788.760303544645
Neurod6,8354.445334366623,16802.499372112543
Neurod6,8395.852297600572,17040.557857883658
Neurod6,8401.520270892048,17017.23164051077
Neurod6,8410.29567489805,17025.84139623798
Neurod6,8405.540900464784,16930.912782208627
Neurod6,8406.26091795219,16915.937211865417
Neurod6,8431.678384489396,16746.500754269193
Neurod6,8429.704428120174,16771.23096152894
Neurod6,8427.015710850459,16777.85576941705
Neurod6,8402.090527114415,16834.842919419832
Neurod6,8416.378791908812,16852.45364334285
Neurod6,8436.35860190559,16833.54145851964
Neurod6,8408.26155556051,16896.97817231513
Neurod6,8430.689384387033,16991.172934320184
Neurod6,8423.630393300507,16964.48759227502
Neurod6,8421.251324826262,16982.551525565177
Neurod6,8444.362050125494,16953.701135244315
Neurod6,8448.310992529976,16921.884100744075
Neurod6,8454.705050134256,17044.442190293656
Neurod6,8453.911578733314,17040.874516269334
Neurod6,8455.195269678248,17055.79418413997
Neurod6,8452.251792395165,16803.024156508705
Neurod6,8469.685084178365,17025.311622594538
Neurod6,8486.16532404563,16909.349444843654
Neurod6,8462.18277103716,16794.963186806555
Neurod6,8486.46619893419,16805.679557865522
Neurod6,8468.375682997703,17070.78241097697
Neurod6,8491.804778855325,17072.983650671224
Neurod6,8482.246517309277,17071.051591767708
Neurod6,8477.008650540636,17056.695333073912
Neurod6,8474.265266226736,17051.998109812084
Neurod6,8482.001132723022,16852.515596278674
Neurod6,8488.254159856828,16848.71588259998
Neurod6,8495.473995000671,16853.498016296173
Neurod6,8491.787604134493,16842.20809696023
Neurod6,8485.257661421674,16841.522163387483
Neurod6,8488.168719533878,16841.677690610915
Neurod6,8492.212208472512,16847.850736838685
Neurod6,8507.865539779263,16956.68735409156
Neurod6,8501.778281368457,16946.674007142316
Neurod6,8505.444985741124,16947.508788650015
Neurod6,8502.764653030239,16977.755872133774
Neurod6,8508.668745099098,17079.629170090353
Neurod6,8510.23299999718,17108.814537686463
Neurod6,8525.83311555042,17092.90134717116
Neurod6,8530.10453302599,16996.55536110002
Neurod6,8534.836779007426,16992.274057492825
Neurod6,8533.071020221054,16981.72792827318
Neurod6,8518.414899108959,17038.44250509118
Neurod6,8547.568009140226,16894.448032279768
Neurod6,8526.88155318619,17067.839603856206
Neurod6,8579.38535691846,16969.62965074553
Neurod6,8579.306584617334,16980.127571920122
Neurod6,8598.405315246775,17017.736851604244
Neurod6,8599.788723025742,17021.819446883284
Neurod6,8604.35062819354,17015.946918581627
Neurod6,8609.385554479362,16957.387472450973
Neurod6,8607.502788790664,16970.540868488806
Neurod6,8618.327581348638,16984.194982484216
Neurod6,8632.652835026593,16974.93154096683
Neurod6,8627.667727800226,16977.597651736185
Neurod6,8630.49805426048,16974.388743562184
Neurod6,8629.519980901317,17011.87629010456
Neurod6,8633.55824879083,17176.596262811534
Neurod6,8627.06179942825,17185.415416549415
Neurod6,8620.951440168941,17172.388019691232
Neurod6,8633.430706226798,17120.370206527838
Neurod6,8626.24646898755,17112.694862109598
Neurod6,8641.01028692904,17123.924225102655
Neurod6,8638.673671580424,17280.496397241757
Neurod6,8631.797685041596,17270.391997612463
Neurod6,8649.150375899973,16999.864342550856
Neurod6,8658.107238413966,17010.415698068966
Neurod6,8650.682096489874,17013.045414412445
Neurod6,8671.042472708452,17008.448129504988
Neurod6,8647.90636628411,17125.411264035316
Neurod6,8673.797969748039,17031.925631631297
Neurod6,8691.422909709558,17030.730707621384
Neurod6,8676.338213682362,17041.16168772492
Neurod6,8682.183871613364,17036.096507875027
Neurod6,8678.929666719145,17035.490383247303
Neurod6,8714.620143993825,17186.238016467567
Neurod6,8690.022463712598,17149.352865828685
Neurod6,8735.516905855344,17202.5900834374
Neurod6,8717.713866222872,17224.860046103113
Neurod6,8727.505774032155,17060.126962419803
Neurod6,8716.989156191285,17139.51754437988
Neurod6,8719.520716704488,17141.52672764223
Neurod6,8728.503798127207,17130.76594920631
Neurod6,8738.666177987056,17085.712163648273
Neurod6,8747.821062975943,17089.259679524064
Neurod6,8734.801018803106,17099.83718496531
Neurod6,8768.163920350666,17124.81527136012
Neurod6,8776.63631882596,17119.119490267465
Neurod6,8763.688766615296,17118.16457110698
Neurod6,8760.958766566739,17246.278529760988
Neurod6,8742.299486102098,17213.84763167001
Neurod6,8762.92331312085,17195.864415839507
Neurod6,8767.061485869855,17191.18664427932
Neurod6,8761.297293637972,17071.884418836766
Neurod6,8756.018685718143,17065.92414038075
Neurod6,8761.942382374125,17054.361966657507
Neurod6,8761.678349198699,17062.56001907906
Neurod6,8777.824070478933,17039.030861585186
Neurod6,8788.909357023496,17129.445231097056
Neurod6,8812.397305790902,17175.844496516955
Neurod6,8806.502663556821,17183.70812615176
Neurod6,8814.904897033604,17183.753964730346
Neurod6,8842.588647817067,17313.41569199339
Neurod6,8841.307906118058,17311.64021293954
Neurod6,8857.207284110504,17310.984056934845
Neurod6,8838.150415346145,17324.739690050148
Neurod6,8842.452745104642,17325.37097961705
Neurod6,8832.260307040073,17132.34760900437
Neurod6,8838.511091497434,17234.708521541037
Neurod6,8823.556673665822,17242.205023621496
Neurod6,8826.343771561906,17247.912599967167
Neurod6,8836.904748766974,17275.75537975027
Neurod6,8831.413455637843,17261.67377825052
Neurod6,8840.450759232346,17278.66877761137
Neurod6,8838.82532646886,17275.13574673353
Neurod6,8831.8383844868,17195.514428087266
Neurod6,8854.656709274013,17161.019628980535
Neurod6,8847.078912129207,17162.781184324576
Neurod6,8850.209960094158,17158.64535026045
Neurod6,8856.239459330289,17123.727881593888
Neurod6,8872.454486633116,17327.66232571182
Neurod6,8871.892878422728,17271.827449683096
Neurod6,8854.759214342372,17246.691147105663
Neurod6,8854.613266104037,17280.38514745412
Neurod6,8842.8049945881,17269.42041572074
Neurod6,8871.76229570289,17258.768640404473
Neurod6,8906.175261293974,17193.500082853498
Neurod6,8871.091300119464,17188.17028070444
Neurod6,8873.672017892774,17178.848187628
Neurod6,8874.115344606244,17197.347497585302
Neurod6,8894.318568989678,17247.246247093204
Neurod6,8898.054799160707,17150.28264985534
Neurod6,8904.62423346782,17161.160796951342
Neurod6,8904.994520751847,17142.07636782734
Neurod6,8911.249679300192,17168.986915655645
Neurod6,8917.875487547553,17299.96699840634
Neurod6,8921.141842026998,17291.231448774553
Neurod6,8927.004535869202,17290.606363141604
Neurod6,8897.431111072221,17386.536871118024
Neurod6,8909.323528023391,17347.27805238386
Neurod6,8922.348368673162,17350.146598041476
Neurod6,8891.170478283482,17242.800999481038
Neurod6,8944.237158002832,17273.756456218835
Neurod6,8961.261952900775,17266.301273740104
Neurod6,8944.696240076366,17253.08176617199
Neurod6,8966.626127620388,17274.0217444483
Neurod6,8949.24349384373,17328.132611245444
Neurod6,8950.867709154069,17318.69784181451
Neurod6,8940.356970775036,17311.432482248063
Neurod6,8984.664718899758,17275.021576580784
Neurod6,8990.880879404509,17280.77537793776
Neurod6,8980.776936133016,17284.70511999978
Neurod6,8989.620822747302,17284.50669347923
Neurod6,8979.431048918415,17294.69600770145
Neurod6,9001.427148055045,17263.27952436839
Neurod6,9006.640760119348,17243.528365757305
Neurod6,9000.691303305382,17254.362051858727
Neurod6,9011.731524994835,17437.36506599172
Neurod6,8985.845958195674,17433.52160522319
Neurod6,9014.00521395085,17208.84882227203
Neurod6,9016.35020949345,17223.3231482392
Neurod6,9000.435934437934,17224.391582140855
Neurod6,9003.14863410547,17379.479095337636
Neurod6,9010.947570561686,17361.365608811357
Neurod6,9012.472541109515,17370.62230907979
Neurod6,9021.859693460632,17365.679583641457
Neurod6,9003.44531068406,17364.596092355834
Neurod6,9019.534830568376,17276.7695234726
Neurod6,9040.034764483698,17270.080698215465
Neurod6,9050.178951587131,17322.48548628407
Neurod6,9027.456452791072,17313.02223130951
Neurod6,9034.729032757863,17326.983466468933
Neurod6,9023.815221375187,17318.2135497156
Neurod6,9023.806327272212,17292.539368981845
Neurod6,9027.126323865134,17299.603805073086
Neurod6,9055.579200473941,17402.097533461136
Neurod6,9088.07325274488,17287.66688890082
Neurod6,9070.937642145189,17291.1317372685
Neurod6,9124.220070040763,17291.53215678192
Neurod6,9111.731051672254,17295.438754924544
Neurod6,9127.234503911168,17324.732591229218
Neurod6,9143.526121450064,17321.99711778448
Neurod6,9142.473858412339,17400.55054293458
Neurod6,9159.210207918128,17391.49211497191
Neurod6,9145.913933310841,17409.235181936478
Neurod6,9171.557253378285,17320.923768692457
Neurod6,9166.241533945216,17432.472928466865
Neurod6,9182.537042482243,17446.477070455974
Neurod6,9160.039938126625,17437.439997944148
Neurod6,9164.385334755496,17436.319647492895
Neurod6,9161.61666739698,17430.635228943254
Neurod6,9173.255116046494,17372.58660249216
Neurod6,9183.961921015074,17409.447891186966
Neurod6,9181.233296855067,17392.351718615526
Neurod6,9185.079877544214,17417.7015777132
Neurod6,9177.875641651528,17491.296131220384
Neurod6,9187.318110358743,17497.323016059705
Neurod6,9207.091068923608,17586.498107134466
Neurod6,9187.177085045478,17571.93706800104
Neurod6,9187.26977488026,17561.09373184731
Neurod6,9212.320675928402,17570.283752190426
Neurod6,9176.517448418623,17574.928305764883
Neurod6,9180.662873877249,17475.364104841687
Neurod6,9179.437535200985,17469.38069495861
Neurod6,9183.207943751502,17470.959289859613
Neurod6,9197.471129666628,17470.195011799922
Neurod6,9185.395531748927,17497.991653609788
Neurod6,9169.506458574611,17476.016422258857
Neurod6,9204.452720830206,17368.725726035475
Neurod6,9179.679398468415,17359.291914503745
Neurod6,9203.268232656914,17362.814139739974
Neurod6,9192.237891963716,17378.512314024407
Neurod6,9206.482262189,17435.7484721988
Neurod6,9204.161419681175,17305.040276205607
Neurod6,9214.71862591653,17311.655517631843
Neurod6,9218.131094545675,17329.39942698661
Neurod6,9191.479581781548,17300.753374523836
Neurod6,9208.586076454685,17328.15378823115
Neurod6,9222.790929021636,17304.357919958646
Neurod6,9205.634093826842,17312.05186420847
Neurod6,9212.947956141456,17302.82628214192
Neurod6,9217.374579922724,17303.92890146849
Neurod6,9230.470648693117,17363.91428947885
Neurod6,9232.391725552028,17477.46890057556
Neurod6,9244.332848585125,17546.895644406628
Neurod6,9226.271392360775,17552.893058665937
Neurod6,9235.988882146032,17558.9579890008
Neurod6,9237.910664346637,17528.602846190468
Neurod6,9241.871227309175,17534.27025234462
Neurod6,9228.527008947416,17400.696689043627
Neurod6,9235.46659610473,17457.73477486764
Neurod6,9280.691578363785,17445.293858508525
Neurod6,9266.662040426954,17443.9807977707
Neurod6,9280.151478396863,17434.973749059132
Neurod6,9283.053637306159,17443.476104420777
Neurod6,9269.904564942195,17452.750928131303
Neurod6,9285.026056519388,17446.190442725638
Neurod6,9284.112395964707,17530.413818966612
Neurod6,9305.228447970014,17560.097846116674
Neurod6,9316.90017682171,17380.049945687497
Neurod6,9310.928572506464,17458.6509884022
Neurod6,9318.4356892108,17464.750323888085
Neurod6,9298.55878914295,17417.01951785183
Neurod6,9319.72560950339,17412.30567612221
Neurod6,9327.78527091949,17439.31203060807
Neurod6,9331.747017394751,17447.66864381311
Neurod6,9352.963466099562,17477.55443543035
Neurod6,9359.936459654744,17553.02531994128
Neurod6,9370.041878765927,17547.259320301768
Neurod6,9362.501696737332,17374.844119855068
Neurod6,9349.359123394997,17400.002522581264
Neurod6,9365.716217360909,17395.227393958266
Neurod6,9369.985673485566,17436.355964914015
Neurod6,9374.324772257942,17446.76590332458
Neurod6,9371.515754087748,17392.43900303631
Neurod6,9380.030897106806,17393.805231029597
Neurod6,9378.915724068373,17383.230744224496
Neurod6,9382.788348721619,17576.398163137565
Neurod6,9396.63125630023,17595.17853726213
Neurod6,9380.384986037048,17585.929283699385
Neurod6,9382.44844709015,17447.747992440065
Neurod6,9401.10259226694,17446.64958982172
Neurod6,9411.071210089087,17508.047871501996
Neurod6,9397.220914217256,17513.937385746063
Neurod6,9392.165522314934,17518.067688056708
Neurod6,9401.577719633273,17482.091758489678
Neurod6,9398.681651648909,17462.983694923354
Neurod6,9406.996998150362,17477.864322494686
Neurod6,9394.358451297585,17477.755687557095
Neurod6,9411.375564533198,17484.106092806272
Neurod6,9404.874548115398,17478.180472705466
Neurod6,9403.217269019358,17496.99848335341
Neurod6,9406.484662511803,17475.95260448451
Neurod6,9416.630298248292,17606.780028493376
Neurod6,9427.4067689823,17594.026777039875
Neurod6,9434.015204240459,17602.7438751565
Neurod6,9412.852067959937,17568.614604270235
Neurod6,9437.200198322522,17573.702825514636
Neurod6,9417.90393944096,17558.9078602175
Neurod6,9453.479052451537,17551.539663218708
Neurod6,9458.486853995597,17542.872349428086
Neurod6,9467.212279170677,17536.659551886012
Neurod6,9463.1875482311,17536.117893468552
Neurod6,9473.122595917166,17497.77906478673
Neurod6,9487.363666180336,17510.734964521056
Neurod6,9479.2464684279,17576.940524326088
Neurod6,9481.868412800868,17559.954272603296
Neurod6,9474.184481373297,17566.545021714013
Neurod6,9490.732077691764,17562.559637267706
Neurod6,9471.509676791336,17451.891547602012
Neurod6,9486.331537379017,17444.982926724628
Neurod6,9506.830970684598,17593.873490260186
Neurod6,9489.630773189057,17603.488208642546
Neurod6,9492.346044259108,17620.722728496676
Neurod6,9506.82638267449,17525.557549127472
Neurod6,9505.489917889123,17529.570034055647
Neurod6,9517.046344706989,17515.328230952407
Neurod6,9508.145180781697,17539.88336041671
Neurod6,9515.462736235913,17538.28069497502
Neurod6,9519.535928092677,17558.139563890287
Neurod6,9516.178909623717,17561.331408232276
Neurod6,9525.237008245818,17677.37535758987
Neurod6,9527.953722764683,17654.540713024966
Neurod6,9527.48796597849,17507.969333262015
Neurod6,9538.475955311551,17511.28436798442
Neurod6,9541.734643761178,17522.371868095877
Neurod6,9524.808643846467,17552.46064301294
Neurod6,9529.9723504021,17569.91974474108
Neurod6,9565.999057376146,17636.040405432097
Neurod6,9536.771596523186,17625.202871666723
Neurod6,9564.264629038506,17488.949394476585
Neurod6,9548.010469055544,17509.479117981573
Neurod6,9552.35442682809,17475.385360639506
Neurod6,9541.149693111638,17480.76586464302
Neurod6,9561.721517525788,17528.862549543082
Neurod6,9561.192582265398,17550.122181635095
Neurod6,9567.439972840935,17612.864708200832
Neurod6,9573.170903330152,17600.13776628107
Neurod6,9546.92585121007,17600.071664782805
Neurod6,9583.703770178918,17632.55616268698
Neurod6,9578.20459631515,17697.776806720412
Neurod6,9569.14677195148,17677.62536526293
Neurod6,9572.201271481656,17698.02586045135
Neurod6,9582.471041135279,17676.144687281372
Neurod6,9579.75082321035,17685.223524500227
Neurod6,9576.361048122317,17672.881724970302
Neurod6,9571.019447668765,17680.27558259179
Neurod6,9582.705343463771,17670.374686597497
Neurod6,9583.08587816066,17686.294585586005
Neurod6,9575.026082285858,17654.477414041005
Neurod6,9580.879111120123,17672.234827726763
Neurod6,9578.101528969979,17487.93196084161
Neurod6,9596.726496845893,17467.343032207387
Neurod6,9576.97584041657,17507.35864069511
Neurod6,9604.342555370498,17558.735016977484
Neurod6,9596.456546749372,17543.58349376497
Neurod6,9605.595289439945,17573.10193235195
Neurod6,9642.159801681972,17700.484498672162
Neurod6,9621.688286988194,17604.338595441168
Neurod6,9642.427003746423,17498.193907312678
Neurod6,9650.918965509849,17503.120897702283
Neurod6,9645.215679790981,17531.529940839562
Neurod6,9640.509941647848,17542.9299762104
Neurod6,9660.143502449795,17601.48468590776
Neurod6,9653.95673684499,17598.571802966937
Neurod6,9644.19063723576,17603.864092944797
Neurod6,9648.904575109062,17718.677049760397
Neurod6,9662.126745093776,17720.89186551479
Neurod6,9632.706305974367,17717.90802736665
Neurod6,9678.225809017755,17618.73541966596
Neurod6,9656.615751213185,17619.027703925338
Neurod6,9678.581618358176,17706.24246655489
Neurod6,9680.24386330038,17699.543742385154
Neurod6,9670.886326376427,17684.12526772837
Neurod6,9671.84568816541,17689.947464279736
Neurod6,9674.380573372911,17556.606792428516
Neurod6,9670.525609983068,17565.81685481143
Neurod6,9689.639636069332,17671.9836116322
Neurod6,9701.506699752641,17537.65653650418
Neurod6,9716.568328248997,17543.4617450494
Neurod6,9696.874060305408,17562.390426549337
Neurod6,9698.13852319853,17534.20468131642
Neurod6,9694.221855020292,17537.026321291512
Neurod6,9700.804462610182,17524.982311655
Neurod6,9707.373889542483,17576.319660658253
Neurod6,9704.873423283309,17571.331678971663
Neurod6,9704.859927429005,17582.010552353197
Neurod6,9694.517812513872,17724.54896754544
Neurod6,9696.639256708591,16026.495876181094
Neurod6,9725.39997759994,17646.638148858852
Neurod6,9726.895556339538,17644.59907899851
Neurod6,9738.859333913337,17641.333199601635
Neurod6,9715.472618617096,17634.782652749087
Neurod6,9734.65212859168,17634.73685825317
Neurod6,9733.273247763038,17704.227700929612
Neurod6,9746.112147999183,17758.825991512276
Neurod6,9751.988666608195,17774.551293893128
Neurod6,9747.768428420526,17656.561448076915
Neurod6,9765.920558959982,17615.953269764046
Neurod6,9762.999328827345,17626.993179506
Neurod6,9751.41573393486,17614.86119993629
Neurod6,9758.18713859229,17618.08988990334
Neurod6,9740.325262741979,17721.50164288413
Neurod6,9737.694954345201,17723.958926940577
Neurod6,9746.559529882064,17734.543619062875
Neurod6,9776.0216313861,17712.016502592414
Neurod6,9746.28448068311,17701.26815453163
Neurod6,9783.103224756478,17718.98256550309
Neurod6,9781.398910074045,17651.781051631333
Neurod6,9786.103346009764,17588.02340743896
Neurod6,9790.673239450463,17599.63767818386
Neurod6,9794.72296704226,17598.109797376983
Neurod6,9815.422241792974,17671.561400525534
Neurod6,9824.979424054,17593.710316957568
Neurod6,9831.320545022492,17594.054293523786
Neurod6,9852.544619300626,17601.083031574173
Neurod6,9833.117808707993,17599.729306648518
Neurod6,9818.75025461725,17602.983962265756
Neurod6,9822.104652397416,17594.17627548781
Neurod6,9819.077747145835,17647.26420053432
Neurod6,9831.951242892203,17650.241747893317
Neurod6,9833.836013112408,17718.389094877737
Neurod6,9841.689701354797,17729.461239297554
Neurod6,9836.364901512743,17705.43235795558
Neurod6,9851.612716788508,17725.18433312065
Neurod6,9854.98504736849,17723.055710160323
Neurod6,9849.470240929972,17712.19836101176
Neurod6,9855.36547537087,17633.054761220083
Neurod6,9824.623083132281,17634.06629062383
Neurod6,9832.332886135706,17645.478311159186
Neurod6,9857.828332819689,17659.942590664938
Neurod6,9864.132315097653,17799.1494756954
Neurod6,9868.112268923063,17693.507189681575
Neurod6,9866.166096378241,17697.263936815427
Neurod6,9864.328124028127,17692.94458530127
Neurod6,9868.395961760734,17639.562286856337
Neurod6,9877.81785292605,17653.08107590205
Neurod6,9877.11517811061,17688.743056905132
Neurod6,9894.511629598313,17671.102581001534
Neurod6,9903.504783673496,17736.67443823507
Neurod6,9891.088984853675,17763.55831551654
Neurod6,9915.719093560623,17727.120569810326
Neurod6,9908.300546444203,17715.50597251162
Neurod6,9914.864235208375,17718.532205595176
Neurod6,9952.666091885883,17640.125838351447
Neurod6,9943.840324476618,17659.771009447486
Neurod6,9985.407885360135,17701.021639775325
Neurod6,9997.068361858257,17699.780987670878
Neurod6,10002.182013523889,17715.174296826626
Neurod6,9984.88591059167,17703.797915962707
Neurod6,9994.448365427594,17716.657202693226
Neurod6,9991.683171963228,17705.586974328868
Neurod6,10036.35665603853,17746.719493242068
Neurod6,10018.145495080704,17748.702699563306
Neurod6,10023.596744015027,17751.006109218793
Neurod6,10013.23892341352,17759.258057379764
Neurod6,10051.939785330293,17860.690733342704
Neurod6,10050.63236258444,17708.977960596265
Neurod6,10051.029778904733,17717.8596191046
Neurod6,10032.278977309294,17697.67654868907
Neurod6,10048.556916739417,17693.939527213435
Neurod6,10065.361488911874,17698.398615569353
Neurod6,10040.091195172065,17686.844644457215
Neurod6,10050.006818219563,17779.427163351233
Neurod6,10082.555744390704,17867.066593710875
Neurod6,10070.73819299766,17834.106898120568
Neurod6,10063.514839552796,17802.532238930635
Neurod6,10081.312975563536,17717.093889029373
Neurod6,10075.21518755158,17713.956442216113
Neurod6,10092.090030076235,17718.999581740332
Neurod6,10119.418342044102,17780.18923701595
Neurod6,10107.549550642792,17787.014479451525
Neurod6,10114.907804428636,17796.881309029726
Neurod6,10129.045147162831,17884.820513250146
Neurod6,10125.072015168234,17750.487859718272
Neurod6,10129.774456006626,17729.667844929994
Neurod6,10130.922713128431,17741.067020447168
Neurod6,10166.027148858548,17853.64988927231
Neurod6,10153.143901440591,17849.161049125883
Neurod6,10153.8055217173,17828.56628882372
Neurod6,10138.766313013635,17771.414531114748
Neurod6,10125.928334072112,17754.82533957948
Neurod6,10140.749841940173,17783.32320940641
Neurod6,10136.479546862496,17786.185785940932
Neurod6,10158.950751220927,17697.525242071377
Neurod6,10157.180666803637,17689.859486799563
Neurod6,10166.282281425703,17706.24270608028
Neurod6,10162.501066015919,17701.400171525518
Neurod6,10151.061094470917,17715.3422043653
Neurod6,10149.40103196177,17702.572879350326
Neurod6,10137.6992851542,17800.69724026027
Neurod6,10140.846365717312,17786.454551792096
Neurod6,10161.809388715339,17946.069235209932
Neurod6,10140.08768030373,17940.599789979555
Neurod6,10155.384892069156,17948.40966309322
Neurod6,10178.801700059123,17749.598631496527
Neurod6,10171.537874177588,17717.313609983998
Neurod6,10177.093296583602,17723.23878776483
Neurod6,10189.20553623821,17738.75132646556
Neurod6,10178.957559138853,17709.21828120388
Neurod6,10187.442485471422,17725.540542608484
Neurod6,10160.975113187304,17710.02203097272
Neurod6,10173.769240357387,17721.017668696717
Neurod6,10197.760124796545,17772.779742537103
Neurod6,10198.937488124691,17768.82180380911
Neurod6,10190.513559411904,17762.710694924135
Neurod6,10186.621984547006,17815.175819493954
Neurod6,10185.999402899524,17805.43356054768
Neurod6,10171.420792856243,17812.96473010222
Neurod6,10204.503995155095,17833.273072076263
Neurod6,10197.923550973464,17945.937907389798
Neurod6,10224.773377616453,17799.77715139086
Neurod6,10220.770991206613,17791.71329598035
Neurod6,10243.776798756871,17713.464467713173
Neurod6,10238.03406596408,17848.39342850755
Neurod6,10262.292076807846,17961.166199917683
Neurod6,10251.14466427441,17769.251358760026
Neurod6,10264.758998834517,17777.341053610056
Neurod6,10251.26380646061,17791.078466812407
Neurod6,10273.957875597322,17737.976801577657
Neurod6,10265.229488334066,17740.31065163568
Neurod6,10252.445376329702,17747.454569940855
Neurod6,10267.100227701536,17738.05020659182
Neurod6,10278.111895926615,17734.00397616966
Neurod6,10283.092608422494,17903.849264987617
Neurod6,10273.962551009065,17886.397899810312
Neurod6,10277.341412000342,17894.155137721904
Neurod6,10296.33028441871,17761.796483140584
Neurod6,10296.016673671696,17975.220577996028
Neurod6,10299.40060831621,17800.747649017074
Neurod6,10308.775035240651,17790.90404224082
Neurod6,10292.12806725378,17835.27048587185
Neurod6,10323.389853583923,17851.098405788267
Neurod6,10329.34826123156,17771.89532638563
Neurod6,10342.570898456695,17786.491405329925
Neurod6,10333.434736700112,17786.02237903195
Neurod6,10341.007090176463,17805.73147344212
Neurod6,10341.73140679265,17805.732036346475
Neurod6,10349.344781548922,17828.51455230562
Neurod6,10343.326069074823,17817.420881144466
Neurod6,10348.213625030707,17889.05204547091
Neurod6,10354.473587324288,17772.923208004773
Neurod6,10368.78310651663,17858.936414800362
Neurod6,10354.44180829957,17861.819890327755
Neurod6,10361.465114242765,17858.574171716104
Neurod6,10448.593099187477,17827.565179994446
Neurod6,10440.716827463983,17830.068588833903
Neurod6,10433.240460868039,17832.64984322914
Neurod6,10428.840994356895,17801.82200625823
Neurod6,10432.38125644379,17807.72291203832
Neurod6,10424.186581197935,17806.216806471213
Neurod6,10432.898537707773,17868.308665864417
Neurod6,10431.465115505587,17870.373919952024
Neurod6,10418.56286157455,17887.239315620598
Neurod6,10426.478259336875,17980.068589535866
Neurod6,10445.204994859349,17965.57342681008
Neurod6,10443.655672842047,17942.74210573946
Neurod6,10456.013413858913,17925.962576775793
Neurod6,10461.401556012259,17849.712910290047
Neurod6,10468.918886582484,17864.56511051237
Neurod6,10451.261606355687,17847.24119376911
Neurod6,10460.113672696336,17912.36348725756
Neurod6,10441.00912393697,17918.571818483026
Neurod6,10473.141876356653,17834.944894363303
Neurod6,10486.4265587943,17818.540213548662
Neurod6,10491.814267778467,17811.422702229618
Neurod6,10494.481043321102,17814.964786694716
Neurod6,10492.71452923224,17818.57421317813
Neurod6,10486.286683922322,17801.970671121315
Neurod6,10483.550211208454,17817.12079301091
Neurod6,10507.348095866439,17839.47796114327
Neurod6,10499.354124876721,17835.725434348926
Neurod6,10485.690429556887,17889.488369868563
Neurod6,10480.564896738439,17909.232553020323
Neurod6,10470.495512548663,17905.026026539814
Neurod6,10490.641547938487,17965.103829938664
Neurod6,10498.672198714068,17941.99546741684
Neurod6,10492.232446372753,17955.262759949368
Neurod6,10510.505272489345,17864.91873553199
Neurod6,10519.517428819825,17862.97716279274
Neurod6,10513.209891693448,17825.675146716756
Neurod6,10552.967780764995,17889.676999323074
Neurod6,10548.742038118735,17833.20441749737
Neurod6,10582.959820506368,17830.637204918577
Neurod6,10571.197404051958,17884.337730334923
Neurod6,10585.292265073893,17948.783619265927
Neurod6,10579.698146429133,17941.416068237944
Neurod6,10579.627930695311,17919.17171133963
Neurod6,10600.739099229979,17923.543787773106
Neurod6,10598.426902812584,17910.916992313778
Neurod6,10592.026893293927,17928.232878194973
Neurod6,10628.574769377581,17948.11985191361
Neurod6,10632.939007436347,17965.0813072667
Neurod6,10620.331220918495,17968.417361056658
Neurod6,10689.031316789906,17961.521920691386
Neurod6,10660.417467173604,17919.135377858693
Neurod6,10668.807154875609,17927.807984957035
Neurod6,10655.368670767295,17929.094756581148
Neurod6,10678.769414606086,17843.32860486908
Neurod6,10673.620783132044,17829.769046135312
Neurod6,10675.786658509953,17842.66712005917
Neurod6,10676.07780052672,17872.572468067166
Neurod6,10702.146234349664,17871.09610813948
Neurod6,10707.211398325884,17923.29251454766
Neurod6,10719.956430685583,17920.683084104105
Neurod6,10699.990506859247,17842.106025314144
Neurod6,10715.328447408776,17844.28508659225
Neurod6,10740.943018931854,17870.28977119464
Neurod6,10717.061034786884,17875.56239363505
Neurod6,10749.607872403853,17875.59072248365
Neurod6,10766.163101462607,18034.126531529084
Neurod6,10774.49988718238,18023.789211630374
Neurod6,10747.53661338837,18041.01345920292
Neurod6,10773.667157441725,17942.23321373148
Neurod6,10794.304253948769,17952.781049586447
Neurod6,10783.032912098688,17935.998160557956
Neurod6,10788.671588691166,17837.888356941312
Neurod6,10775.887592875977,17824.628721883524
Neurod6,10793.476182975726,18000.70977144889
Neurod6,10799.933919778628,17856.70049331722
Neurod6,10814.827627488863,17840.648296608208
Neurod6,10795.121545326947,17845.820848662977
Neurod6,10815.217221936147,17854.859443817986
Neurod6,10818.611655248327,17877.408728875704
Neurod6,10826.874159450032,17844.81242481511
Neurod6,10841.095854718282,17956.567412912293
Neurod6,10833.455704889211,17960.947699311342
Neurod6,10860.694884941591,17862.931158368847
Neurod6,10874.075027998653,17863.48380906345
Neurod6,10871.588505905669,17861.466540801815
Neurod6,10870.008818517557,17977.748277064664
Neurod6,10878.016267933253,17967.40041093148
Neurod6,10876.114458275613,17969.07405099387
Neurod6,10892.719796453159,17860.62218380747
Neurod6,10901.389742374879,17857.53735301919
Neurod6,10901.24967447972,17856.71516516069
Neurod6,10911.19530843794,17972.542777710918
Neurod6,10901.245917681446,17865.11073075943
Neurod6,10909.464439414633,17864.765238763448
Neurod6,10920.821104621189,17868.03814107156
Neurod6,10925.656251541408,17882.79740270882
Neurod6,10907.098497335493,17905.60888117787
Neurod6,10924.01159062969,17901.06139861501
Neurod6,10931.19903563351,17936.288416917334
Neurod6,10927.239784288708,17930.433498696148
Neurod6,10932.289434655086,17940.82597796232
Neurod6,10956.68632304975,17981.015283579305
Neurod6,10972.19062607817,17837.423210280627
Neurod6,10993.122213318355,17829.413732429355
Neurod6,11003.57345514748,17953.01909950738
Neurod6,10961.379276817854,17898.306001339624
Neurod6,10994.78048797508,17862.068289000228
Neurod6,11001.390509105011,17880.450169464075
Neurod6,10999.575613786381,17939.673219195945
Neurod6,11006.220917235647,17923.6922871474
Neurod6,10994.601655238972,17935.941069842313
Neurod6,11013.402473996672,17851.418031705907
Neurod6,11022.49681603449,17833.33805647365
Neurod6,11029.679656319426,17855.494826327886
Neurod6,11026.531110581407,17924.228088328084
Neurod6,11028.283070570003,17916.156657316344
Neurod6,11037.94600854047,17905.33129291472
Neurod6,11019.428203463223,17926.221610314497
Neurod6,11028.428986742107,17913.600942336972
Neurod6,11048.93711964278,17846.09517193921
Neurod6,11061.917309537163,17845.17792479771
Neurod6,11038.04667962069,17880.866572230814
Neurod6,11040.706181169242,17895.79151145226
Neurod6,11052.637527371471,17995.60170325833
Neurod6,11055.123504454581,17997.81200833126
Neurod6,11060.770853110049,17961.153768984932
Neurod6,11069.886865606075,17955.477720961106
Neurod6,11062.68279217594,17966.754147581392
Neurod6,11092.317982974888,17916.44348982558
Neurod6,11070.764520836297,17970.21154498596
Neurod6,11104.069646391343,17872.81731894005
Neurod6,11091.793280483369,17851.021999984874
Neurod6,11108.440859506527,17833.22222541943
Neurod6,11096.30223766758,17934.704430617392
Neurod6,11124.208370500128,17815.870080181183
Neurod6,11116.926832089843,17794.97532833114
Neurod6,11139.27613300869,17885.775618715943
Neurod6,11122.463494849042,17884.820398926793
Neurod6,11126.645306312921,17909.008452506372
Neurod6,11121.450032164861,17905.8268820809
Neurod6,11149.393541300364,17833.7098526907
Neurod6,11134.56805908881,17849.806288838347
Neurod6,11131.960517168995,17837.839421196568
Neurod6,11149.363534065666,17935.85558939745
Neurod6,11161.781251694345,17885.6267325732
Neurod6,11155.753643554788,17893.77311943075
Neurod6,11159.347568977164,17887.77236226539
Neurod6,11213.679239299592,17877.31255326337
Neurod6,11195.516702320681,17941.879232992822
Neurod6,11168.940754620451,17956.869500571753
Neurod6,11173.169252401105,17966.099345655774
Neurod6,11202.221975765664,17837.333468507364
Neurod6,11216.591490736837,17853.06915614661
Neurod6,11189.314652779058,17840.64568537161
Neurod6,11200.522688607361,17800.555794152344
Neurod6,11221.803100231153,17801.198570991826
Neurod6,11229.159701530863,17787.3158399516
Neurod6,11241.712842154926,17776.891968160828
Neurod6,11234.145592248946,17873.196419533026
Neurod6,11222.259704375874,17888.024877164764
Neurod6,11243.112455401353,17855.741642874273
Neurod6,11265.195777651954,17763.365869518788
Neurod6,11287.408731710284,17752.59150801952
Neurod6,11279.85467762145,17750.82498019726
Neurod6,11271.478801704428,17746.773709558474
Neurod6,11241.232811795662,17756.709748492205
Neurod6,11243.432100041236,17749.187488810512
Neurod6,11262.652299378622,17747.45878928323
Neurod6,11267.567104678817,17738.815632164915
Neurod6,11249.501476532787,17748.46770961339
Neurod6,11269.957213541215,17821.702524451346
Neurod6,11299.212574225638,17941.690922494705
Neurod6,11307.929357747356,17869.786054078108
Neurod6,11336.160273403962,17776.595497826558
Neurod6,11305.419421158163,17736.520945051787
Neurod6,11329.509610355937,17746.369439343085
Neurod6,11325.825020913984,17838.34782030448
Neurod6,11337.678172838814,17861.50908601391
Neurod6,11350.179995583374,17809.074623358563
Neurod6,11361.80524919251,17821.427254434344
Neurod6,11342.114685940405,17810.02847898654
Neurod6,11345.038741563689,17827.18701910607
Neurod6,11351.165679818134,17816.390194082192
Neurod6,11366.517561595621,17780.72304764776
Neurod6,11351.424138506602,17780.286509273992
Neurod6,11393.603577130933,17786.887156691417
Neurod6,11394.800043002277,17776.698855396153
Neurod6,11387.212802672215,17784.0986851715
Neurod6,11386.853401916675,17786.188074901558
Neurod6,11402.393262521398,17758.791805229557
Neurod6,11385.031699020521,17783.68157717734
Neurod6,11408.843548635801,17756.958956283484
Neurod6,11374.36261732756,17768.38065250286
Neurod6,11386.31610251895,17701.91814426
Neurod6,11397.984662485484,17811.75479760221
Neurod6,11421.469429505518,17833.9113803583
Neurod6,11411.882746062476,17740.47219945966
Neurod6,11423.115391892663,17739.048719208207
Neurod6,11400.070195142322,17785.800543255416
Neurod6,11436.40703679161,17775.293464768798
Neurod6,11425.578506888523,17773.778009219568
Neurod6,11423.562761938538,17713.542994711825
Neurod6,11418.937293359055,17714.41006193806
Neurod6,11457.631511435995,17821.352524077378
Neurod6,11450.441045962325,17833.380813895437
Neurod6,11441.969111052422,17815.725701504653
Neurod6,11455.176941725342,17786.560259531827
Neurod6,11465.738439940174,17790.64988673023
Neurod6,11470.133292126122,17981.287067628924
Neurod6,11463.64409756795,17969.94199625971
Neurod6,11459.685541088775,17754.628427172825
Neurod6,11463.26806939739,17755.368787114763
Neurod6,11481.315154748874,17724.735965543212
Neurod6,11496.978683751995,17780.673750756392
Neurod6,11520.140835362652,17731.336428271086
Neurod6,11518.076012526351,17741.282328063473
Neurod6,11511.571729258087,17727.52843544017
Neurod6,11513.076052572413,17737.616934978418
Neurod6,11492.505460584507,17748.286878736453
Neurod6,11500.867510790074,17737.164978250315
Neurod6,11514.045546739691,17678.06230513468
Neurod6,11530.184817948602,17674.71717237212
Neurod6,11512.950837039714,17699.237075851965
Neurod6,11529.936291013826,17791.04981357216
Neurod6,11519.021427426605,17788.902774553982
Neurod6,11512.886218266094,17796.182870789853
Neurod6,11526.568214737275,17717.235917726593
Neurod6,11533.81415845073,17734.582817640076
Neurod6,11550.236372598305,17735.62248982345
Neurod6,11545.40437117546,17804.64008761912
Neurod6,11562.339949504032,17812.93888522074
Neurod6,11564.787636673756,17805.752416619718
Neurod6,11582.967116961385,17583.978201158112
Neurod6,11580.681234999593,17577.207450891616
Neurod6,11606.062311623202,17688.206699836035
Neurod6,11586.07199921343,17657.470571971742
Neurod6,11582.778355057477,17658.79721193888
Neurod6,11581.90276438981,17656.7844089455
Neurod6,11604.927490746108,17773.792478950083
Neurod6,11628.623612971374,17675.54007695721
Neurod6,11647.087448609702,17656.690099035357
Neurod6,11657.920607405615,17627.89790655421
Neurod6,11639.890499341052,17646.205359873515
Neurod6,11661.903277169498,17746.29631974479
Neurod6,11655.79768225405,17741.9029201511
Neurod6,11665.059305292476,17734.753433487236
Neurod6,11670.48646942689,17701.275020181336
Neurod6,11660.412487099464,17705.49368981518
Neurod6,11673.654995740617,17702.937886439708
Neurod6,11668.662927831305,17625.79613024832
Neurod6,11672.38023107644,17617.12167123323
Neurod6,11690.64410784515,17808.74235682302
Neurod6,11693.932911743334,17657.233867508454
Neurod6,11686.205023171478,17668.426623515676
Neurod6,11692.974209846327,17677.98137226227
Neurod6,11691.49685388475,17662.57762337894
Neurod6,11697.805597786659,17678.78704867439
Neurod6,11715.58659096754,17713.634197022846
Neurod6,11715.107733097611,17681.086039117472
Neurod6,11723.419219366468,17686.16566641532
Neurod6,11738.52486517688,17607.61353650168
Neurod6,11734.929426287885,17607.90715060989
Neurod6,11768.383475229668,17585.56633546213
Neurod6,11730.71420714179,17610.888087906278
Neurod6,11755.09854238464,17593.27795708007
Neurod6,11739.92410923919,17766.76693714803
Neurod6,11750.649354961493,17770.578456318373
Neurod6,11767.538340960424,17736.635232889992
Neurod6,11762.423262432701,17610.71516243455
Neurod6,11786.394979700855,17617.127376938264
Neurod6,11778.297668933206,17613.578836487897
Neurod6,11790.852982230545,17669.820899247366
Neurod6,11790.502606672697,17671.613473730322
Neurod6,11786.80853368947,17676.604202253446
Neurod6,11775.366614451816,17666.80147305731
Neurod6,11781.65969024957,17679.33142515366
Neurod6,11794.211169638014,17668.488030777284
Neurod6,11791.005520633009,17707.920211687793
Neurod6,11797.38873450994,17613.755671812214
Neurod6,11828.987276748172,17656.621726481273
Neurod6,11830.934541354893,17615.711732570362
Neurod6,11836.469841281201,17612.54791011361
Neurod6,11835.37490207223,17587.01822834403
Neurod6,11836.404571706384,17676.07649963061
Neurod6,11854.822291664126,17677.039449165004
Neurod6,11845.800309517617,17676.460614559313
Neurod6,11856.455734926929,17687.518752653163
Neurod6,11880.03893987184,17631.426345321317
Neurod6,11864.513797436133,17596.189084340927
Neurod6,11904.789557068023,17487.11089562128
Neurod6,11881.297838614772,17507.78175802746
Neurod6,11894.766234734043,17469.286932586936
Neurod6,11902.350319124753,17602.118239750656
Neurod6,11893.680935419772,17597.642243320952
Neurod6,11891.893155309237,17667.68691125045
Neurod6,11926.679774307646,17547.210120172844
Neurod6,11906.853399034788,17579.425700046853
Neurod6,11911.839602422804,17569.567609725524
Neurod6,11933.745195896796,17559.711078845878
Neurod6,11917.091089195237,17620.93705536175
Neurod6,11923.524338916484,17626.562364612364
Neurod6,11935.983083999592,17520.75399796381
Neurod6,11939.071070833908,17532.2641548365
Neurod6,11933.853045321845,17535.251891116543
Neurod6,11955.721480722956,17578.173441742125
Neurod6,11968.571393524207,17574.583975204358
Neurod6,11936.611066993843,17567.84657983472
Neurod6,11970.369750644932,17516.323603234126
Neurod6,11951.36943550711,17512.079362996912
Neurod6,11953.357036233196,17654.452826518933
Neurod6,11952.82448724438,17665.123306676644
Neurod6,11961.542218598273,17663.8439718736
Neurod6,11970.196334739987,17564.142249504912
Neurod6,11984.806597341554,17298.397577151303
Neurod6,11987.943650513826,17283.01926903181
Neurod6,12003.907344147647,17280.71925152603
Neurod6,11994.995189123225,17269.675900241797
Neurod6,12007.338927007215,17561.898647869923
Neurod6,12003.147198775936,17570.45954647968
Neurod6,11993.660549532044,17570.47487307349
Neurod6,11990.941098952755,17585.696099384644
Neurod6,12012.291947248586,17472.99964761415
Neurod6,12005.178412629873,17515.75131318239
Neurod6,12032.931003259628,17553.46151254864
Neurod6,12047.202477514802,17641.374886552723
Neurod6,12059.818620086828,17652.607814377407
Neurod6,12044.54501712097,17636.534187532852
Neurod6,12051.277109943103,17645.813815276128
Neurod6,12046.190549490193,17646.865004204676
Neurod6,12039.267877731389,17638.230855221795
Neurod6,12041.080598807788,17639.078254467935
Neurod6,12033.408611755323,17651.46383981815
Neurod6,12018.084158366342,17651.427517555552
Neurod6,12060.929527496934,17487.341624505665
Neurod6,12048.414299773223,17489.912627992577
Neurod6,12058.313303795381,17487.67708639798
Neurod6,12100.821797976816,17498.599897084026
Neurod6,12082.322980909747,17417.991274167824
Neurod6,12099.636642581514,17386.145302276873
Neurod6,12089.778543712015,17372.949249951096
Neurod6,12104.936433361761,17384.714019179813
Neurod6,12093.353326417495,17516.050903605297
Neurod6,12090.470002032967,17552.743435280812
Neurod6,12104.592649939726,17574.625445058602
Neurod6,12123.718947349567,17466.055430772205
Neurod6,12097.642175464542,17476.056689667435
Neurod6,12098.099935069014,17341.2678647244
Neurod6,12133.0632378289,17511.073289555956
Neurod6,12148.732269623151,17503.926280170715
Neurod6,12145.971382060066,17378.62475276846
Neurod6,12159.448810244901,17393.95926489289
Neurod6,12137.399015734249,17458.984765324873
Neurod6,12154.306235875825,17442.106499779857
Neurod6,12142.976910583397,17444.57811520499
Neurod6,12182.87394778516,17454.923695665584
Neurod6,12158.140913849606,17461.75539919873
Neurod6,12173.152256310337,17567.726708477072
Neurod6,12183.389352820364,17568.422852962965
Neurod6,12180.280464626125,17570.95979742301
Neurod6,12170.429618217719,17403.017311001247
Neurod6,12176.917839619828,17382.700977199573
Neurod6,12192.4126458365,17381.33750040992
Neurod6,12205.479574163237,17329.55639700638
Neurod6,12205.292998364575,17312.030759476438
Neurod6,12189.802121102835,17629.76088669723
Neurod6,12185.89473538213,17658.665443472186
Neurod6,12211.149682425517,17373.76431983188
Neurod6,12202.670945863823,17372.522488319213
Neurod6,12188.240165260786,17482.416612749872
Neurod6,12200.118821798686,17481.55872624472
Neurod6,12205.125499935513,17472.821161859367
Neurod6,12210.02331233161,17584.80928279015
Neurod6,12220.720084085868,17435.753927893467
Neurod6,12214.636488644017,17445.90801434103
Neurod6,12219.759702193147,17288.669424811127
Neurod6,12251.339651061591,17375.87198579092
Neurod6,12256.228231551075,16961.508763854723
Neurod6,12244.774607397254,16953.72471024844
Neurod6,12246.3202694268,16958.090238643857
Neurod6,12246.926814458573,16972.989874248447
Neurod6,12248.682602623208,17406.773692257
Neurod6,12281.61732777762,17417.456617168635
Neurod6,12250.735143096097,17428.18971340408
Neurod6,12251.451047151271,17464.518239693167
Neurod6,12233.761428149608,17472.530285965535
Neurod6,12260.005302271851,17312.353917296725
Neurod6,12246.415297522817,17292.861524927142
Neurod6,12253.672278919032,17301.941551917025
Neurod6,12251.257246443665,17176.78170744758
Neurod6,12287.051191516892,17152.26423567687
Neurod6,12279.570368470717,17147.810628932562
Neurod6,12278.834911070437,17335.88831204522
Neurod6,12285.926245672053,17259.22189318499
Neurod6,12319.64739558571,17234.033520957066
Neurod6,12291.932139667386,17259.389182530093
Neurod6,12309.1315247023,17236.39296666727
Neurod6,12304.9448418389,17239.96586485827
Neurod6,12289.593337048547,17719.072158305502
Neurod6,12308.955507706849,17141.426913628136
Neurod6,12327.72651646917,17148.852375430706
Neurod6,12320.427214523741,17404.849867010515
Neurod6,12334.11845872937,17400.965575266204
Neurod6,12339.437361015576,17214.874473127868
Neurod6,12328.931072563268,17196.451457266656
Neurod6,12337.359531760625,17195.207643797705
Neurod6,12336.125689241084,17197.856168835453
Neurod6,12335.438081777298,17195.581558594087
Neurod6,12339.719705359717,17245.739141374732
Neurod6,12333.170220321623,17247.061240484876
Neurod6,12335.507943554161,17247.922859712384
Neurod6,12342.084909127065,17248.758523686312
Neurod6,12338.765914654432,17246.90370067912
Neurod6,12330.779001178718,17257.6208860616
Neurod6,12336.236060290936,17259.14253373168
Neurod6,12325.989682931933,17246.921241030643
Neurod6,12343.862780116917,17247.62095534596
Neurod6,12344.133892063663,17328.17876055661
Neurod6,12340.391662573806,17353.08157423131
Neurod6,12334.321328311873,17339.463564849717
Neurod6,12365.979745047602,17276.4892197858
Neurod6,12356.03001482423,17154.06513922275
Neurod6,12365.739029232414,17161.829629479267
Neurod6,12379.846714798161,17172.358716304272
Neurod6,12378.93540265365,17327.22378411328
Neurod6,12365.959272346021,17334.219567451233
Neurod6,12376.878635482059,17315.905792759222
Neurod6,12376.979464202373,17338.11225644269
Neurod6,12374.165179368294,17440.91274603146
Neurod6,12372.637575212382,17216.206208917156
Neurod6,12369.63689164518,17196.336562220415
Neurod6,12368.435167634638,17183.14696754626
Neurod6,12366.966970429414,17177.53414509806
Neurod6,12387.020665084217,17213.13670662101
Neurod6,12383.553374776022,17075.319312798798
Neurod6,12405.702587903239,17073.517695258168
Neurod6,12387.294934603486,17054.237450767527
Neurod6,12404.176313201095,17059.08069219452
Neurod6,12415.547171183009,17062.02502791422
Neurod6,12416.289915140715,17050.42640372267
Neurod6,12419.377156128494,17064.356731567957
Neurod6,12412.334991807224,17097.516805159383
Neurod6,12424.225113012457,17110.503982203256
Neurod6,12414.658509372372,17085.278451532256
Neurod6,12410.47019011794,17275.854533207777
Neurod6,12416.115449645893,17275.063948766918
Neurod6,12406.91929817275,17256.20030386345
Neurod6,12418.393726869928,17390.400593216465
Neurod6,12442.412014009307,17209.884535470042
Neurod6,12430.635078712448,17163.291389411504
Neurod6,12433.745657101643,17112.976833156365
Neurod6,12443.748134521367,17291.592560569756
Neurod6,12466.336262102745,17001.540487352955
Neurod6,12464.912489280307,17007.90432065508
Neurod6,12479.574629868828,17004.73537927813
Neurod6,12473.208940955572,17007.37499748008
Neurod6,12464.137890759774,16988.54128397468
Neurod6,12477.699863071231,17001.40446589051
Neurod6,12469.205875647793,17077.06499598949
Neurod6,12469.952792069445,17076.02851769269
Neurod6,12510.9689981321,17103.734591334087
Neurod6,12494.781268686489,17106.82192030532
Neurod6,12508.862944534445,17105.80615238309
Neurod6,12487.19605958097,17088.104457460555
Neurod6,12483.492834753559,17091.760318821896
Neurod6,12495.486880800536,17099.548453288196
Neurod6,12480.035970000103,17095.4965494022
Neurod6,12500.00116650003,17153.953220005733
Neurod6,12478.04126504623,17159.47325984881
Neurod6,12490.211839209927,17151.48013477207
Neurod6,12499.159327163194,17036.592009097858
Neurod6,12527.71565983543,17110.99127218715
Neurod6,12524.101989083094,17071.09188836247
Neurod6,12534.23094295677,16982.020808958765
Neurod6,12540.278959307834,16993.9101498237
Neurod6,12538.45945722365,17157.918908432694
Neurod6,12532.614491908858,17167.75957792581
Neurod6,12537.862653213335,17012.479021939
Neurod6,12573.506503008999,17058.05879115943
Neurod6,12574.838326614954,17062.431763276523
Neurod6,12570.87370654733,17081.661611973403
Neurod6,12576.17842323163,17067.76465084976
Neurod6,12563.570305589014,17075.621585038625
Neurod6,12584.31896877194,16894.505239288977
Neurod6,12601.44425184698,16907.504856761832
Neurod6,12594.477872187364,16973.608483562657
Neurod6,12597.22055053463,16992.89895184276
Neurod6,12593.97617279495,17002.604872746975
Neurod6,12605.250524268156,17039.804452840017
Neurod6,12606.396312005969,17038.192974552294
Neurod6,12609.345888992515,17054.384346631774
Neurod6,12606.94266610164,17332.96856675568
Neurod6,12623.620012073037,17310.074851311725
Neurod6,12629.483978344386,17029.109388761346
Neurod6,12624.919251073065,16909.140383981885
Neurod6,12642.71711761304,16923.47911797551
Neurod6,12623.218879118362,16816.31552442948
Neurod6,12638.427006379618,17007.662360049842
Neurod6,12640.685754735372,17012.722561441195
Neurod6,12658.095202421857,17448.269617721402
Neurod6,12637.178685255445,16762.788908092618
Neurod6,12643.59078767293,16766.030177965014
Neurod6,12645.43666778581,16756.73455893716
Neurod6,12658.418930612495,16845.605340739054
Neurod6,12644.186767576355,16810.348796036425
Neurod6,12658.669934189747,16815.595570026082
Neurod6,12654.455978989687,16831.27367385838
Neurod6,12681.234958346831,16790.700465872033
Neurod6,12671.24180089403,16965.070938151246
Neurod6,12671.325898640456,17107.31921175282
Neurod6,12699.860855126044,17118.07370629754
Neurod6,12662.676999405745,17110.20886539564
Neurod6,12667.534856748083,17109.202453181584
Neurod6,12680.666706465077,17110.42113063497
Neurod6,12696.280511232826,16877.231595198555
Neurod6,12702.901240401116,16871.2789286447
Neurod6,12694.142280201142,16870.97630879555
Neurod6,12689.394687589614,16767.40941789701
Neurod6,12706.79230276049,16707.155581843188
Neurod6,12708.163725405691,16830.101110450614
Neurod6,12690.481474247781,16677.47569387442
Neurod6,12703.04342179076,16682.66042110282
Neurod6,12720.276814504265,16740.131339606745
Neurod6,12714.903037190332,16765.726507943124
Neurod6,12732.650593656406,16731.657755263583
Neurod6,12727.230066324755,16792.07831604461
Neurod6,12710.711683729558,16800.52313094571
Neurod6,12719.776812350541,16808.539216363886
Neurod6,12727.146905889134,16888.779075391183
Neurod6,12737.288545661382,16884.16309557161
Neurod6,12730.670459479006,16902.356943487885
Neurod6,12747.711469553493,16750.09274036622
Neurod6,12730.873288176565,16733.09727225115
Neurod6,12736.16934953742,16726.262331376467
Neurod6,12745.576855468333,16736.76878882669
Neurod6,12765.694526607303,16674.82524555587
Neurod6,12761.32141071605,16677.733690828456
Neurod6,12766.916692468452,17373.522720822646
Neurod6,12756.629971016264,17366.565500929337
Neurod6,12809.076145217272,16834.501026081947
Neurod6,12794.043444717809,16840.884031097685
Neurod6,12796.291103465595,16821.452415649976
Neurod6,12796.20001714329,16571.374292783865
Neurod6,12799.634423045103,16579.716816770026
Neurod6,12795.525416613416,16580.80419697208
Neurod6,12804.157180497647,16577.21379797708
Neurod6,12841.868891708807,16616.56311848767
Neurod6,12836.104331700915,16757.666593553007
Neurod6,12831.352463162018,16756.341973765295
Neurod6,12832.615676481908,16567.773406844033
Neurod6,12859.959519919485,16580.51312503112
Neurod6,12853.394752867216,16639.147441009754
Neurod6,12848.51930844267,16720.088650493948
Neurod6,12846.952351409705,16868.838957092154
Neurod6,12846.13360449814,16835.439224665362
Neurod6,12862.490009864197,16850.972681749514
Neurod6,12848.83258245017,16857.27259480563
Neurod6,12893.641319639255,16559.186868150307
Neurod6,12880.977008451242,16556.63948294279
Neurod6,12893.202875699417,16551.061164388484
Neurod6,12892.277095766565,16560.22767197724
Neurod6,12909.735220172903,17149.653681273157
Neurod6,12909.348222141743,17139.429058260142
Neurod6,12916.02613703949,17149.288231247872
Neurod6,12919.023395957614,17145.160946780732
Neurod6,12941.452445718973,16568.338707809577
Neurod6,12933.664772373999,16584.550170083574
Neurod6,12930.194306367428,16596.739518286133
Neurod6,12925.59246406439,16580.57457843386
Neurod6,12959.671460335885,16563.70136920707
Neurod6,12927.282480789556,17094.566944174137
Neurod6,12925.931506389308,17101.57670691672
Neurod6,12946.49161178075,16520.563080477332
Neurod6,12931.437800306814,16520.884291571227
Neurod6,12942.096929786003,16537.17248922998
Neurod6,12967.517213801639,16839.77532590622
Neurod6,12958.772362188141,16486.424125097765
Neurod6,12966.753682914805,16509.234249131496
Neurod6,12951.526285816826,16481.254600863664
Neurod6,12965.217357820795,16612.14051308782
Neurod6,12967.423490126841,16614.90461645584
Neurod6,12974.962078703187,16608.103442128126
Neurod6,12981.081720435708,16602.737944206365
Neurod6,12990.04801226771,16453.856130380467
Neurod6,12997.04037803706,16455.797711767813
Neurod6,12976.574888263887,16443.3585221111
Neurod6,13003.078911049717,16667.601275052926
Neurod6,12999.480381284893,16669.58964045754
Neurod6,13003.25113104591,16682.85110940833
Neurod6,13008.468104010371,16694.618335724776
Neurod6,13012.816497479658,16476.921967331917
Neurod6,13027.894847756073,16436.479157495323
Neurod6,13022.947490538943,16441.424791176298
Neurod6,13019.566148739206,16433.224973676704
Neurod6,13017.285940191123,16440.445750093215
Neurod6,13013.522936848254,16432.226657066687
Neurod6,13030.542595036952,16426.35873681024
Neurod6,13008.443056651593,16504.279307010966
Neurod6,12997.362606664523,16497.510787636886
Neurod6,13016.705655225183,16491.169750377412
Neurod6,13049.461427850278,16412.89263798951
Neurod6,13029.146460037751,16399.561879520923
Neurod6,13030.188918428068,16374.606139763311
Neurod6,13061.629024352225,16972.437430766597
Neurod6,13059.211678687418,16479.283315082826
Neurod6,13064.742539589297,16461.403708863792
Neurod6,13079.76256726148,16379.106906609866
Neurod6,13050.159873074635,16427.679247766966
Neurod6,13063.208750609943,16449.89834649131
Neurod6,13059.790410258345,16438.549890660517
Neurod6,13058.678809644922,16428.60089364439
Neurod6,13093.072484109183,16419.3090129488
Neurod6,13092.450656104278,16445.45803589719
Neurod6,13094.259990967406,16436.393706395414
Neurod6,13124.60184400061,16382.18958679072
Neurod6,13146.30266904278,16369.61309713089
Neurod6,13133.185850676648,16381.959988093397
Neurod6,13136.203159342287,16375.3845388444
Neurod6,13127.353438421176,16364.133501387969
Neurod6,13118.952427343476,16385.725498876203
Neurod6,13135.746054723455,16432.933039061914
Neurod6,13129.234438500715,16421.128426719053
Neurod6,13133.055608157336,16424.780690309035
Neurod6,13157.120660523398,16436.034136946957
Neurod6,13142.94878250527,16585.89853695991
Neurod6,13136.92555487134,16586.695334299
Neurod6,13139.769204196511,16585.846684003725
Neurod6,13144.889534466796,16334.339071151599
Neurod6,13160.118478380917,16339.02155848972
Neurod6,13143.314901506217,16323.191968294712
Neurod6,13163.066768133489,16889.212480977123
Neurod6,13172.479225967176,16483.2661238444
Neurod6,13156.518970419245,16475.444988116837
Neurod6,13206.43889890693,16413.422341527938
Neurod6,13198.357764359045,16628.408269854513
Nos1,6792.961021843486,15035.652317816763
Nos1,6974.5996656486295,14118.414800370165
Nos1,6973.865593890984,14114.869105378848
Nos1,7105.813355623082,14513.492379645751
Nos1,7095.1050613568,14498.941438062298
Nos1,7104.916595663372,14511.416446192476
Nos1,7165.919353623353,14967.575162397628
Nos1,7162.60692215544,14954.621967463958
Nos1,7171.972231624771,14957.236889815567
Nos1,7431.136928148901,15845.729997863278
Nos1,7646.190924391842,16084.179364704512
Nos1,8121.3545015188265,16538.858009601026
Nos1,8179.249722568004,16778.355261044966
Nos1,8342.93986011076,16905.982962427468
Nos1,9100.389126952736,17361.522520757226
Nos1,9329.985063101893,17440.92043236294
Nos1,9510.44485511406,17483.28073839549
Nos1,9591.643007881848,17578.209927482545
Nos1,10390.020058614997,18020.309791956075
Nos1,10924.860303432273,16946.595870574445
Nos1,11094.692996188745,17934.934932211305
Nos1,11421.425432972008,17783.514283198736
Nos1,12091.032983285253,18155.616373881072
Nos1,12334.097484752205,17142.82943155488
Nos1,12380.980057026289,17319.617827655034
Nos1,13080.11540819034,16984.338700715325
Nov,6893.3722124553415,14128.528898886967
Nov,6889.801359580657,13766.43092126869
Nov,6910.646146510751,14230.65520819954
Nov,6906.245291797129,14510.19296923572
Nov,6987.363981942125,14978.107949540941
Nov,7013.136939625234,13886.211526936946
Nov,7100.103838178268,14176.774575090814
Nov,7116.294860911747,15123.567190333717
Nov,7135.515294459943,14966.336906106348
Nov,7136.23699967515,14832.866776581572
Nov,7132.961195411299,14844.886693750388
Nov,7235.549134084123,15041.213447023116
Nov,7570.01177201901,15821.122895279932
Nov,7635.804836047898,16381.217067391211
Nov,7752.7895591196775,16281.058629690733
Nov,7882.349307016437,16371.75258355058
Nov,8421.322704926426,16922.872329698323
Nov,8564.82448312887,17078.446053545995
Nov,8912.254610667134,17154.092257120206
Nov,8984.13188237041,16079.60611238624
Nov,10039.443007351798,17834.780106047434
Nov,10155.05614218624,17681.144775247092
Nov,11336.748704742035,16898.10860620211
Nov,12257.878999410024,17165.304502188308
Nov,12391.572966504657,17166.566769614972
Nov,12529.361412944001,17099.60428923994
Nov,12681.985051760808,16974.04393299869
Nov,12767.216138906328,16702.43894023395
Nov,12826.335730090635,16553.44798570366
Nov,13183.728797643349,16470.076415737985
Nov,13351.4924518373,16737.419801059958
Npy,6559.075520871662,14186.953525289633
Npy,6558.440570915506,14152.476398662217
Npy,6560.402715683622,14168.28585329689
Npy,6558.823226514302,14168.48649846913
Npy,6555.913711451302,14172.81880573032
Npy,6578.831210062162,14170.236211404364
Npy,6576.398606090708,14170.343587189189
Npy,6566.2653562998985,14166.770699279086
Npy,6591.779267182078,14702.507109742342
Npy,6599.158858966545,14687.846275327058
Npy,6611.692784422466,14703.593508572312
Npy,6616.647276450408,14692.991563128566
Npy,6592.463986909283,14697.629735825754
Npy,6588.654803840536,14702.693279192408
Npy,6598.715156439151,14701.755210784873
Npy,6618.900189813699,14696.630858003364
Npy,6607.355191220096,14689.940943059624
Npy,6611.357446267075,14689.746470615346
Npy,6599.191429564671,14698.91547145632
Npy,6609.804732482186,14697.981227893993
Npy,6592.708997643142,14698.993346749312
Npy,6593.351808470135,14698.494633325183
Npy,6602.934365655725,14685.189675763146
Npy,6602.609408615684,14686.586418068324
Npy,6598.7850748477695,14707.097232943068
Npy,6600.02661551058,14704.859064184431
Npy,6592.605294527392,14699.830204691865
Npy,6601.127126338109,14682.793612836953
Npy,6600.401789771435,14710.72273068902
Npy,6604.744148917984,14692.015790434089
Npy,6603.950164571682,14695.782395316957
Npy,6615.216200425123,14680.323726141416
Npy,6585.011469411596,14700.752006078561
Npy,6664.676692553898,13785.667099357232
Npy,6638.215875847988,13793.240923598127
Npy,6665.71363507689,13785.24286983159
Npy,6669.5609228535905,13796.576245219669
Npy,6668.493674527597,13785.373208285959
Npy,6661.749347594143,13781.997647628106
Npy,6657.756287766829,13758.922748660148
Npy,6660.929856169124,13774.171474384122
Npy,6661.284641860717,13771.768265009387
Npy,6648.001732702618,13788.729263393758
Npy,6661.297177432058,13787.808808583664
Npy,6646.527532088274,13790.897198065768
Npy,6662.377328907147,13786.26763655759
Npy,6666.891119300717,13796.403536387139
Npy,6661.322364475935,13772.902851873489
Npy,6649.669257724351,13788.791843073603
Npy,6657.095313497092,13774.110458668269
Npy,6654.072808869901,13785.84048832954
Npy,6800.836949356326,15042.601987561404
Npy,6793.236008702756,15032.347838102049
Npy,6795.028288001152,15040.188640946564
Npy,6805.268240883122,15052.739410059048
Npy,6808.678969466359,15029.651251642335
Npy,6801.646092335316,15020.736143018486
Npy,6806.10809653262,15047.496993310851
Npy,6804.45000274655,15041.751851782674
Npy,6784.465394893929,15031.361954906792
Npy,6791.955665580555,15031.738496222995
Npy,6795.55518636714,15039.618559538774
Npy,6800.010161529778,15028.55713352342
Npy,6809.832685319173,15039.816481086826
Npy,6812.041815264127,15021.07087973858
Npy,6792.928602816087,15036.747567634113
Npy,6810.895427582916,14122.037434316595
Npy,6805.5992691146375,14103.802838120948
Npy,6809.779395835724,14145.596062467854
Npy,6867.46594430939,14388.82045335803
Npy,6955.933022628066,14489.174464313453
Npy,6959.537856673249,14516.874864580022
Npy,6986.6660825363815,14513.937962985916
Npy,6952.815256192874,14510.59861087726
Npy,6976.172195380449,14507.320071689503
Npy,6964.754339725738,14506.231889707018
Npy,7081.491675632715,14705.36360129213
Npy,7086.903670385511,16017.860071291165
Npy,7083.970537467497,16015.776268956412
Npy,7090.5271473430785,15996.14972983853
Npy,7075.3152278766875,16021.200233864141
Npy,7076.335078037065,16005.95631124244
Npy,7079.356599476931,15995.302478618658
Npy,7092.979398713019,16013.652371257902
Npy,7097.77523964965,16012.738871778338
Npy,7078.586366941549,16013.12044002759
Npy,7071.124186980455,16010.827908756273
Npy,7079.947024161285,16009.37368427346
Npy,7081.215342237535,13796.018298396488
Npy,7128.65772965112,15143.829793036675
Npy,7145.05568672384,14730.875183788701
Npy,7175.12606834293,15066.374522433272
Npy,7174.664996565567,15080.540174326745
Npy,7174.396803091864,15083.472057750896
Npy,7159.061851692643,15074.677883770037
Npy,7176.4149443004435,15076.130926878692
Npy,7164.9865092431755,15080.853878796934
Npy,7170.255820476472,15078.900063533478
Npy,7165.094561764974,15067.44634482034
Npy,7181.407148457685,15089.925976496002
Npy,7164.987335369244,15083.43252200064
Npy,7173.788736333245,15064.650703853584
Npy,7189.503975011284,15078.856926070317
Npy,7165.9387011932795,15058.861555504276
Npy,7171.891886384391,15080.099829850074
Npy,7183.596084006151,15378.894837571057
Npy,7200.631449538032,15398.86598253174
Npy,7186.110136637431,15397.986287635702
Npy,7176.060466191358,15382.09398067147
Npy,7181.668830238282,15402.953542634621
Npy,7180.607941860445,15410.312864212725
Npy,7170.561736240489,15401.738047436233
Npy,7183.3908936269,16076.287792091256
Npy,7181.957497214495,16069.241601362053
Npy,7188.216766505698,16075.202873342185
Npy,7270.75132047128,15070.310626911489
Npy,7276.709628209209,15073.23903067465
Npy,7283.981596934068,15073.803234185072
Npy,7337.760392882829,15512.6559410212
Npy,7333.846121235876,14293.040665111645
Npy,7347.21412840632,14293.464131715267
Npy,7327.381801263285,14279.965025677706
Npy,7359.090993581056,14267.7009871559
Npy,7383.569744995536,14269.844889606755
Npy,7355.495623329207,14261.952581549205
Npy,7369.902999772716,14264.789159618076
Npy,7368.862088587995,14274.587448191849
Npy,7369.1882152871385,14265.308243581821
Npy,7363.791820083471,14252.35200277825
Npy,7369.274509767457,14265.982262077172
Npy,7367.805254729549,14274.03419790125
Npy,7373.829393201689,14270.12101521809
Npy,7363.703505491922,14260.907302900467
Npy,7528.129413252537,15238.706673759905
Npy,7510.177130128246,15231.376443371819
Npy,7512.137751343884,15242.22444028044
Npy,7526.600178588975,15238.30696270747
Npy,7521.48161734134,15227.299027180155
Npy,7534.511946523736,15440.18845911583
Npy,7536.7886699825185,15439.493912254251
Npy,7646.4119964776,16386.564715937813
Npy,7618.230378406725,16383.065367520432
Npy,7618.735533238942,16361.041695228421
Npy,7972.198148468215,16500.865339815733
Npy,8138.469691838718,16528.97549105041
Npy,8122.365957411686,16633.255017220014
Npy,8396.67236257197,15170.682489071934
Npy,8392.323099332103,15179.230703207848
Npy,8387.97206418929,15178.128412308017
Npy,8616.533856962777,15288.808490635112
Npy,8692.26817633889,17648.639466495075
Npy,8691.075043321493,17656.669130890426
Npy,8702.789906829783,17650.113157288863
Npy,8699.681567897873,17645.676768270536
Npy,8703.887085310835,17649.586057213255
Npy,8702.419042749598,17633.918968035123
Npy,8758.27623545726,17440.012615092703
Npy,8768.742086424345,17424.65244569655
Npy,8745.170910658808,17403.659106169536
Npy,8754.696269342336,17434.635731604678
Npy,8768.60251759644,17413.00047762111
Npy,8765.199799501823,17418.29459712566
Npy,8755.92620129488,17432.79762179669
Npy,8758.137971767143,17425.955352800407
Npy,8738.203008020711,17421.181975320837
Npy,8932.871722016722,16018.406673688809
Npy,8931.915218907026,16013.94269039852
Npy,8938.251273024081,16011.942008627857
Npy,8929.514263617384,16015.348945002695
Npy,8924.451331634562,16000.868862815267
Npy,8934.786953556426,16014.242048775628
Npy,8925.273288564293,16007.849221484284
Npy,8911.559802117521,16019.406363188853
Npy,8943.487581931653,16014.021440087125
Npy,8904.828632040731,16017.65149721877
Npy,8966.215473465107,17245.269486863093
Npy,8960.522102841025,17217.355674023387
Npy,8962.39695354365,17231.197405998988
Npy,8966.865998803654,17232.326187800405
Npy,8966.193864037461,17225.17293585712
Npy,8961.300414788955,17234.831533873577
Npy,8971.17042110787,17244.17426917426
Npy,8968.294560001208,17231.118852055963
Npy,8976.379858913164,17232.321219666166
Npy,8976.43040286498,17239.416557288612
Npy,8963.496838235178,17229.397693391027
Npy,8967.895353764266,17223.762762714818
Npy,8963.063419001819,17226.322123436956
Npy,8962.080766934027,17232.1585838041
Npy,8964.92461830911,17223.1434556326
Npy,8973.556430781382,17236.528923806774
Npy,8970.461918624938,17227.66620920814
Npy,8959.783335019178,17240.697900300056
Npy,8991.293016609236,15961.762147665857
Npy,8968.947604390829,15973.958352369988
Npy,8974.343719637192,15970.536230756092
Npy,8976.243602267617,15966.114810021008
Npy,9312.398791953518,17247.422895831096
Npy,9511.850708308984,16719.98638152822
Npy,9528.066970956346,16746.437184126382
Npy,9579.995467082317,16193.89289583843
Npy,9573.44786137255,16205.936463119016
Npy,9579.28807217459,16175.321300313228
Npy,9573.327824466729,16195.593258317376
Npy,9586.152151052042,16197.532459616814
Npy,9580.702194298434,16180.667936076004
Npy,9559.247295500743,16175.505870591223
Npy,9584.680753453733,16214.707883432204
Npy,9598.385622403048,16179.33989787579
Npy,9587.638873591315,17387.707347006388
Npy,9584.07182934067,17381.7145360069
Npy,9583.125076576951,17377.22050104997
Npy,9575.833679038264,17381.750647557255
Npy,9599.495150262388,17374.217366388617
Npy,9574.290061515369,17387.903351585075
Npy,9577.590962842363,17377.917765134178
Npy,9586.4920978647,17386.8915882846
Npy,9563.978209224502,17395.715112434464
Npy,9598.13095858473,17393.713096374388
Npy,9580.187660808278,17373.99221801406
Npy,9582.651913014972,17378.740806756996
Npy,9589.528087260842,17380.015910107708
Npy,9590.165004226827,17381.710747463054
Npy,9592.57532760007,17375.549585508998
Npy,9574.444078758326,17383.507176233405
Npy,9601.473834701685,17356.136917749645
Npy,9586.816783370316,17396.810782557815
Npy,9594.258394025886,17384.11247418504
Npy,9588.862826345738,17387.88995027479
Npy,9599.598128484049,17369.55199764513
Npy,9586.860326601482,17388.41403878351
Npy,9608.38061455946,17381.22692398963
Npy,9592.763438344096,17380.500438375886
Npy,9589.047341934644,17377.98473351121
Npy,9592.242880274129,17362.325625942274
Npy,9591.019173591263,17382.305558125412
Npy,9601.758639596601,17385.422485312105
Npy,9587.733481849606,17374.556122144557
Npy,9609.977379955635,17395.802695378254
Npy,9582.251945499167,17380.303144489048
Npy,9595.520981103175,17370.29780967809
Npy,9586.76807108428,17389.303546279792
Npy,9850.5075157699,17827.390041128354
Npy,9865.889190173712,17833.54217389548
Npy,9847.054873034716,17825.219099984188
Npy,9844.681901897016,17812.63709579831
Npy,9870.354503073157,17825.82492252399
Npy,9867.639185706963,17824.139708600742
Npy,9851.238198176085,17832.835082972593
Npy,9856.895747193676,17827.82284709967
Npy,9886.17969003387,17541.074189034156
Npy,9896.065300271957,16356.640638964507
Npy,9895.349093342129,16354.26058704878
Npy,9881.219559631707,16351.584217700241
Npy,9896.540996415615,16359.566358887058
Npy,9892.248272015897,16339.898712857348
Npy,9890.038546640702,16358.718710867193
Npy,9967.334314751766,16759.76134317878
Npy,9989.660880795891,16767.444838043666
Npy,9980.309886187695,16745.289256825206
Npy,9962.485807105673,16757.101437984893
Npy,10318.100031685068,16883.891566775725
Npy,10330.718552691456,16870.179253261194
Npy,10318.550807407595,16886.234035482288
Npy,10370.82399103905,17570.103501438523
Npy,10372.976027734825,17581.166660544248
Npy,10377.387161163748,17571.58870314442
Npy,10379.642612512995,17572.384180519148
Npy,10391.522657073363,17573.777941984474
Npy,10486.099484067512,17074.96812543892
Npy,10518.843625656851,17935.75275883813
Npy,10531.834652688056,17916.11093103554
Npy,10639.097690769593,16578.721718637884
Npy,10639.976035128964,16571.433651054016
Npy,10926.129391195953,16955.077885917824
Npy,10939.780071516561,16971.872468438407
Npy,10950.43490402004,16981.803238175886
Npy,10929.235287463576,16959.347220257034
Npy,10918.185874789042,16966.934936338137
Npy,11222.296659315783,16911.016998711842
Npy,11205.949406673673,16926.331473745166
Npy,11231.226968832496,16932.881127628076
Npy,11215.843476185628,16930.718385146673
Npy,11211.891635674023,16910.84364582151
Npy,11229.84046869948,16920.921260570554
Npy,11272.990953327131,16664.05798293905
Npy,11258.604722455608,16661.55582180536
Npy,11246.357578307763,16660.880606031
Npy,11344.835389258353,16884.994200271867
Npy,11347.843970541642,17718.31031361261
Npy,11356.468425780824,17731.586276652895
Npy,11363.144713361467,17719.999450607298
Npy,11360.696944094012,17716.226874717242
Npy,11375.599960200761,17739.461171691983
Npy,11355.975345086204,17734.456183522234
Npy,11359.479567363023,17871.395336898026
Npy,11373.05661218232,17869.1296510288
Npy,11357.24055006774,17850.14730621852
Npy,11384.185264487045,18148.90234159788
Npy,11411.345662498248,18142.904833755612
Npy,11387.60500703741,18127.616356621085
Npy,11396.303605080519,18131.11227093342
Npy,11406.549962770601,18131.086258790805
Npy,11405.65829742045,18127.874331343653
Npy,11412.08030219445,18140.95145874715
Npy,11414.005462827343,18129.8538537288
Npy,11422.10357038735,18160.005924951693
Npy,11633.61196748605,16669.101118607217
Npy,11611.340792979583,16649.21393956831
Npy,11607.198112855753,16659.31643054163
Npy,11602.246006604628,16661.10257832581
Npy,11607.02917989668,16649.580472775982
Npy,11613.454938973491,16660.14103404975
Npy,11722.530412665361,17623.23607343552
Npy,11759.372614118081,17959.75205764499
Npy,11757.749808842767,17951.83668497762
Npy,11797.228979616175,16870.67748469684
Npy,11811.417501317179,16874.664743403613
Npy,11818.17947947289,18076.877116014162
Npy,11971.65473625051,18249.314516019716
Npy,11977.524252169165,18255.9397591466
Npy,11988.687277253484,17612.34829964592
Npy,11984.496398617033,17606.48159244285
Npy,12260.816632508207,16284.087421284625
Npy,12274.739880016874,16276.79893635245
Npy,12271.481699403706,16292.850090382175
Npy,12269.994515021148,16292.07303050731
Npy,12259.532366974992,16268.728872064086
Npy,12266.142097633208,16288.757984063453
Npy,12262.379077924686,16293.222060946417
Npy,12264.435795689787,16275.641782752195
Npy,12255.120539859305,16293.86446274254
Npy,12503.686095941242,17631.718338881696
Npy,12507.994800633716,15848.98414106104
Npy,12500.559926015634,15866.628707671147
Npy,12518.61559426582,15856.098584903772
Npy,12521.573806719503,15860.173501397434
Npy,12502.022308654603,15866.61973384812
Npy,12515.836904798984,15863.999367702309
Npy,12494.98027042636,15853.929024979127
Npy,12516.598203478425,15857.033660348523
Npy,12501.192246382234,15868.455971712458
Npy,12500.900654202187,15873.070929132518
Npy,12491.399020684545,15859.161353519014
Npy,12514.329247116202,15842.96575303402
Npy,12502.760316640028,15873.805456258497
Npy,12507.116023758417,15864.474834095265
Npy,12514.116726544878,15857.6300652333
Npy,12568.30507661525,17496.23886285049
Npy,12574.66249572954,17517.89238092173
Npy,12568.934596233852,17508.74402100866
Npy,12558.003518990625,17498.25257888154
Npy,12558.503990248073,17511.740041179604
Npy,12552.391014344586,17505.978723906726
Npy,12564.380572078006,17499.33972805118
Npy,12549.618624157041,17495.304868805182
Npy,12580.130051541493,17504.630960371644
Npy,12726.0441483707,17199.30453261646
Npy,12723.93622163806,17195.1594473043
Npy,12753.339940060841,17321.42612798735
Npy,12737.163642641983,17334.682781132906
Npy,12769.613696417342,16753.507634999467
Npy,12773.825704210427,16763.59044612391
Npy,12808.933779821762,16670.837522033344
Npy,12817.853373633006,17322.440270098676
Npy,12813.239010226765,17324.597908851523
Npy,12858.644853028787,16591.30578927536
Npy,12908.097038564536,16446.225265200334
Npy,12895.875812586059,16457.958122128286
Npy,12888.646067782267,16442.430430098713
Npy,12898.911639132597,16460.411817691194
Npy,12898.255390850849,16460.172386785373
Npy,12902.43657984662,16469.386074142156
Npy,12887.889451244082,16460.899462274956
Npy,12903.364980535456,16458.376724149963
Npy,12911.872157124035,16453.034784016847
Npy,12907.850086536684,16459.02485289731
Npy,12899.30159399551,16477.83836912454
Npy,12902.235387014554,16456.544275909313
Npy,12900.143798235134,16450.88096699816
Npy,12902.145204176,16446.238399850758
Npy,12896.219931241965,16471.70012768712
Npy,12896.480826849214,16466.7445490626
Npy,12887.074631720981,16447.214616776157
Npy,12896.191171461503,16448.319568812334
Npy,12890.839104296661,16455.91869649333
Npy,12900.578814179034,16446.31359170038
Npy,12903.629043103825,16460.562510574684
Npy,12896.653559390741,16458.369993609864
Npy,12915.399389159193,16443.64555900591
Npy,12901.682918505781,16458.65213533482
Npy,12910.31597991659,16457.870434842607
Npy,12908.658795077974,16451.47467834815
Npy,12904.99947931115,16461.54100895751
Npy,12900.659211842043,16453.209422653093
Npy,12917.699149194474,17157.125443237583
Npy,12927.05388088335,17148.180162924724
Npy,12965.070479223245,17084.47732489121
Npy,12949.186819917062,17083.71201021256
Npy,12947.007785127233,17071.17037174977
Npy,12953.161780128628,17074.257645090987
Npy,12938.196380501066,17085.31440686213
Npy,12946.564596768083,17077.234309852694
Npy,12961.763084841261,17077.502150487042
Npy,12935.742846699117,17160.230686745977
Npy,13044.607308398156,17134.190289576924
Npy,13124.682590697052,16946.904826779082
Npy,13139.808849732925,16946.869906152842
Npy,13135.575690072947,16946.184393131072
Npy,13140.936991696466,16950.216346580975
Npy,13131.29500412246,16930.62783740473
Npy,13140.785642380435,16964.10745010108
Npy,13111.080340875928,16957.21515715179
Npy,13128.21523012516,16963.23942510293
Npy,13127.183563473292,16960.262086400002
Npy,13109.543603929938,16937.19511114831
Npy,13129.59622332948,16951.438292468618
Npy,13137.292170195891,16948.34732632456
Npy,13183.87021383767,16368.221147926062
Npy,13176.4110409841,16372.909088320332
Npy,13176.478736004387,16367.578604019172
Npy,13194.581391022322,17237.009027939905
Npy,13314.792039972097,16870.49709029966
Npy,13318.560456955229,16877.645963384824
Npy,13321.45271440404,16864.962230546695
Npy,13317.236079261877,16878.88920967514
Npy,13320.222467697227,16862.65176242401
Npy,13354.281619090321,16741.513909451176
Npy,13359.881893568636,16740.71093057573
Npy,13352.438548822085,16744.49776339502
Npy,13347.958728316189,16739.213270170934
Npy,13342.567201590013,16745.21529401839
Npy,13342.057563852877,16744.82701998357
Npy,13341.573034866748,16744.671612875376
Npy,13351.131366057381,16748.76939314913
Npy,13353.525971756071,16737.944155299665
Npy,13353.801799921446,16745.00699705546
Npy,13341.359007258077,16729.404232768316
Npy,13335.099368470479,16738.847804306566
Npy,13351.873873716577,16748.061809082425
Npy,13353.059638834793,16754.50136002484
Npy,13346.529754479718,16746.1966267732
Npy,13345.023914926347,16737.598362565677
Npy,13345.686960894636,16745.72027231375
Npy,13348.04247017808,16739.538224720043
Npy,13376.317389662196,16790.83418772615
Npy,13367.785709776614,16791.18289655267
Npy,13363.115184733308,16799.08449635771
Npy,13383.207341469446,16776.730914014315
Npy,13381.552223377359,16817.54646691556
Npy,13348.626287864265,16797.15146040481
Npy,13381.64607437383,16802.511218606734
Npy,13381.125726768549,16807.057458755527
Npy,13380.885518016743,16805.31545994233
Npy,13392.556474029825,16785.881736231815
Npy,13394.715038607346,16787.507973045806
Npy,13390.04980836206,16785.683102301326
Npy,13385.376313980973,16798.981463876877
Npy,13371.458959642887,16801.432712299713
Npy,13390.638318492069,16810.28307247771
Npy2r,6571.209072990818,15323.896902063418
Npy2r,6986.702925702438,15002.69930181693
Npy2r,6966.484056635082,14147.412073772508
Npy2r,7080.287361434938,13978.663512233625
Npy2r,7237.646907907928,16500.24404610831
Npy2r,7390.407024090087,15413.75018559755
Npy2r,8230.390329829772,16866.184704446187
Npy2r,9150.398301088853,17363.374548238186
Npy2r,10079.833999865721,17710.63585463851
Npy2r,10722.589276296094,17835.706406152796
Npy2r,11678.327725546029,17620.246418392646
Npy2r,11919.075367717589,17566.29850441353
Npy2r,13116.49173371366,16510.163439530694
Npy2r,13130.607024287912,16960.43221511635
Nr4a2,6884.896511110625,14110.800742179537
Nr4a2,7113.816442033706,14987.42754660445
Nr4a2,7137.3277101402555,14314.867266963278
Nr4a2,7170.193994235848,15258.20737337689
Nr4a2,7175.805266334724,16080.199097073206
Nr4a2,9109.834141675172,17461.897818266894
Nr4a2,10409.788059575367,16920.934486515685
Nr4a2,10932.44707341519,18341.789850835456
Nr4a2,12005.737912035846,18215.66320080058
Nr4a2,12271.800791154832,17240.930775281227
Nrn1,6890.424822867825,14733.535169471597
Nrn1,6898.83265581115,14239.77227727434
Nrn1,6909.0178923879375,13944.313872687033
Nrn1,6917.037894366237,14385.16074630078
Nrn1,6914.691424447129,14364.933798187954
Nrn1,6929.178841323177,14360.7041532678
Nrn1,6928.349630044011,14385.60957407332
Nrn1,6926.955882365531,14538.40212874904
Nrn1,6929.2866617431055,14529.131574033898
Nrn1,6908.588054652652,13907.729625494634
Nrn1,6937.748259056177,13913.124207592002
Nrn1,6927.40374290929,13918.27693141604
Nrn1,6944.553552001461,13899.45808306199
Nrn1,6932.136002994784,13915.684143501943
Nrn1,6916.926876570909,13917.596892570005
Nrn1,6946.4570678037335,13756.0120091031
Nrn1,6941.075079410171,14244.549725106943
Nrn1,6975.439237799499,14625.89191956046
Nrn1,6992.310252368234,14642.921442669603
Nrn1,6963.321705119378,13742.948741676148
Nrn1,6964.490148550691,13976.534320358518
Nrn1,6976.843818631563,13977.26017844022
Nrn1,6960.666582474368,13973.903680476502
Nrn1,6971.963191343347,14395.844826672714
Nrn1,6968.501185980958,14404.096064472751
Nrn1,6981.034326533833,14092.53085041493
Nrn1,6967.145754058692,14270.853346563768
Nrn1,6972.986872875144,14818.1759452926
Nrn1,6982.651999082617,14838.340327602755
Nrn1,7003.4253098521685,14967.892755870676
Nrn1,6992.540797821833,13917.757117992298
Nrn1,6981.762467227468,14573.59375496784
Nrn1,7011.438374894724,14830.562941602633
Nrn1,7018.033103024139,13722.477058802066
Nrn1,6999.454772851419,14044.015803805425
Nrn1,7011.499537890141,14054.428357824567
Nrn1,7018.739187306525,14500.114117107836
Nrn1,7038.808894908495,14070.873186937766
Nrn1,7031.673156745313,15062.064837605696
Nrn1,7032.916493143943,15049.843578503866
Nrn1,7042.640641743457,14266.557591819
Nrn1,7034.859597911607,13679.283908573674
Nrn1,7075.5363794922505,14050.887650685214
Nrn1,7078.048989512241,14051.802310608344
Nrn1,7074.675925024716,13914.53454701783
Nrn1,7075.940375667524,14907.296526278637
Nrn1,7061.61018965011,14921.643161099644
Nrn1,7062.966401085381,14231.181460559972
Nrn1,7055.382782457421,14790.276274786243
Nrn1,7039.314130036985,14384.876424135995
Nrn1,7087.8876429143575,14321.825483876904
Nrn1,7080.310169797432,14717.950195866686
Nrn1,7067.820741572222,13909.716173734436
Nrn1,7080.791717170886,14144.502480629822
Nrn1,7071.887983484563,14140.987142144511
Nrn1,7108.839187727037,13879.501294368023
Nrn1,7129.550722602323,14686.77622389858
Nrn1,7128.0467587358335,14691.15806255395
Nrn1,7146.852009328554,13990.886243032088
Nrn1,7125.508648997673,13953.706370788275
Nrn1,7147.996497297024,14900.60323027364
Nrn1,7156.699583137922,14904.540409424648
Nrn1,7167.111151373713,14910.594380029594
Nrn1,7165.837973396002,15124.77837083789
Nrn1,7154.450097936131,14811.29995250705
Nrn1,7165.82533148861,14950.075606063152
Nrn1,7204.742882102373,15040.559475042899
Nrn1,7195.598291029548,14996.443406805278
Nrn1,7185.711263371739,14995.487964029668
Nrn1,7190.987443684401,14991.71152707917
Nrn1,7216.106940146639,14870.132408372629
Nrn1,7208.088262972423,14885.270992919339
Nrn1,7226.213687695562,15005.714320015673
Nrn1,7219.896669422323,15086.84657060211
Nrn1,7242.086461286836,14920.578188586462
Nrn1,7261.541768342896,15082.254584841612
Nrn1,7242.231231030332,15431.726557154447
Nrn1,7267.346435779765,15344.930488716971
Nrn1,7267.912353075549,13898.006669980528
Nrn1,7277.190654913066,13904.237371510457
Nrn1,7285.715990370487,13907.324398322064
Nrn1,7308.543809187914,15490.73702710381
Nrn1,7296.969761679155,15477.471620553582
Nrn1,7295.105029781621,15466.930066085433
Nrn1,7306.391737546147,15423.393659515266
Nrn1,7312.796344723032,15411.78919683811
Nrn1,7325.7907245737015,15571.240204999707
Nrn1,7338.608460882551,15208.226155951963
Nrn1,7340.325684501017,15236.306254738543
Nrn1,7352.000991986001,15561.392200362798
Nrn1,7376.40877274865,15444.83682218987
Nrn1,7388.180424634882,15605.599911923333
Nrn1,7386.215136886922,15578.156775081132
Nrn1,7409.5061345087925,15616.991799167834
Nrn1,7432.6442381131965,15642.850786955594
Nrn1,7425.776846759347,15481.353731788555
Nrn1,7465.361225063309,15792.85171987793
Nrn1,7471.280266900443,15884.451767989503
Nrn1,7454.785504807575,15931.458723091675
Nrn1,7456.909175622303,15921.7815836489
Nrn1,7470.928963288867,15913.120186568858
Nrn1,7486.250462622266,15737.892348944357
Nrn1,7493.480437888131,15731.58303362976
Nrn1,7505.82251297291,15846.04627071365
Nrn1,7512.677498273258,15699.042646768232
Nrn1,7508.942463032515,15607.302643767618
Nrn1,7517.248231766196,15626.513887368294
Nrn1,7524.709862275093,15621.23794055074
Nrn1,7490.308437123928,15643.546496976976
Nrn1,7517.642055722145,15612.191832864719
Nrn1,7527.321572474538,15640.68766167434
Nrn1,7541.778358987879,15962.207619058381
Nrn1,7576.709616669956,15967.997421178774
Nrn1,7572.0754832749835,15857.95183905001
Nrn1,7562.686674471873,15898.153050610543
Nrn1,7561.930177340577,15891.597111399635
Nrn1,7618.978702803082,16013.805832888309
Nrn1,7606.101533861133,15918.60651062515
Nrn1,7660.651231690765,16034.006361536096
Nrn1,7667.40702741337,16013.629344959912
Nrn1,7680.164631908847,16063.71758887419
Nrn1,7688.989866898795,16052.247995368723
Nrn1,7732.595768056111,16110.155610012365
Nrn1,7811.879411453408,16391.245988869978
Nrn1,7823.213202496796,16305.912572831616
Nrn1,7930.495355572484,16444.829129737267
Nrn1,7928.652199148845,16396.70843306531
Nrn1,7931.010564975215,16392.89800989437
Nrn1,7950.744795622239,16526.628423443264
Nrn1,7971.986544729653,16378.250627105994
Nrn1,7974.901309487935,16403.57759667424
Nrn1,8045.773874052233,16534.052885178702
Nrn1,8051.406033595542,16536.321146182698
Nrn1,8035.252949697307,16520.24344121069
Nrn1,8054.121409823495,16540.667485012495
Nrn1,8086.077234734069,16553.518202494404
Nrn1,8135.090464651465,16602.50121571157
Nrn1,8228.199376942828,16867.73170540543
Nrn1,8249.034144069195,16862.75276174977
Nrn1,8222.610343924041,16842.293996650467
Nrn1,8244.022488178343,16730.019030666692
Nrn1,8246.079888974811,16646.844062589895
Nrn1,8284.459012939611,16736.94086808015
Nrn1,8306.307788396876,16883.03053692004
Nrn1,8339.752682209388,16858.290338183546
Nrn1,8345.012882173522,16737.532584484587
Nrn1,8394.38643064084,16738.979189270198
Nrn1,8408.077871867552,16921.16840987947
Nrn1,8419.583089567968,16868.951059879277
Nrn1,8434.195534115823,16759.628944405125
Nrn1,8420.416498451941,16897.500472178624
Nrn1,8434.155822331399,16903.419807816917
Nrn1,8467.58821481077,16975.88568404024
Nrn1,8459.846187501726,16996.79565755508
Nrn1,8461.81166682313,16990.20509358644
Nrn1,8467.458711907913,16710.377346870777
Nrn1,8505.53736718174,16887.415424400475
Nrn1,8494.620936504301,16895.21440567782
Nrn1,8503.302884361414,16945.049435558703
Nrn1,8498.60563839048,16992.1587323763
Nrn1,8501.851239099773,16985.64695321
Nrn1,8543.340857699417,16942.763060895337
Nrn1,8633.433079939514,17011.26146432897
Nrn1,8642.042652688126,17061.49042068013
Nrn1,8667.451702219048,17083.53655017257
Nrn1,8671.747753059582,17081.13287019326
Nrn1,8664.291361766576,17077.779324256742
Nrn1,8671.840004859847,17221.07747071312
Nrn1,8683.816575099596,17000.985251579845
Nrn1,8733.158480539887,17213.290603862883
Nrn1,8733.09851697588,17081.827341525783
Nrn1,8750.575657077206,17120.06188904155
Nrn1,8764.412642319488,17114.51542287136
Nrn1,8739.809132441304,17201.970501468295
Nrn1,8755.962725455714,17160.92705494761
Nrn1,8768.031017529675,17159.923636612537
Nrn1,8818.976732576346,17195.40947045162
Nrn1,8832.644129585446,17276.12628654256
Nrn1,8833.42251903608,17283.798413050514
Nrn1,8837.304983190666,17195.41293465563
Nrn1,8861.883412736384,17242.30680553259
Nrn1,8920.868125002584,17302.95670294736
Nrn1,8890.892190239852,17228.170128639653
Nrn1,9001.373499726456,17380.98974499961
Nrn1,8998.723324073535,17377.08945960985
Nrn1,8996.883847730214,17378.4694982605
Nrn1,8986.735465277812,17447.541042333658
Nrn1,8995.231476026856,17185.108778394828
Nrn1,9015.789388242838,17240.25238916377
Nrn1,9033.24754556101,17251.606086678905
Nrn1,9012.72482552365,17249.93533229545
Nrn1,9025.83455858518,17289.580416136152
Nrn1,9032.625502929413,17323.066448442867
Nrn1,9035.613900714448,17313.851404187506
Nrn1,9029.429585890612,17319.35602479755
Nrn1,9047.518127012505,17386.456956724163
Nrn1,9047.672943346026,17357.72676936764
Nrn1,9046.105079105724,17423.422305185464
Nrn1,9069.341759398303,17433.16115195943
Nrn1,9089.517555277343,17399.831176354382
Nrn1,9088.52174705384,17405.492084570767
Nrn1,9193.873706045148,17398.890885680215
Nrn1,9214.312082224404,17432.959455940567
Nrn1,9234.375604226758,17472.428878696395
Nrn1,9281.534723886029,16604.128034412974
Nrn1,9278.477885032396,17378.832472411224
Nrn1,9285.364795267842,17373.537215404045
Nrn1,9303.869700305342,17397.00223824699
Nrn1,9319.538252127451,17403.148203951725
Nrn1,9339.565866195606,17546.629266525746
Nrn1,9368.709343808203,17378.91998573443
Nrn1,9353.391545766224,17392.171443375508
Nrn1,9438.24199751414,17493.03567007883
Nrn1,9453.128823895144,16900.96524562766
Nrn1,9473.063960420764,16867.940614013773
Nrn1,9477.64142066852,17567.35408759058
Nrn1,9490.904931167237,17575.93164428377
Nrn1,9532.136178601735,17502.82858388243
Nrn1,9543.662481217549,17526.81162881797
Nrn1,9557.519689919323,17538.347193448448
Nrn1,9556.64337157051,17528.987246242825
Nrn1,9556.457826368098,17605.785752607982
Nrn1,9551.090003151616,17594.988072062446
Nrn1,9584.619087480072,17656.88245803701
Nrn1,9563.300179703938,17646.765976714152
Nrn1,9569.222173515283,17647.09368407447
Nrn1,9559.602689980215,17636.46084062833
Nrn1,9628.702109294809,17607.133384539324
Nrn1,9645.279945935355,17657.901819122322
Nrn1,9635.667962986721,17507.914074911412
Nrn1,9660.710525387654,17494.906921634218
Nrn1,9655.787883879768,17506.65518768656
Nrn1,9663.965421351684,17699.034384137347
Nrn1,9711.39878049963,17526.370985149126
Nrn1,9695.700112331411,17527.35407966559
Nrn1,9712.07883999607,17577.233674668158
Nrn1,9704.507483955313,17573.1120157342
Nrn1,9729.363766349888,17701.916654149376
Nrn1,9780.599103592025,17680.98437974433
Nrn1,9877.463407255102,17795.411517902558
Nrn1,9896.853350977288,17782.877625077097
Nrn1,9896.486374320522,17744.205463373535
Nrn1,9914.1235351455,17759.414949885122
Nrn1,9923.848388799426,17763.744800213437
Nrn1,9901.121854646444,17653.529940273318
Nrn1,9937.980682487278,17733.706041027395
Nrn1,9956.040934551109,17666.24045117983
Nrn1,9973.088400405244,17761.458741511906
Nrn1,9953.733265400719,17749.695400822355
Nrn1,9940.034090172576,17763.919343861584
Nrn1,9983.922096483622,17771.71110487932
Nrn1,9995.652752780723,17773.300248889413
Nrn1,9996.992041070813,17760.81680010971
Nrn1,9988.92659519882,17770.855836334824
Nrn1,9981.369599847421,17810.360154569546
Nrn1,10002.813086762775,17678.682023631634
Nrn1,10045.674723104286,17683.250286045477
Nrn1,10048.937349618476,17694.003903330547
Nrn1,10043.309111777364,17687.487790180956
Nrn1,10084.84481540275,17726.278967638897
Nrn1,10074.16936524734,17718.25545669066
Nrn1,10067.533620277753,17731.020285379913
Nrn1,10167.130500528578,17767.190511449895
Nrn1,10230.041670667179,17768.60916897856
Nrn1,10271.530287764483,17807.33987497603
Nrn1,10274.649773345946,17733.000109224868
Nrn1,10282.102805673949,17899.034984031812
Nrn1,10280.816422293863,17874.330137437788
Nrn1,10278.616992221547,17886.56533373125
Nrn1,10324.12684958316,17833.245742378625
Nrn1,10375.530192160977,17924.14810339452
Nrn1,10422.406041904678,17917.271705241114
Nrn1,10403.84581395123,17924.61279135877
Nrn1,10418.421764787967,17924.597116005756
Nrn1,10497.044472176549,17837.26960205654
Nrn1,10539.08851402429,17976.52227905637
Nrn1,10532.134927465147,17984.75905633712
Nrn1,10608.646148763743,17820.87827153745
Nrn1,10570.092434384596,17810.489529748687
Nrn1,10597.117403481969,17818.843213254328
Nrn1,10684.045937584202,17874.296755720363
Nrn1,10771.357162777489,17840.98358402149
Nrn1,10787.200652707377,17829.560546760287
Nrn1,10783.43864442252,17816.84351110167
Nrn1,10818.172325126414,17897.082849093535
Nrn1,10851.402017097063,17886.9508472032
Nrn1,10850.452947410653,17980.814408441114
Nrn1,10877.378024535597,17971.06232594991
Nrn1,10864.952940383333,17981.788243402898
Nrn1,10880.253599826503,17941.303210932223
Nrn1,10866.629633561466,17934.585641681824
Nrn1,10859.114329719021,17950.461129090927
Nrn1,10918.964022154201,17884.24276910646
Nrn1,10923.024956108804,17932.848558124762
Nrn1,11041.01895851177,17902.38551481805
Nrn1,11162.148829625141,17890.070964669627
Nrn1,11180.396977144232,17964.203250022958
Nrn1,11181.688199767419,17962.28874045981
Nrn1,11189.044208394107,17957.161981072855
Nrn1,11238.992151778144,17880.265374792696
Nrn1,11227.560127407001,17885.24074617811
Nrn1,11258.4921607272,17798.537435057795
Nrn1,11238.90398653484,17773.172146701705
Nrn1,11254.595999411953,17784.92559925224
Nrn1,11354.830291106633,18032.101203439484
Nrn1,11344.286495292014,18026.366041860776
Nrn1,11351.715112523309,17770.373101037498
Nrn1,11368.43492464906,17784.32979899017
Nrn1,11487.157800388946,17714.549090011813
Nrn1,11459.998815941626,17707.580663813234
Nrn1,11497.462107795873,17822.47488372688
Nrn1,11499.90505329065,17785.24136321983
Nrn1,11581.636377367526,17580.71759844624
Nrn1,11583.703033857591,17773.926704441736
Nrn1,11620.43845066606,17694.892626118562
Nrn1,11619.515526924462,17690.290424413448
Nrn1,11633.296064071812,17695.93378564963
Nrn1,11671.503291201101,17628.880125131098
Nrn1,11685.865710083131,17617.568815505227
Nrn1,11674.657808336742,17627.531514320515
Nrn1,11697.676986277977,17661.4108700892
Nrn1,11684.945825613227,17666.547640099634
Nrn1,11727.069088527016,17699.95463224271
Nrn1,11709.483312134103,17752.81736857151
Nrn1,11724.81905038896,17621.645306489827
Nrn1,11739.393626409781,17746.670277897665
Nrn1,11761.220747614425,17616.97019891445
Nrn1,11816.03584323604,17646.776863177718
Nrn1,11894.83902869501,17696.328242629133
Nrn1,11903.777129663258,17624.385410319115
Nrn1,11928.489963416892,17629.68200244443
Nrn1,11940.802982898045,17545.170654316164
Nrn1,11935.483720557168,17528.711415514157
Nrn1,11931.927482138597,17572.489469245946
Nrn1,11956.58614158156,17567.44914931737
Nrn1,11937.870492707025,17498.80617708104
Nrn1,12024.061462269621,17549.335079937464
Nrn1,12109.26010895482,17473.19036864938
Nrn1,12146.913740604683,17400.88033650203
Nrn1,12137.942032195742,17388.165342382985
Nrn1,12180.648679903346,17569.47686015379
Nrn1,12199.332353970518,17307.281298233564
Nrn1,12198.344878136022,17360.414689076755
Nrn1,12249.289297094827,17350.185598856733
Nrn1,12252.305467078493,17328.60074725398
Nrn1,12282.932412639428,17338.6950011498
Nrn1,12310.87911716068,17288.997969915807
Nrn1,12379.025221623167,17322.883114317974
Nrn1,12410.577607419686,17154.90227969778
Nrn1,12404.260454764735,17163.153032186692
Nrn1,12417.603035354803,17277.470172627312
Nrn1,12495.853081748026,17150.552199729285
Nrn1,12492.368693130453,17154.095442239242
Nrn1,12524.1355717182,17116.625821368383
Nrn1,12560.19246172099,17055.73121389886
Nrn1,12564.245106456183,17095.350922592846
Nrn1,12602.96308054715,17001.414984977815
Nrn1,12634.058299848906,16875.60278623015
Nrn1,12687.651052466123,17109.06103886998
Nrn1,12770.217878559866,17003.11997474458
Nrn1,12768.268992863586,16769.382632972935
Nrn1,12846.396758434203,16617.43471255397
Nrn1,12838.626200138655,16748.116673972232
Nrn1,12838.085381982602,16764.623226956563
Nrn1,12852.055017999572,16571.850364832284
Nrn1,12846.523433710552,16846.559821843515
Nrn1,12864.762732324953,17192.36415040922
Nrn1,12922.312238456367,16712.781856812166
Nrn1,12962.951043865514,16488.350972685956
Nrn1,12993.583328384682,16674.36304421538
Nrn1,13049.984698910637,16521.977270991865
Nrn1,13023.291324103091,16525.79804447687
Nrn1,13065.436484271935,16393.37841347864
Nrn1,13076.347740408071,16378.506529254293
Nrn1,13074.393833857914,16399.890963156417
Nrn1,13132.411192572092,16386.84761667858
Nrn1,13138.274670861298,16383.034481703975
Nrn1,13116.66631780066,16380.37408497063
Nrn1,13135.283930542828,16429.70233061615
Nrn1,13130.65413146346,16586.377147304494
Nrn1,13128.802120621682,16587.32219630589
Nrn1,13146.400089606457,16913.570161265376
Nrn1,13139.648677666757,16909.31206062043
Nrn1,13165.87040500617,16495.068143615816
Nrn1,13163.229251218552,16477.431670041165
Nrsn1,6390.223571969479,14441.322088530662
Nrsn1,6614.607688043801,14689.571061391694
Nrsn1,6599.744791905871,14422.211808747505
Nrsn1,6661.9467603489675,13784.234049778903
Nrsn1,6793.294410356547,15667.669908538519
Nrsn1,6773.467967579109,15027.042244489821
Nrsn1,6812.717862284016,14114.998711949485
Nrsn1,6813.46656097914,15821.276684155193
Nrsn1,6884.896097838546,14465.059700559405
Nrsn1,6857.963509272049,14457.168886637284
Nrsn1,6880.178590362074,14722.426842271594
Nrsn1,6920.88002382302,13786.397014332071
Nrsn1,6908.908838719197,13778.896800696553
Nrsn1,6969.824655069004,15460.404451431898
Nrsn1,6950.32847808655,15477.944389907665
Nrsn1,6967.485396774173,15467.05440082206
Nrsn1,6965.286645356673,14518.2349594207
Nrsn1,6970.240570728219,14314.471477064237
Nrsn1,6982.981794125968,14732.152100421743
Nrsn1,6976.272569385228,14730.048308624773
Nrsn1,6975.7690836233505,13676.126376898446
Nrsn1,7005.101350836324,13686.919457155465
Nrsn1,6991.055516119797,14243.307851137768
Nrsn1,7023.906503646943,15651.566217104526
Nrsn1,7002.679985516094,15637.867833065435
Nrsn1,7006.475882898128,15650.260871030874
Nrsn1,7030.500841669296,14432.074765876976
Nrsn1,7034.6149534032365,14431.834429981616
Nrsn1,7026.107395534671,14633.424607203448
Nrsn1,7029.1958584163385,14631.884096539075
Nrsn1,7039.311798582868,14577.825811669296
Nrsn1,7051.382950021996,14563.53793096261
Nrsn1,7036.932764261975,14567.980212946246
Nrsn1,7044.641341285429,14083.289865141509
Nrsn1,7042.4460539381325,14275.641917005856
Nrsn1,7068.766460068691,15139.1163476293
Nrsn1,7065.692152289268,13790.787289322714
Nrsn1,7077.197718718592,14327.146055777162
Nrsn1,7058.0522422505055,14345.308259706202
Nrsn1,7095.406589397382,14484.54277110686
Nrsn1,7074.539300606646,14494.390408618197
Nrsn1,7082.841484274909,14478.00186219453
Nrsn1,7084.421951446461,14369.245047860832
Nrsn1,7085.635723189667,16012.42477550044
Nrsn1,7083.155673299118,14826.735685941127
Nrsn1,7106.5686537239935,14814.66414373546
Nrsn1,7088.247418142529,14827.961909401816
Nrsn1,7099.669992767737,13738.742155844237
Nrsn1,7093.046897754888,15136.482556758918
Nrsn1,7095.1924842229,15155.847376928585
Nrsn1,7079.6611453150845,15149.29499380259
Nrsn1,7112.587700375492,14507.078439434088
Nrsn1,7112.6611640064075,13757.036990127417
Nrsn1,7118.547086847553,14681.373048803043
Nrsn1,7117.94657961693,14693.925895975071
Nrsn1,7133.553028850851,14680.758202800582
Nrsn1,7125.3148638233015,15009.741511896733
Nrsn1,7138.947735293929,15741.032308882039
Nrsn1,7131.259508241613,15725.620267888979
Nrsn1,7134.427175987548,14310.171845652529
Nrsn1,7154.54087780296,15249.15337820482
Nrsn1,7158.936867518545,15256.697221938457
Nrsn1,7169.874581157394,15078.009237989212
Nrsn1,7168.416798515288,14856.781882596591
Nrsn1,7177.965218322795,15392.298776732872
Nrsn1,7176.493940276357,15388.586073562481
Nrsn1,7178.0388092090425,14992.27966596872
Nrsn1,7203.635702105604,15013.465931426848
Nrsn1,7187.687904161271,15002.272180313392
Nrsn1,7212.794089655369,14863.655327160925
Nrsn1,7228.5083010705475,15010.794200602473
Nrsn1,7206.630837164738,14680.581232383896
Nrsn1,7251.175013010814,15501.14012095766
Nrsn1,7254.317940549329,15156.950744774666
Nrsn1,7297.435902670038,15225.666029344384
Nrsn1,7332.297943130212,14296.527833155971
Nrsn1,7365.387580325064,15330.600684923065
Nrsn1,7372.725535536405,15326.582568478598
Nrsn1,7368.391831359417,14249.824615497533
Nrsn1,7387.08907310255,15649.424151882631
Nrsn1,7457.8590140875485,15319.011545867485
Nrsn1,7430.349089193929,15322.564740738162
Nrsn1,7463.66279733048,15631.49466509614
Nrsn1,7532.202576632715,15432.0711415278
Nrsn1,7516.8002199147995,15436.95023940712
Nrsn1,7532.2238357258275,15427.286705305434
Nrsn1,7529.219809029141,16015.522536760272
Nrsn1,7573.520536340293,14657.691673752508
Nrsn1,7573.213566999687,16049.049555222056
Nrsn1,7576.497517367531,16051.162623165475
Nrsn1,7578.209240962517,15808.310962624226
Nrsn1,7602.331973703516,14503.245090990516
Nrsn1,7602.756566268102,14510.393194572767
Nrsn1,7593.762689221872,16061.837646930851
Nrsn1,7641.799158547347,16004.102084410166
Nrsn1,7706.242225422107,16172.362826268749
Nrsn1,7779.133094115838,16393.625844145416
Nrsn1,7896.063061993462,16309.515035595112
Nrsn1,8006.841273473114,16471.01454689771
Nrsn1,7994.526098274749,16467.89285709663
Nrsn1,8017.264651641494,16549.005704979172
Nrsn1,8048.69003671651,16403.03110707386
Nrsn1,8086.958972713587,16565.82203054978
Nrsn1,8135.846947291131,16585.601508064527
Nrsn1,8155.399826941901,16585.339766938032
Nrsn1,8186.638512707786,15187.515033619247
Nrsn1,8339.607049375012,16869.175457405505
Nrsn1,8374.945339095455,16885.167885654624
Nrsn1,8401.85970916205,16907.852321618007
Nrsn1,8409.074182087339,16929.020581421002
Nrsn1,8399.884292188814,16935.55989306813
Nrsn1,8402.855979010705,15170.624443569888
Nrsn1,8536.388031345467,17215.328990848626
Nrsn1,8577.720845120592,16943.66587697666
Nrsn1,8575.367035276799,17023.659849803622
Nrsn1,8619.529000143411,17799.28763654972
Nrsn1,8606.269303112642,17085.155006959507
Nrsn1,8682.947117087773,17688.34325424146
Nrsn1,8689.286854254196,17693.87346238536
Nrsn1,8684.102767325861,17000.43713268732
Nrsn1,8696.084251805354,17138.812398724098
Nrsn1,8816.36318096244,17757.874624875865
Nrsn1,8825.703578688557,17757.95958487601
Nrsn1,8832.643765483212,17192.421146035005
Nrsn1,8835.279800388604,17187.03621841784
Nrsn1,8861.030381991774,17780.37546318864
Nrsn1,8868.273206901233,17770.226587497666
Nrsn1,8858.66668064727,17756.83057926736
Nrsn1,8852.861990264866,17774.54397918075
Nrsn1,8850.022681200546,17765.660152322136
Nrsn1,8921.325611745733,16011.822120405614
Nrsn1,8921.004730042945,15858.359430077217
Nrsn1,8955.694875103598,17999.534024635428
Nrsn1,8965.152165707968,17998.625166793852
Nrsn1,8988.842951779108,17224.43030021921
Nrsn1,8989.314884620124,17340.354641002272
Nrsn1,8995.284910139353,17255.282534142367
Nrsn1,8982.848827137253,17428.977268959723
Nrsn1,9062.94904112496,18040.591497227768
Nrsn1,9080.233760467409,18047.14762918748
Nrsn1,9192.766849422389,17462.547028225206
Nrsn1,9276.791600504048,16610.807966719814
Nrsn1,9276.23269172458,16614.436835898006
Nrsn1,9265.980802109452,16616.057370490693
Nrsn1,9255.726519914424,17497.177528286924
Nrsn1,9268.193411382035,17497.064347342945
Nrsn1,9259.250504905993,17495.48881806728
Nrsn1,9426.716064966899,17489.167721762104
Nrsn1,9467.542812348505,17497.84974845916
Nrsn1,9474.502727555164,17497.07610888294
Nrsn1,9478.80689081566,17516.930517321107
Nrsn1,9470.691129269664,17504.15049386543
Nrsn1,9471.786104724897,17502.662923323776
Nrsn1,9486.310174070475,17457.321844465056
Nrsn1,9530.198200345554,16734.72274621464
Nrsn1,9540.068554745829,17495.33723597803
Nrsn1,9598.24394732762,17953.041529087357
Nrsn1,9622.90372037868,17584.013184662243
Nrsn1,9620.749511012804,15952.913540200412
Nrsn1,9620.608004576392,15946.521042027878
Nrsn1,9612.545573082869,15949.10814685544
Nrsn1,9651.864048256593,17566.886027908662
Nrsn1,9676.888508754804,18110.953471393554
Nrsn1,9703.020947843668,18166.677827939227
Nrsn1,9756.97550887672,17643.05541300215
Nrsn1,9840.622600519462,17723.02190653134
Nrsn1,9908.476923072292,18067.40418776018
Nrsn1,9935.268096346059,18062.235672126466
Nrsn1,9929.347916060848,18055.915070887968
Nrsn1,10047.288530093758,17844.554090949303
Nrsn1,10043.936400479834,17852.05365549981
Nrsn1,10033.837108281012,17680.91603183058
Nrsn1,10094.276750484281,17787.44698895857
Nrsn1,10169.536717177409,17712.453228615315
Nrsn1,10200.17366451314,16848.467464617224
Nrsn1,10194.115903327205,16852.909043318912
Nrsn1,10216.974137854015,16857.159936956734
Nrsn1,10203.12522358103,16852.14000689727
Nrsn1,10206.432092655872,16849.02455117383
Nrsn1,10255.642987374486,17832.618542097956
Nrsn1,10244.12871721199,16814.004198044902
Nrsn1,10359.636979118752,17881.017421178472
Nrsn1,10356.951839072502,17868.440413650886
Nrsn1,10377.543940102749,17567.398106673558
Nrsn1,10381.216663779669,17567.02366141762
Nrsn1,10391.482479595788,18033.423649442102
Nrsn1,10431.418879428174,16528.437372775774
Nrsn1,10418.73022035981,16521.861310872213
Nrsn1,10491.094094325415,17060.21393720697
Nrsn1,10496.98894065878,17072.973872041257
Nrsn1,10644.240524751125,17951.48032188572
Nrsn1,10641.088472277943,16586.51517110739
Nrsn1,10677.514872264725,18036.48122015428
Nrsn1,10755.998350887654,16537.62012487394
Nrsn1,10765.740917779609,16525.05755359307
Nrsn1,10835.54759330755,16603.373540974
Nrsn1,10928.290168932333,16967.090263938924
Nrsn1,10944.906158237061,16980.51389400479
Nrsn1,10943.094486790744,16961.697378555556
Nrsn1,10931.071407116515,16969.349305383927
Nrsn1,10928.020211660929,16955.469913517034
Nrsn1,10934.096302040432,17860.756364365607
Nrsn1,11208.403394952853,18215.4598376643
Nrsn1,11218.916142018646,18206.131481171786
Nrsn1,11228.932472995923,18216.3371228911
Nrsn1,11228.515542388817,18202.759109103816
Nrsn1,11232.418786838729,18196.85522420741
Nrsn1,11217.203914584585,17862.885328976634
Nrsn1,11272.27024354783,16931.496746160603
Nrsn1,11280.222020459532,17930.82080640953
Nrsn1,11337.372411124612,16902.824866062365
Nrsn1,11331.337039963748,16914.36233106753
Nrsn1,11334.271503365117,18120.41719029759
Nrsn1,11358.397088271246,17709.432736281233
Nrsn1,11367.122776689304,17713.19493945647
Nrsn1,11374.536576172502,17719.33251259918
Nrsn1,11490.559302473377,17839.430869703854
Nrsn1,11501.640337430998,17868.103791157202
Nrsn1,11489.641467162137,17856.73558355513
Nrsn1,11497.707986140165,17812.918586993343
Nrsn1,11476.137777868498,17774.556678706438
Nrsn1,11590.33432111967,17592.30675481943
Nrsn1,11584.736692650038,17589.617683359415
Nrsn1,11591.147162733821,17690.754040143493
Nrsn1,11808.566310237442,18066.96024850487
Nrsn1,11895.75192134028,17494.423844972265
Nrsn1,11881.57262821704,17487.361153509875
Nrsn1,11899.077815520572,17476.74079552953
Nrsn1,11948.024492735809,18005.90497653767
Nrsn1,11981.03689698152,17616.021932012398
Nrsn1,11978.70828015377,17601.87724065676
Nrsn1,11979.925935343143,17623.605044860935
Nrsn1,11998.834531976581,17570.030013679603
Nrsn1,12018.903175047171,17570.312019150417
Nrsn1,12134.615660903322,17106.982891048472
Nrsn1,12262.116436014712,16295.381300313353
Nrsn1,12282.220386649644,17330.888589659524
Nrsn1,12293.852571336845,17301.988787119433
Nrsn1,12297.85927745255,17299.052294004996
Nrsn1,12289.071781207966,17304.124453968914
Nrsn1,12304.932887866844,16352.238665746152
Nrsn1,12345.64293741622,17191.289738445957
Nrsn1,12350.413227594821,17200.48274595075
Nrsn1,12329.50462011639,17193.11654904868
Nrsn1,12337.00162220126,16367.997267759325
Nrsn1,12325.649318386735,16359.169760119601
Nrsn1,12332.269530934955,16344.916226984735
Nrsn1,12331.986877236895,16359.851783169792
Nrsn1,12473.758944316909,17591.9190880874
Nrsn1,12518.799358467015,17593.957748360812
Nrsn1,12511.615604396371,17597.088394796316
Nrsn1,12511.808196578888,17585.233816218606
Nrsn1,12601.703864127543,17572.434188572824
Nrsn1,12623.837435343263,17548.495206488493
Nrsn1,12634.146088679368,17532.1364826705
Nrsn1,12665.327935217449,16795.025320355548
Nrsn1,12707.455245080397,17190.989665603087
Nrsn1,12699.506482873152,17198.001776689525
Nrsn1,12709.351520521515,17193.269058473514
Nrsn1,12734.567700604739,17313.025882773378
Nrsn1,12775.722973417722,16963.59964436117
Nrsn1,12787.044512842678,16822.509099611783
Nrsn1,12909.068276459071,16756.15664432038
Nrsn1,12916.986334340836,16762.67014913777
Nrsn1,12936.145053752776,17113.42827026957
Nrsn1,12956.058376231025,16655.06150165999
Nrsn1,12945.540594351429,17148.438356730585
Nrsn1,12959.777262197655,17161.664750030526
Nrsn1,13034.220745045297,16396.454559922695
Nrsn1,13029.033542057457,16399.112985735715
Nrsn1,13120.01752438306,16473.433890905555
Nrsn1,13130.504123588118,16955.766119419124
Nrsn1,13174.364151282445,16371.583722123572
Nrsn1,13180.974943183155,16371.640585383659
Nrsn1,13174.355441162683,16362.529879045998
Ntng1,6972.695237189201,14469.553873021392
Ntng1,6988.69475467986,14479.954510869924
Ntng1,7003.600585240573,14345.432231665769
Ntng1,6991.958037028061,13985.22974179463
Ntng1,7012.254871752953,13987.655868705639
Ntng1,7020.8746814874,14748.009870687749
Ntng1,7045.233980124706,14246.603956530933
Ntng1,7084.94310162568,14132.34154713461
Ntng1,7118.882714337529,14649.503166537896
Ntng1,7168.206080637558,15074.884724136771
Ntng1,7215.6622252414545,15155.50986331718
Ntng1,7243.546146774446,15093.556555886737
Ntng1,7258.263372916157,15102.046319559593
Ntng1,7505.334233048419,15877.046574463673
Ntng1,7520.456972168393,15249.69553636616
Ntng1,8657.006933287064,17057.666461353558
Ntng1,8781.00263705198,17118.227965287562
Ntng1,8924.895713856362,17207.360226784112
Ntng1,9190.95554457902,17345.414030943342
Ntng1,9324.708392680235,17210.17317022066
Ntng1,9375.452232341515,18127.822920778755
Ntng1,9695.373835368933,17664.574411263013
Ntng1,9797.233658118968,17765.587968103024
Ntng1,10628.006921825154,17831.942925676325
Ntng1,11323.26800832371,17851.71855039493
Ntng1,12745.061987483869,16003.327188613934
Ntng1,12745.691104414578,16016.39793925231
Ntng1,13044.488690079786,16437.74308494441
Ntng1,13113.497373948645,16456.133802885415
Ntng1,13244.371361358202,16820.794151753813
Pax6,7107.876797176221,14161.650282908788
Pax6,7456.274426784424,15692.483177626915
Pax6,7946.518033232257,16340.61576757358
Pax6,8036.067390995527,16391.80691295359
Pax6,8826.730285284804,17138.50955039695
Pax6,9294.880298865215,17390.25229031786
Pax6,10018.972115142884,17649.435222662483
Pax6,10045.646383420326,18143.023372902764
Pax6,11411.75568311038,18126.02087442743
Pcp4,6218.998725148556,13648.230958671858
Pcp4,6366.220446056018,14449.033314399323
Pcp4,6863.390846606402,14086.514864218072
Pcp4,6837.712725302825,14100.537833041517
Pcp4,6847.801043304426,14095.610394668514
Pcp4,6851.21782945192,14226.54346892738
Pcp4,6842.538467500732,14243.068115904514
Pcp4,6849.284631575776,14236.787000076478
Pcp4,6870.690615061684,14470.317043804223
Pcp4,6862.486896085334,14465.354243434109
Pcp4,6850.358873703916,14474.916342118118
Pcp4,6902.947284597808,13813.93516496824
Pcp4,6888.959390678808,13810.54112481069
Pcp4,6903.5115588279195,13813.280842239077
Pcp4,6895.163368345862,13806.92817365172
Pcp4,6896.512013837966,13812.09788740602
Pcp4,6895.139570433832,13821.098390338459
Pcp4,6894.952228878166,13793.328305833547
Pcp4,6883.493804688334,13795.947922178311
Pcp4,6906.381632199752,13800.123602604015
Pcp4,6898.913011704093,13801.171961358086
Pcp4,6894.910404796249,13800.22454701438
Pcp4,6910.440208027025,14589.602322833764
Pcp4,6916.972032601128,14595.765174049979
Pcp4,6919.786850620873,14596.05520509072
Pcp4,6917.241465337397,14600.626963333376
Pcp4,6905.166591295726,14593.115806916414
Pcp4,6897.832475689044,14598.726293797072
Pcp4,6908.78884924786,14598.865430784423
Pcp4,6916.390054275093,14612.154237059898
Pcp4,6895.164266952687,14591.734998384138
Pcp4,6933.250209423923,14389.04213698141
Pcp4,6933.3830560439055,14361.16938538052
Pcp4,6919.712407073593,14373.593387419856
Pcp4,6935.705072602445,14377.790895241229
Pcp4,6922.3032355356,14376.541328883286
Pcp4,6921.552716065549,14381.610606338685
Pcp4,6912.928006836238,14367.18076729143
Pcp4,6921.281777836327,14363.210489319232
Pcp4,6924.886106293396,14371.050388812657
Pcp4,6936.110115224764,14623.495159899343
Pcp4,6929.215907819575,14636.814928730311
Pcp4,6917.5095106237395,14631.572311799568
Pcp4,6928.884002101279,14641.42745955072
Pcp4,6931.6704399445725,14516.81274770999
Pcp4,6931.031689517768,14242.460194876454
Pcp4,6920.936344675727,14255.334235460046
Pcp4,6933.789486613929,14258.877358699085
Pcp4,6950.398900659562,13985.132646439482
Pcp4,6958.092123550969,13989.574875245466
Pcp4,6941.1887096374,13992.518958119683
Pcp4,6973.123436442796,13982.422017864561
Pcp4,6952.113201250771,13992.63032316289
Pcp4,6964.751395361422,14686.382271124241
Pcp4,6969.402693265657,14572.470653969443
Pcp4,6971.838408484252,14581.770138906593
Pcp4,6963.571789541405,14571.169648606432
Pcp4,6984.126144700782,14570.537340028828
Pcp4,6975.961039363305,14558.263639542221
Pcp4,6980.734559717895,14559.140854336576
Pcp4,6967.711295544653,14571.133885900936
Pcp4,6954.581094034678,14575.787333769096
Pcp4,6969.181320924321,14208.529626692472
Pcp4,6976.563358815933,14275.36574026708
Pcp4,6996.5807768295435,14265.429382947395
Pcp4,6975.671182548625,14883.94476644498
Pcp4,6984.868979608916,14878.452967184836
Pcp4,6986.20705436413,14889.30745126174
Pcp4,6979.073344088115,14872.10547914403
Pcp4,6992.850778453005,14183.490900789073
Pcp4,6978.086562001005,14185.607655132153
Pcp4,6983.819719682901,14190.307355993093
Pcp4,6988.0423005307575,14582.401642044506
Pcp4,6985.894160172782,14570.081971213383
Pcp4,6984.2963242215665,14591.569866323178
Pcp4,7006.380090891429,14568.104526303156
Pcp4,6997.390313237834,14575.453079591885
Pcp4,6992.708803359664,14575.799841658489
Pcp4,6997.489703747669,14565.873311328058
Pcp4,6981.429222820621,14878.7070919966
Pcp4,7014.866314729894,14896.925717123317
Pcp4,6994.077041409295,14877.821044231318
Pcp4,6998.268777114729,14891.848238489332
Pcp4,6983.351078724186,14873.47096176315
Pcp4,6988.835307477816,14383.776918960702
Pcp4,7000.541041494477,14363.636139888686
Pcp4,6991.090758923878,14366.084302875755
Pcp4,7010.826579617423,14538.7887018449
Pcp4,7007.135823123045,14527.787482709891
Pcp4,6999.068838649481,14543.855793579276
Pcp4,7009.252911042463,14536.678491316394
Pcp4,7009.753851693641,14534.144713121492
Pcp4,7012.098005755551,14757.280796405881
Pcp4,7019.9504575352075,14760.98931407549
Pcp4,7006.035299311073,14737.429319100147
Pcp4,7010.405112650035,14761.67968884463
Pcp4,7040.647175464085,14425.98092738104
Pcp4,7030.138198457352,14409.213626789893
Pcp4,7020.4459024661255,14415.246607789966
Pcp4,7029.25898527133,14428.200902823939
Pcp4,7024.165736682061,14427.820094481618
Pcp4,7021.148198553701,14420.574190595706
Pcp4,7018.8435789323585,14439.85590672263
Pcp4,7045.308082829677,14421.757980633674
Pcp4,7032.641457300786,14436.234855848717
Pcp4,7030.293624641906,14429.058906633814
Pcp4,7024.162476175708,14439.12710136214
Pcp4,7026.801333863602,14439.230433029981
Pcp4,7025.7842931013565,14631.725332240581
Pcp4,7034.111747891543,14644.7328844429
Pcp4,7025.171732713106,14628.622371856745
Pcp4,7034.428022837503,14641.989306964046
Pcp4,7018.895155644476,14637.219968084164
Pcp4,7026.9506409328515,14626.205817062275
Pcp4,7036.814267738212,14627.067631503325
Pcp4,7030.422956610394,14630.99814803668
Pcp4,7023.653239314195,14640.505278459083
Pcp4,7040.250114295253,14624.02555188451
Pcp4,7030.507455522197,14634.973916572737
Pcp4,7020.931044552403,14633.825940450526
Pcp4,7040.511653965682,14576.960837702247
Pcp4,7029.276837851161,14570.879040415479
Pcp4,7039.802459116722,14559.957626423837
Pcp4,7033.473999192559,14889.085795777517
Pcp4,7023.30048491603,14882.46643518776
Pcp4,7027.0187771471865,14874.605216269332
Pcp4,7040.041070474816,14745.728074626873
Pcp4,7030.684769562565,14730.925469982856
Pcp4,7030.02505956514,14739.043124959631
Pcp4,7026.853307155695,14739.63355563561
Pcp4,7026.595427359051,14731.487310999177
Pcp4,7040.988003874762,14731.852846037411
Pcp4,7056.260959936813,14745.656898984294
Pcp4,7022.2606670186005,14743.668259917096
Pcp4,7033.015893453376,14740.81553311183
Pcp4,7029.677612567923,14721.80579290763
Pcp4,7031.590557071387,14748.589356495966
Pcp4,7021.5237510451325,15058.57821161915
Pcp4,7063.784170835703,13823.73184158413
Pcp4,7066.507505789672,13829.395472536728
Pcp4,7053.443960325618,13840.177530797746
Pcp4,7059.790466930233,13819.574322835162
Pcp4,7050.965464579693,13845.44258178418
Pcp4,7055.757157128435,13856.503392027753
Pcp4,7072.03937120796,14057.183875882753
Pcp4,7059.006966083286,14038.411031244936
Pcp4,7064.659821990467,14058.653168814255
Pcp4,7059.510037561753,14060.770049270193
Pcp4,7061.675260320309,14052.701457191853
Pcp4,7045.355356086813,14056.059905042866
Pcp4,7036.174650782282,14290.287893792502
Pcp4,7054.29585980127,14294.343432315447
Pcp4,7048.327049849985,14286.465009942374
Pcp4,7046.755563973705,14277.247868074202
Pcp4,7032.106853828707,14755.410838449925
Pcp4,7061.680023538059,14769.460453344933
Pcp4,7063.780259929084,14761.713090886093
Pcp4,7081.209342041921,14707.038695193289
Pcp4,7068.764719733649,14704.194071013195
Pcp4,7061.3184709774805,14724.27682572062
Pcp4,7065.885168025438,14719.667532080904
Pcp4,7068.890038502963,14721.1637649788
Pcp4,7061.828200435344,14699.929735595815
Pcp4,7089.7796623475515,14860.87757341495
Pcp4,7061.347164215081,14815.944087847653
Pcp4,7069.303817762488,14819.201160087285
Pcp4,7084.609899929935,14822.781192684552
Pcp4,7087.890862522299,14839.390090627476
Pcp4,7111.084421378639,14815.563791775132
Pcp4,7107.391660947636,14665.069333316605
Pcp4,7120.519843039559,14627.734762134623
Pcp4,7104.9167653741515,14180.173673980504
Pcp4,7121.852312441294,14693.252176805445
Pcp4,7134.373404656783,14678.882313512315
Pcp4,7134.452917520501,15121.320188084654
Pcp4,7116.137702292814,15122.597018392275
Pcp4,7127.546603422721,13862.073029236299
Pcp4,7130.093480468588,13840.774310095096
Pcp4,7138.646937674166,13847.579852483212
Pcp4,7148.562649874221,13850.383724976302
Pcp4,7130.040246375032,13854.058107510244
Pcp4,7137.351936401325,13870.97611311223
Pcp4,7143.619697973036,13873.84561615839
Pcp4,7140.250078756461,14673.47254712946
Pcp4,7129.04621050708,14676.506247862682
Pcp4,7131.650531186543,14665.163796506995
Pcp4,7127.934169494136,14674.365471280798
Pcp4,7135.520731790724,14665.007708172963
Pcp4,7123.2398387094,14664.740723684878
Pcp4,7123.069049703388,14661.065299394295
Pcp4,7129.862276522545,14657.080908756643
Pcp4,7135.029251695625,14663.297366925739
Pcp4,7160.75041425164,15164.282015711511
Pcp4,7158.138979039543,15180.65545381654
Pcp4,7163.484459618317,15177.337609446542
Pcp4,7157.291825043941,15185.718185614518
Pcp4,7148.448808033441,15179.087615547496
Pcp4,7140.901906172726,15037.169119944834
Pcp4,7150.505418199101,14856.956262789523
Pcp4,7179.439036982238,15343.7751631734
Pcp4,7176.232058854579,15356.45466123344
Pcp4,7159.401611896571,15358.966739376796
Pcp4,7163.125557479482,14752.782530510922
Pcp4,7158.673486045983,14757.829710618142
Pcp4,7174.424794287092,14837.101842310267
Pcp4,7180.858050101737,14834.147727174324
Pcp4,7180.905512054519,14852.060920890506
Pcp4,7159.3019300975075,14834.995894662006
Pcp4,7192.219179345559,14824.137239779348
Pcp4,7193.563572753808,14815.113053508207
Pcp4,7193.345733312427,14819.595386210513
Pcp4,7185.77416622493,14822.854404067433
Pcp4,7192.663409852855,14832.016112237858
Pcp4,7204.49773336357,14815.949780415118
Pcp4,7195.915958205338,14812.409344162343
Pcp4,7193.639334869903,14807.844271489168
Pcp4,7185.286059713769,14827.614440858311
Pcp4,7190.489582159093,14809.065451302751
Pcp4,7199.538889532869,14815.266421530978
Pcp4,7194.16417893986,14828.554046707477
Pcp4,7176.024551163364,14804.52478420102
Pcp4,7182.21764624882,14813.794204279293
Pcp4,7175.4791678335,15436.619331626931
Pcp4,7182.418561588924,15427.426041542916
Pcp4,7212.037513041947,15474.391544282422
Pcp4,7191.910710337111,15448.399358725597
Pcp4,7188.067419985253,15462.258650244223
Pcp4,7199.822632594589,15460.205320298317
Pcp4,7197.904264280121,15460.23149177652
Pcp4,7203.300545042872,15444.753853796838
Pcp4,7195.802278028999,15459.84030199008
Pcp4,7189.186128743621,15455.941311455092
Pcp4,7171.595637852816,15477.936371658046
Pcp4,7179.38362656733,15477.917074972225
Pcp4,7198.69330456958,15464.485756490789
Pcp4,7196.803675023527,15461.490530806466
Pcp4,7201.2903494325565,15469.842154979287
Pcp4,7193.056960039885,15463.984966411012
Pcp4,7195.024307027516,14514.60685685139
Pcp4,7212.236580082311,15003.494313688036
Pcp4,7201.850657280813,14833.838517867167
Pcp4,7194.62502253703,14857.739520335681
Pcp4,7213.05616427961,14836.082480624296
Pcp4,7205.94769921241,14836.108212860354
Pcp4,7219.228036661455,14839.649575471862
Pcp4,7205.136890469289,14845.650386513447
Pcp4,7190.243635695063,14926.621133329907
Pcp4,7208.430159028367,14909.837132465153
Pcp4,7183.121473845866,14934.318956886978
Pcp4,7228.708089992196,14904.63565581017
Pcp4,7206.7569167326465,14890.478176430992
Pcp4,7218.767968020878,14905.548117139508
Pcp4,7211.549403217531,14898.140279392317
Pcp4,7210.7628520856,14906.017667835273
Pcp4,7206.938632159906,14886.815730005004
Pcp4,7223.183830191837,14903.479315349037
Pcp4,7228.14573854984,15323.931974013614
Pcp4,7220.402023038097,15326.761017420864
Pcp4,7224.016696391625,15343.556100936448
Pcp4,7204.393824761271,15308.854864113911
Pcp4,7222.0938015419615,15317.131765334236
Pcp4,7209.154323291093,15326.111971672368
Pcp4,7257.441723394267,15518.560781633392
Pcp4,7249.779589432338,15524.29403430908
Pcp4,7245.008241870087,15508.077374892617
Pcp4,7248.692912576171,15496.583281969723
Pcp4,7244.116364997121,15516.769329073712
Pcp4,7256.835147858588,15516.787912921602
Pcp4,7250.5225123939,15510.439497608706
Pcp4,7247.192766935285,15520.424618346053
Pcp4,7247.479692001636,15506.543298634193
Pcp4,7249.635241951971,15525.754300363504
Pcp4,7253.568232276155,15495.711270726986
Pcp4,7232.57199667968,15469.847453377995
Pcp4,7339.208477914631,15052.704260426794
Pcp4,7349.065461481426,15457.236151245621
Pcp4,7365.849362196618,15318.267392855403
Pcp4,7366.669595878025,15319.077476546197
Pcp4,7361.517004330624,15361.929637541654
Pcp4,7371.898262220436,15334.178261859757
Pcp4,7416.843560149364,15299.712965073471
Pcp4,7449.527410385184,15633.142881760963
Pcp4,7476.542142157661,15676.427174123244
Pcp4,7484.634050636903,15869.776189930519
Pcp4,7505.122718133131,15885.563416093308
Pcp4,7515.7833600870035,15878.15033275895
Pcp4,7561.628980049388,15797.292282053566
Pcp4,7610.861178557849,15035.036776928246
Pcp4,7618.0139111144,16022.327152464393
Pcp4,7617.700670286351,16030.469357392798
Pcp4,7634.690215813736,16024.051817388345
Pcp4,7863.340601521549,16388.310560604903
Pcp4,7892.0308824218055,16412.462360773694
Pcp4,7972.604699894912,16898.112605780803
Pcp4,8209.774895502724,15072.878789666427
Pcp4,8235.300895311297,16634.542563086117
Pcp4,8279.252793134085,16736.387180877227
Pcp4,8288.816165618065,16827.913265232095
Pcp4,8272.211670402614,16833.02618471974
Pcp4,8282.342592938585,16826.1543244899
Pcp4,8290.044186777683,16819.555422891626
Pcp4,8282.662413806574,16831.639243298225
Pcp4,8283.41139599407,16819.82998583484
Pcp4,8269.603208855146,16831.202044552854
Pcp4,8293.29397294156,16840.575027757935
Pcp4,8519.692585745564,15137.419030033829
Pcp4,8667.479671893509,15476.156049233581
Pcp4,8700.949635983929,17647.74949328033
Pcp4,8764.036689183586,17425.009707035388
Pcp4,8748.381134384965,17423.540691078448
Pcp4,8757.004029448908,17423.962190334452
Pcp4,8807.417727783137,15513.603036747056
Pcp4,8782.336668152913,15509.537901260039
Pcp4,8788.371159874237,15530.76516313676
Pcp4,9297.852888168976,17488.9717711253
Pcp4,9587.248110081378,17617.678201598683
Pcp4,9566.221995646449,17607.22895140803
Pcp4,9618.112030202195,17580.54148750541
Pcp4,9603.790502215943,17574.022393432475
Pcp4,9612.936229516059,17566.347352435445
Pcp4,9736.1563367941,16151.618663690113
Pcp4,9739.96695119954,16152.71230612303
Pcp4,9722.763452042971,16167.881585321826
Pcp4,9779.08990861612,18228.241910775043
Pcp4,9795.540696689126,18197.397379057515
Pcp4,9815.607303056424,17760.409510164154
Pcp4,9813.861263992652,17771.81486832076
Pcp4,9790.550094551709,17773.149662040512
Pcp4,9820.541557158402,17775.380337497732
Pcp4,9799.16961493665,17764.317929718814
Pcp4,9805.833008270976,17773.74262827786
Pcp4,9868.919231068887,17772.754129491826
Pcp4,9852.799869117554,17773.07039201015
Pcp4,9905.056927209502,17598.262280889125
Pcp4,9971.318860376827,17671.21677419831
Pcp4,9978.169545062621,16457.06869479484
Pcp4,10078.186089596138,17681.81916629448
Pcp4,10094.762328812574,17689.03840455769
Pcp4,10096.48575308429,17682.098004588264
Pcp4,10080.044315592073,17682.358703240563
Pcp4,10071.005751262532,17684.3070581175
Pcp4,10092.396714028284,17663.98786748598
Pcp4,10084.57704756374,17681.030078738808
Pcp4,10092.907310972172,17683.68172435973
Pcp4,10093.43334380089,17671.07182922678
Pcp4,10212.428416352817,17317.098021448477
Pcp4,10275.669934422858,17813.63673578026
Pcp4,10382.894427166684,17833.0051373977
Pcp4,10370.559126491486,17821.12138874884
Pcp4,10396.170109375515,17834.763301422154
Pcp4,10611.281284557272,17876.07886233674
Pcp4,10905.96671983554,18188.364726842938
Pcp4,11098.58669741464,16879.30038882023
Pcp4,11197.571095285191,17877.837003593817
Pcp4,11223.01078471554,17954.67291916569
Pcp4,11228.810200008515,17928.925302704036
Pcp4,11217.644150336257,17938.45811222619
Pcp4,11222.992839430119,17932.878129572502
Pcp4,11215.574921878762,17935.721825813693
Pcp4,11217.306846772617,17942.40734433433
Pcp4,11277.452226672593,17802.521672998977
Pcp4,11359.20177858078,18040.2109088027
Pcp4,11347.151588958834,18039.308161100987
Pcp4,11393.85332938969,18153.25671657889
Pcp4,11422.886701598933,17686.106866193608
Pcp4,11401.902125804798,17693.878354196415
Pcp4,11413.196037575364,17687.431310045547
Pcp4,11591.640897804,17808.40648763199
Pcp4,11600.123813477472,17802.870043605362
Pcp4,11601.506003353585,17807.48240101058
Pcp4,11607.306628696606,17804.250811336027
Pcp4,11597.68602659363,17816.55460051494
Pcp4,11607.968018584199,17792.721501836197
Pcp4,11600.927527712074,17800.577670229995
Pcp4,11619.94887960629,17797.002229077007
Pcp4,11656.813173586388,16783.886277168855
Pcp4,11653.483145073093,17695.84897647366
Pcp4,11702.14928776139,17587.8233440237
Pcp4,11695.285745375557,17590.297770434987
Pcp4,11834.580611264591,17723.938555514007
Pcp4,11835.827396907163,17722.207834116176
Pcp4,11836.418550554614,17726.58190717161
Pcp4,11837.796770954106,17745.20397391519
Pcp4,12057.970195561504,17596.259102791028
Pcp4,12037.618681096665,17597.275827301284
Pcp4,12052.073112972022,17598.88267516511
Pcp4,12049.823200278153,17590.04886541414
Pcp4,12044.431343453014,17597.156096946615
Pcp4,12044.933036339165,17582.87281573007
Pcp4,12029.787850985742,17593.592123015464
Pcp4,12053.171188904427,17590.93879264293
Pcp4,12045.15392325407,17594.41572918932
Pcp4,12091.602440736344,17385.27308320858
Pcp4,12112.046109128594,17377.642985181592
Pcp4,12107.900914759182,17382.701277883105
Pcp4,12107.426163216594,17380.928299853786
Pcp4,12092.521287752892,17379.02080629848
Pcp4,12109.1347193037,17383.55844696426
Pcp4,12109.205843133444,17621.411220455713
Pcp4,12140.626229094842,17489.044030148474
Pcp4,12143.24388701813,17495.868641685876
Pcp4,12232.770319630303,17328.096438994933
Pcp4,12240.507990003945,17349.160128720472
Pcp4,12238.80703762069,17341.219644524077
Pcp4,12252.905990614656,17239.316340701578
Pcp4,12279.79217593111,17257.727892651226
Pcp4,12319.414060127297,17716.75393761624
Pcp4,12286.759358389916,17711.623453169643
Pcp4,12408.783529729502,17702.535577584502
Pcp4,12393.463603042477,17694.747612605417
Pcp4,12403.554873332636,17695.530597002144
Pcp4,12403.478401992516,17707.868511099867
Pcp4,12414.08923036303,17705.975585309134
Pcp4,12408.903679659878,17706.951281544592
Pcp4,12399.237814741675,17706.028442100698
Pcp4,12403.03802196522,17689.38174292325
Pcp4,12414.070166941285,17701.675101722387
Pcp4,12413.871871542646,17706.974652433673
Pcp4,12407.359241884158,17714.10397942504
Pcp4,12419.787843752252,17679.351898268564
Pcp4,12394.336587123798,17693.3552963801
Pcp4,12402.729851558117,17693.396295062215
Pcp4,12406.379622907394,17700.604457400004
Pcp4,12406.676569363754,17693.981313416443
Pcp4,12421.854657698534,17695.59156808502
Pcp4,12408.785457336206,17702.975426334986
Pcp4,12383.160791335567,17696.414099589587
Pcp4,12412.53759027143,17695.469736343322
Pcp4,12388.62823455005,17708.704711731145
Pcp4,12398.018701760271,17685.815715579913
Pcp4,12603.816072157835,16303.084670211516
Pcp4,12717.492144604646,17392.4887807519
Pcp4,12696.961208737654,17397.072692493606
Pcp4,12716.502988486664,17406.90003543974
Pcp4,12701.988851895401,17402.538995727587
Pcp4,12709.864147952676,17387.91590249624
Pcp4,12688.652298123116,17399.288313828052
Pcp4,12697.060206687034,17397.026657986036
Pcp4,12700.54001875396,17412.392242339087
Pcp4,12698.606256876938,17399.4445697577
Pcp4,12692.835383980817,17401.435039090175
Pcp4,12714.461429983623,17211.75179336433
Pcp4,12762.840433557296,17290.784155087396
Pcp4,12772.473019568635,17321.41730618024
Pcp4,12752.8349728397,17297.239367778548
Pcp4,12758.19506312363,17310.47674704274
Pcp4,12763.257927264885,17306.76872279881
Pcp4,12763.885678336572,17371.454128785917
Pcp4,12769.124064129826,17371.8954381102
Pcp4,12742.056554873046,17367.316651563717
Pcp4,12750.97890554726,17366.595336407994
Pcp4,12761.72767138107,17355.578612144534
Pcp4,12773.992422552083,17357.644641345138
Pcp4,12868.619356289226,17199.0057868302
Pcp4,12851.489122623098,17200.425258203195
Pcp4,12856.998226118847,17203.623985990245
Pcp4,12867.802192678024,17185.810812012984
Pcp4,12853.881601994632,17195.384274617325
Pcp4,12862.289215764145,17190.390941717076
Pcp4,12860.126516682145,17183.691221556775
Pcp4,12861.798715990846,17196.68360671627
Pcp4,12868.135128689422,17193.57143075281
Pcp4,12861.34699438733,17192.782347000153
Pcp4,12862.66694212352,17195.560988172518
Pcp4,12869.941343131915,17186.498485947417
Pcp4,12860.675283909668,17190.968102256014
Pcp4,12997.712159335586,16818.37188339248
Pcp4,13017.10421798555,16557.563970879633
Pcp4,13109.149786664431,16968.56137356123
Pcp4,13106.142479932047,16968.728902690644
Pcp4,13098.601427511427,16964.066380746408
Pcp4,13140.167826232202,16904.635992079075
Pcp4,13140.943154757051,16895.73761201154
Pcp4,13166.339707274587,16884.986535812073
Pcp4,13162.616605846428,16892.201581381258
Pcp4,13145.325306013181,16904.217038200837
Pcp4,13153.915700597092,16899.40413526401
Pcp4,13192.374041999936,16863.11262889312
Pcp4,13195.469214520534,16867.445736457892
Pcp4,13253.396627188962,16822.571180247443
Pcp4,13240.49657168392,16818.389846478854
Pcp4,13229.553331430443,16839.424207852124
Pcp4,13315.53778415818,16813.31717454195
Pcp4,13318.295306196245,16828.412314572975
Pcp4,13301.961769937456,16804.12750338249
Pcp4,13308.465727774448,16825.138103996596
Pcp4,13313.699242635857,16814.1324465576
Pcp4,13310.787490699866,16811.253674083644
Pcp4,13305.07955514048,16818.45592773138
Pcp4,13293.697555490426,16821.64627693135
Pcp4,13313.063462961338,16798.424305519493
Pcp4,13312.76225580353,16808.726273150925
Pcp4,13312.018161800699,16805.984963036004
Pcp4,13304.45047111753,16819.583608391556
Pcp4,13314.22784965993,16808.6624680071
Pcp4,13321.660097034079,16808.005040283686
Pde1a,6851.368895860952,14085.927610511386
Pde1a,6855.86389153086,14236.33521613365
Pde1a,6859.182516167326,14251.202205417534
Pde1a,6857.118755295236,14399.38660406429
Pde1a,6879.531323103766,14402.631060571066
Pde1a,6878.604368117964,14410.555053549217
Pde1a,6892.24715002269,14109.281430752939
Pde1a,6881.816045899419,14118.078137092323
Pde1a,6896.069835094616,14121.8398403515
Pde1a,6897.539842444529,14218.410145881222
Pde1a,6894.088292844391,14311.153239621803
Pde1a,6895.045395899827,14316.034433625402
Pde1a,6892.289103505339,14315.661328150944
Pde1a,6895.969616129886,14583.84328044935
Pde1a,6902.664376519575,14524.60346510962
Pde1a,6909.890731054536,14676.670345463252
Pde1a,6929.538792667055,13983.164864887896
Pde1a,6916.815256181243,14816.721845271493
Pde1a,6928.843306896307,14811.923199968112
Pde1a,6909.344474323651,14832.523658559734
Pde1a,6937.81865375354,14647.018768256374
Pde1a,6926.893407093905,14615.580475799828
Pde1a,6910.114381912761,14621.425872471187
Pde1a,6930.412881578878,14622.349537777578
Pde1a,6918.847006093935,14576.830430873864
Pde1a,6920.575068790789,14579.492642656845
Pde1a,6948.682497971485,14521.43918537226
Pde1a,6927.717940209562,14518.29228720307
Pde1a,6927.367511600651,14245.730322913267
Pde1a,6938.1051858337805,14236.476569973123
Pde1a,6940.826742424646,13760.551289976771
Pde1a,6936.202228319742,14156.028603323175
Pde1a,6961.565592844613,14028.960802728028
Pde1a,6965.446036205993,14046.087995741857
Pde1a,6954.028268588709,14032.700675610282
Pde1a,6939.650108112829,14234.807570317189
Pde1a,6976.445027403474,14692.503796689249
Pde1a,6973.579778310153,14668.291241209054
Pde1a,6974.351075466586,14880.425538449948
Pde1a,6968.762147650225,14873.510313936169
Pde1a,6969.807327247094,13848.31700275016
Pde1a,6962.2900283961,14410.35612996058
Pde1a,6973.582762152067,14265.952300201743
Pde1a,6973.707899438947,14273.25142009915
Pde1a,6993.796726917956,14275.518860285707
Pde1a,6963.747498991453,14279.147666850984
Pde1a,6994.177879271489,14279.908062888577
Pde1a,6985.133290997355,14284.185160186486
Pde1a,6957.166844061779,14275.519529203217
Pde1a,6981.626434841073,14278.615979309838
Pde1a,6990.303262657675,14290.649400429278
Pde1a,6986.330805778691,14272.710133673432
Pde1a,6979.88799279223,14283.783720345351
Pde1a,6986.061890682346,14278.54144278403
Pde1a,6980.258149866981,14263.802901872346
Pde1a,7003.477360836831,14277.29236107319
Pde1a,6979.841954551728,14266.786676932677
Pde1a,6968.327465099469,14256.165235321883
Pde1a,6987.876597926223,14262.670010758377
Pde1a,6988.247691043656,14272.751478245771
Pde1a,6997.372026151252,14823.486082875019
Pde1a,6980.6082692942255,14850.248425402146
Pde1a,6988.689591994868,14851.67295764221
Pde1a,6993.784690141782,14968.395740301537
Pde1a,6992.807993688325,14954.969555198504
Pde1a,6979.018863463514,14551.209589064736
Pde1a,7004.6447093481875,13681.090080798578
Pde1a,6995.17290083905,13671.162487113623
Pde1a,6985.8205450043115,14446.297130263843
Pde1a,6975.536896453156,14356.793077277196
Pde1a,6989.420887883604,14358.369461591568
Pde1a,6988.272357983214,14360.880402877554
Pde1a,6991.30975562684,14365.954119709455
Pde1a,7017.084279310221,14369.839634334094
Pde1a,6998.0656789339555,13993.79125011053
Pde1a,7003.484440372279,13998.9409898956
Pde1a,7003.793572761755,14001.64785656927
Pde1a,7015.247863182343,13997.424442209936
Pde1a,7011.947615881333,13710.513121664333
Pde1a,7007.557371857503,13702.920726928744
Pde1a,7009.8077291516,13710.326659234155
Pde1a,7015.072684499022,13713.112063116816
Pde1a,7015.412243966106,14540.957026961192
Pde1a,7018.724503568764,14319.553221517135
Pde1a,7018.56567012196,14512.495057110895
Pde1a,7025.834444633985,14632.558295011107
Pde1a,7037.448896737949,14638.38645725209
Pde1a,7020.500058162719,13869.606006157803
Pde1a,7035.116676663034,14076.444937448994
Pde1a,7030.059876984291,14059.159781321981
Pde1a,7041.9432126547645,14271.991454051507
Pde1a,7031.566949461971,14767.31599164744
Pde1a,7054.573985145707,13689.024662836482
Pde1a,7051.760879639634,14890.562038164946
Pde1a,7063.17819219065,13834.88313787944
Pde1a,7056.286229799213,13832.059661560987
Pde1a,7064.770047453746,14185.26801434907
Pde1a,7075.278427385578,13732.927194280412
Pde1a,7063.508530775048,13740.268086249816
Pde1a,7051.499147316289,14043.844688087585
Pde1a,7051.345829069215,14279.936299250541
Pde1a,7044.310906994154,14918.556525085954
Pde1a,7072.641363442111,14923.924835863527
Pde1a,7035.195189960392,14925.652974368875
Pde1a,7057.7427234634715,14465.47188849096
Pde1a,7053.823705162804,14468.696549933293
Pde1a,7061.75219728035,14485.585352450584
Pde1a,7054.194171677864,14476.11357694735
Pde1a,7048.352111731087,14474.76168283311
Pde1a,7048.050339696253,14475.620501805195
Pde1a,7056.397295625738,14463.235099506937
Pde1a,7066.038171428089,14458.005335672322
Pde1a,7051.290978066824,14786.0654152928
Pde1a,7092.0026330874925,14417.505748541764
Pde1a,7093.426931141917,14412.973565751137
Pde1a,7062.157859573316,14404.13368728732
Pde1a,7090.968704111305,14718.841448785943
Pde1a,7068.946705092774,14730.801324645388
Pde1a,7083.3014199940335,13981.168592481015
Pde1a,7079.024342259139,13960.56075055204
Pde1a,7073.860603125685,13920.87014895922
Pde1a,7073.948542644075,13930.259289195357
Pde1a,7073.345800146621,13942.958436356812
Pde1a,7072.582642476592,14149.742979888684
Pde1a,7089.8021454859645,14121.15524706065
Pde1a,7077.5163172358625,14137.034310501895
Pde1a,7079.579941041729,14126.983613383332
Pde1a,7073.389610145337,14933.641360937872
Pde1a,7092.579991641209,14643.82525161074
Pde1a,7094.562320774017,14647.091359498154
Pde1a,7095.495330964294,14648.970984165242
Pde1a,7110.005362238796,14193.79002783999
Pde1a,7085.499167379956,14182.856253048856
Pde1a,7081.291482596659,13867.956215484328
Pde1a,7116.794562516069,13807.786935309248
Pde1a,7106.3489089997465,14778.419445220867
Pde1a,7105.7218735250135,14416.392055879114
Pde1a,7101.653796379134,14404.095593644452
Pde1a,7108.390138652324,14810.753734713644
Pde1a,7099.109521163865,14807.799060392359
Pde1a,7094.376960366541,14826.89565379186
Pde1a,7127.236753120112,13755.77665226098
Pde1a,7104.148180135572,13759.942514127275
Pde1a,7086.3470833978245,13771.322757543996
Pde1a,7119.302703209125,14939.092383014568
Pde1a,7126.233783556344,15125.594184348964
Pde1a,7120.7848496246215,15049.618381654385
Pde1a,7128.592093262171,15048.204824676708
Pde1a,7118.698889958115,15049.633637501704
Pde1a,7125.064025444013,13869.972374928422
Pde1a,7127.435057414668,15082.3957582213
Pde1a,7119.536886927164,14659.965606062178
Pde1a,7143.592700847471,13994.373497858101
Pde1a,7145.821637750181,14314.983085928625
Pde1a,7171.144194996585,14723.752266224574
Pde1a,7147.143685665352,14713.251598700577
Pde1a,7181.365835040642,14721.384484443694
Pde1a,7155.888251474805,15034.398528836697
Pde1a,7147.1526105348785,15028.960965135955
Pde1a,7157.609654120838,15357.525337818366
Pde1a,7152.937668431983,15356.546866465385
Pde1a,7187.949459809688,14772.858790173226
Pde1a,7193.430796005855,14977.676971480483
Pde1a,7199.108841324191,13824.15613438257
Pde1a,7186.219605440814,14512.211885645123
Pde1a,7192.89536906695,14512.06793732664
Pde1a,7192.323803149345,14495.512372639647
Pde1a,7200.755980060053,15006.734113255492
Pde1a,7199.174179845102,15016.412490953655
Pde1a,7219.041160501979,15195.626476851608
Pde1a,7194.124025473426,14935.333088277826
Pde1a,7212.094203659442,14928.28118663898
Pde1a,7190.19556709425,14934.871791664913
Pde1a,7246.140174516842,14923.643662640668
Pde1a,7258.035673954362,14910.124215753833
Pde1a,7256.805016022837,14911.790053819415
Pde1a,7254.608003148137,14933.930203892425
Pde1a,7255.997659550314,15086.914038378829
Pde1a,7271.505640302164,15096.6998018243
Pde1a,7258.704367609327,15085.473378148727
Pde1a,7244.524348059375,15083.662187486736
Pde1a,7258.169947107905,15106.452720244466
Pde1a,7273.434759033626,15099.409399809301
Pde1a,7248.921424920898,15090.7505716046
Pde1a,7253.73279691029,15115.078883573642
Pde1a,7242.475718160222,15225.655812502604
Pde1a,7239.65231238947,15034.597582812572
Pde1a,7254.1479527990805,15051.687668446544
Pde1a,7249.495938027867,15029.109327816499
Pde1a,7254.65511554099,15034.32374671664
Pde1a,7248.08801701491,15046.082707195688
Pde1a,7286.051958015776,15226.60447627794
Pde1a,7285.041371972147,15429.754496145222
Pde1a,7333.4905234416,15503.79187044086
Pde1a,7326.8977683071,15409.8085534656
Pde1a,7332.276292126326,15375.444486404722
Pde1a,7329.572398583676,15378.483598781135
Pde1a,7349.939014966838,15375.853205984795
Pde1a,7343.430087764129,15374.290670323948
Pde1a,7364.959558122886,15669.822111846142
Pde1a,7379.924564147529,15505.475059197355
Pde1a,7380.542306021215,15777.59804111863
Pde1a,7363.820326978635,15765.6520817138
Pde1a,7360.2863346887225,15773.994103843952
Pde1a,7366.842578295782,15759.663716470615
Pde1a,7352.76797704541,15750.965040596708
Pde1a,7374.277130007947,15757.940954890313
Pde1a,7364.512543126477,14824.79167019407
Pde1a,7377.806465342221,15263.448461038402
Pde1a,7361.668432372988,15270.560002944905
Pde1a,7387.177696153475,15259.426537158271
Pde1a,7342.149685608297,15353.0405736443
Pde1a,7364.80591452288,15343.941714007682
Pde1a,7366.461811825624,15339.91488299291
Pde1a,7393.137756140142,15812.778127416832
Pde1a,7386.945119271095,15485.790139578909
Pde1a,7425.702395854361,15749.186399811031
Pde1a,7418.434134729871,15370.79068363627
Pde1a,7425.489032200119,15499.015066751017
Pde1a,7430.093281523751,15506.370300908331
Pde1a,7415.472908356177,15504.79972920048
Pde1a,7429.733788478696,15590.77901167502
Pde1a,7456.146004814585,15892.516320408376
Pde1a,7465.787367160961,15848.561137812683
Pde1a,7466.226034244389,15752.685203693849
Pde1a,7529.645292307507,15969.462028067897
Pde1a,7507.245007272387,15974.598700044602
Pde1a,7523.453899254577,15771.833108606683
Pde1a,7647.322572369383,15986.631655900735
Pde1a,7620.539908167449,16011.722320512596
Pde1a,7663.901144215671,16167.386481091016
Pde1a,7688.19603302475,16028.682555490432
Pde1a,7681.530023710169,16006.04205848483
Pde1a,7694.942347138024,16077.27756957364
Pde1a,7690.729860715459,16110.73064643808
Pde1a,7690.859681351042,15943.46938933426
Pde1a,7692.465991301404,15945.649367788934
Pde1a,7711.747805969063,16008.723465612075
Pde1a,7731.140523556848,16181.1290932851
Pde1a,7738.276549082898,16145.253447508177
Pde1a,7764.190060548956,16284.097138032166
Pde1a,7779.2217914211515,16281.412436398099
Pde1a,7792.887431394066,16284.828795806623
Pde1a,7769.575137359594,16102.128715435714
Pde1a,7750.127399812071,16115.102678440606
Pde1a,7786.4055212834965,16317.960844485364
Pde1a,7760.659687089309,16206.085909671527
Pde1a,7780.057025880387,16211.625305693342
Pde1a,7788.9332901323005,16202.318316750938
Pde1a,7842.286135609431,16436.346034662853
Pde1a,7874.270617674283,16376.938901928617
Pde1a,7868.0146951089855,16373.934306158262
Pde1a,7919.339393778841,16416.7909549216
Pde1a,7919.561329773745,16421.622627645902
Pde1a,7910.227942372209,16496.075508590395
Pde1a,7912.686617670979,16467.710676190047
Pde1a,7910.993431323089,16463.685412521903
Pde1a,7944.972503306813,16393.213723974484
Pde1a,7974.109101603135,16931.600954592825
Pde1a,7991.005815140633,16623.925329283233
Pde1a,7996.201734065068,14863.327565023177
Pde1a,8046.157907461085,16551.428827749725
Pde1a,8043.308154208034,16552.74438639765
Pde1a,8058.750621683236,16537.35189255344
Pde1a,8054.2465175572825,16558.41094647799
Pde1a,8084.005848319492,16442.329965758796
Pde1a,8087.050281241422,16471.015912237646
Pde1a,8154.577504720419,16525.80595301502
Pde1a,8197.42721311679,16784.467076166067
Pde1a,8191.9042530590905,16763.032015384935
Pde1a,8200.295452345492,16766.364590161247
Pde1a,8202.891990238142,16562.844743928945
Pde1a,8202.434914956832,16569.59034922333
Pde1a,8241.292292135115,16867.539375710505
Pde1a,8237.097928202658,16878.134327235588
Pde1a,8268.257180481778,16652.046024323616
Pde1a,8220.523585717408,16826.743538238225
Pde1a,8238.143265942166,16830.59343062825
Pde1a,8228.97924777438,16813.73466426254
Pde1a,8278.182582462581,16675.43112954108
Pde1a,8313.16514341066,16707.632210246997
Pde1a,8311.92830123242,16807.690607462908
Pde1a,8330.106688458338,16707.641021738076
Pde1a,8348.243061133862,16912.722135689663
Pde1a,8374.255427608698,16734.623028042897
Pde1a,8375.985174258372,16743.95494123141
Pde1a,8380.981582613973,16756.192869964412
Pde1a,8377.296508703488,16871.45669152494
Pde1a,8359.502552214715,16793.866727812834
Pde1a,8380.523457120862,16770.219475946586
Pde1a,8373.736440593595,16947.361859945686
Pde1a,8372.882740107681,16964.39108483351
Pde1a,8391.35013210189,16982.72556419258
Pde1a,8379.237882453826,16926.377114586652
Pde1a,8399.981648706975,16921.828334813486
Pde1a,8405.610315374195,16831.687781892168
Pde1a,8412.065787624766,16827.809435053427
Pde1a,8489.008199415159,17060.952250050228
Pde1a,8504.741917295938,16889.867143487132
Pde1a,8542.045062123358,17022.84144516513
Pde1a,8525.2734561605,17023.070845057082
Pde1a,8531.013266025037,17100.312616673906
Pde1a,8566.133124554277,17072.540453997895
Pde1a,8572.236553938623,16948.725446361776
Pde1a,8570.556337598002,16949.074281588357
Pde1a,8573.335319246435,16971.611894042122
Pde1a,8589.61836657492,16989.533578462135
Pde1a,8573.10205666942,16975.173454247055
Pde1a,8589.953170106615,17139.591003457866
Pde1a,8626.78739447949,17283.8959351298
Pde1a,8626.017312473396,17269.393641083316
Pde1a,8652.231929760055,17057.951354439047
Pde1a,8687.474038215965,17039.1003718049
Pde1a,8666.769333082008,17244.790339043262
Pde1a,8717.473077072804,17214.154855000572
Pde1a,8725.774013476608,17253.130115078835
Pde1a,8743.598649942393,17283.19353914817
Pde1a,8753.765858422872,17198.14895129338
Pde1a,8786.036804953043,17163.45898430098
Pde1a,8795.961853495979,17148.42484319036
Pde1a,8793.149181332063,17140.28478987035
Pde1a,8828.744200373216,17315.575373393287
Pde1a,8823.799570842762,17148.697423524995
Pde1a,8882.127338256805,17234.598972867872
Pde1a,8908.241857268791,17249.586781436556
Pde1a,8920.36022048267,17118.16413898917
Pde1a,8930.912514628048,17117.740121377883
Pde1a,8919.00453981948,17102.384499435964
Pde1a,9029.052394410604,17238.196843711397
Pde1a,9011.226655280427,17240.235859079192
Pde1a,9027.70016830125,17402.701359141578
Pde1a,9016.247147445602,17408.926857233193
Pde1a,9038.12483794437,17393.199055745386
Pde1a,9025.470869743238,17397.655688441824
Pde1a,9032.562181790981,17395.246865273795
Pde1a,9029.464414720473,17403.70246160902
Pde1a,9037.076888383195,17404.463682827412
Pde1a,9023.38006052161,17393.592377382585
Pde1a,9024.14049497474,17406.88060892521
Pde1a,9008.639119334193,17380.830046929455
Pde1a,9026.034057467752,17402.77724663802
Pde1a,9022.822502686664,17261.462171695206
Pde1a,9044.945821411784,17277.186171382542
Pde1a,9045.891025297506,17277.302651416292
Pde1a,9042.322516694183,17289.89652794931
Pde1a,9044.480907848487,17326.9898380708
Pde1a,9053.72571043639,17336.62483330111
Pde1a,9049.219542798995,17350.808281996742
Pde1a,9099.75413480856,17340.51747789328
Pde1a,9113.569946370419,17339.683174994007
Pde1a,9109.95637022246,17341.48152440568
Pde1a,9116.705009161875,17362.969918528965
Pde1a,9115.457812190833,17291.547403687895
Pde1a,9127.704778661893,17302.959402446224
Pde1a,9137.035538002623,17349.878334731096
Pde1a,9138.80899968214,17354.03021088939
Pde1a,9175.150196773951,17366.565380841614
Pde1a,9238.554223602008,17457.271914950255
Pde1a,9245.04449889534,17439.425890648814
Pde1a,9245.632625147426,17432.267467056827
Pde1a,9263.869340090403,16626.025359525753
Pde1a,9266.655949029855,16602.760857022673
Pde1a,9266.948671257354,16608.285477716665
Pde1a,9276.260287883266,17531.267511261125
Pde1a,9276.128125860376,17519.946492838695
Pde1a,9276.890502375014,17511.34365962292
Pde1a,9322.351932512649,17413.131029912267
Pde1a,9313.529214258318,17416.49702780663
Pde1a,9315.09473911938,17426.393898261005
Pde1a,9350.624634260925,17555.864299942776
Pde1a,9345.810142248121,17558.30406813786
Pde1a,9356.56132699101,17556.013782996106
Pde1a,9363.498260435843,17391.12797652738
Pde1a,9370.139390301785,17391.6088417538
Pde1a,9401.225450634227,17549.619169394566
Pde1a,9407.223880326304,17535.266066941775
Pde1a,9397.100786307437,17427.80592771879
Pde1a,9417.479392263253,17440.030018441157
Pde1a,9474.322443035744,17522.68392647349
Pde1a,9466.405091806575,17538.946038294103
Pde1a,9437.30330161703,17527.952402944946
Pde1a,9469.257838042795,17537.45673649613
Pde1a,9448.163668128485,17539.017603974575
Pde1a,9472.504149312022,16896.678669229805
Pde1a,9458.308967135454,16897.596392649997
Pde1a,9486.476179046027,17441.769302590274
Pde1a,9514.390784106974,17471.37176834051
Pde1a,9498.33300271974,17525.05585573893
Pde1a,9502.94573840402,17530.007525944446
Pde1a,9506.450894832064,17521.205059925243
Pde1a,9521.188409606366,17659.337477550067
Pde1a,9512.020028189076,17665.194142558717
Pde1a,9521.775260554305,17661.749498479698
Pde1a,9529.427774681903,17510.23007161982
Pde1a,9577.07137161957,17532.164914469544
Pde1a,9579.794152119952,17480.56909196802
Pde1a,9594.29329600515,17490.69280328379
Pde1a,9582.619999494204,17472.13749299025
Pde1a,9610.2486688213,17689.753719834524
Pde1a,9606.918755321403,17664.196487946916
Pde1a,9612.531745813805,17675.896703596318
Pde1a,9609.822349933269,17681.096626798124
Pde1a,9636.984769424753,17582.018757402173
Pde1a,9617.220095443774,17570.34294793883
Pde1a,9631.723995721273,17518.10606881525
Pde1a,9656.249500953252,17509.35582003111
Pde1a,9664.622382402842,17626.165559864647
Pde1a,9660.856406683559,17613.471257595666
Pde1a,9656.801815519453,17652.11073048993
Pde1a,9659.212857071556,17661.476137246435
Pde1a,9667.72233671374,17671.076620856653
Pde1a,9657.697714359929,17668.509543361608
Pde1a,9716.93605731522,17718.168853750885
Pde1a,9726.527696237503,17624.03274405704
Pde1a,9772.099885639675,17643.1153251308
Pde1a,9765.676804798246,17638.736317038496
Pde1a,9804.42451093976,17580.838018853614
Pde1a,9794.492841964146,17575.24206030723
Pde1a,9778.33148227301,17597.241787631152
Pde1a,9795.197918908803,17706.0570969898
Pde1a,9842.434276517108,17714.006812678843
Pde1a,9840.64527802018,17730.19315438026
Pde1a,9886.550543663738,17742.58868148283
Pde1a,9864.036580401103,17795.286057993
Pde1a,9863.241514859601,17794.671495317925
Pde1a,9893.864348047438,17757.515064172407
Pde1a,9891.625212339086,17759.056766650574
Pde1a,9873.529652912202,17756.19750883011
Pde1a,9937.214989876464,17689.248801136746
Pde1a,9959.323145981742,17737.092102738712
Pde1a,9968.818236922189,17721.55917741972
Pde1a,9978.449349212917,17680.235174911326
Pde1a,9985.395321008622,17681.883313716946
Pde1a,9969.707956811602,17693.98381919501
Pde1a,9972.8376664303,17772.27936525669
Pde1a,9985.829077166356,17725.653304350868
Pde1a,9975.074853939279,17719.019917403413
Pde1a,10001.32499679668,17710.476697564696
Pde1a,10027.768624162221,17667.083606369986
Pde1a,10013.349261808526,17677.056737808383
Pde1a,10028.273108347781,17675.40530935918
Pde1a,10033.133469737573,17692.917790809766
Pde1a,10072.423878315543,17856.839792873092
Pde1a,10068.423171960565,17858.256951020525
Pde1a,10075.508484695174,17734.683796559577
Pde1a,10078.094284823255,17732.7923891098
Pde1a,10118.844156177249,17786.559040408072
Pde1a,10156.077623364605,17790.460558909344
Pde1a,10179.160771845445,17877.06862110068
Pde1a,10170.469174481657,17864.49277824422
Pde1a,10198.050293180435,17730.73265241706
Pde1a,10193.129103233472,17746.186564388467
Pde1a,10211.77315959034,17744.12067027359
Pde1a,10217.24825317562,17731.7984132451
Pde1a,10192.837756695086,17740.02900601328
Pde1a,10322.504298541055,17808.606207095494
Pde1a,10327.746144452507,17805.376148419193
Pde1a,10366.607629592265,17913.203585249583
Pde1a,10368.94097827241,17908.778694453
Pde1a,10340.50348253206,17894.521061936677
Pde1a,10371.11703462617,17864.409125802595
Pde1a,10372.231510141708,17852.64242360409
Pde1a,10390.694385468982,18035.6816960613
Pde1a,10382.496036397457,18030.0850700735
Pde1a,10387.262927664193,18040.390978250784
Pde1a,10406.67369042554,16909.86019851671
Pde1a,10417.837509796143,17915.576434850824
Pde1a,10445.891187338895,17885.119221752702
Pde1a,10428.76912681545,17867.37546243252
Pde1a,10428.318849805455,17867.652565633107
Pde1a,10461.288067795904,17834.010656060957
Pde1a,10469.395474111321,17916.722248382295
Pde1a,10526.041076676995,17813.820928408975
Pde1a,10647.29205872349,17945.761104117544
Pde1a,10665.92649615607,17952.317285048488
Pde1a,10661.578454679582,17955.88180545193
Pde1a,10731.012056379062,17918.530923095364
Pde1a,10752.98777644542,17905.902264577533
Pde1a,10733.007642680437,17917.168804101468
Pde1a,10750.543889806315,17896.042174458144
Pde1a,10746.354393976204,17917.829892893402
Pde1a,10798.656893788975,17831.354705589656
Pde1a,10811.822722371942,17884.59752904005
Pde1a,10827.331386017142,17875.87870362817
Pde1a,10829.80834652691,17951.33352122344
Pde1a,10910.679473776496,17964.726234967668
Pde1a,10950.482159115258,17951.16877717682
Pde1a,10973.800873923963,17878.81590829823
Pde1a,10992.989903445217,17937.237208132738
Pde1a,11019.51002188708,17845.95526078598
Pde1a,11025.71974791135,17949.862418928573
Pde1a,11051.06459364,17878.182876288258
Pde1a,11047.067337191758,17887.993696446654
Pde1a,11079.421760947702,17907.299566112277
Pde1a,11152.435121971872,16985.112931291736
Pde1a,11169.755179669908,17895.107128354233
Pde1a,11168.526624344195,17890.834594916123
Pde1a,11182.696003152116,17796.045560995753
Pde1a,11214.884695647745,17801.817203826762
Pde1a,11267.85932557827,17853.477464345397
Pde1a,11293.34865970165,17860.25195032851
Pde1a,11296.737308474283,17856.88989927343
Pde1a,11305.899208809971,17756.027050993478
Pde1a,11327.37998242964,17755.206094668083
Pde1a,11309.603080080087,17738.177840325214
Pde1a,11321.495554790521,17799.66048480831
Pde1a,11306.653302166163,17794.62695003784
Pde1a,11317.522874833969,17808.44209445999
Pde1a,11363.454863483423,17786.566050095185
Pde1a,11346.75315973921,17792.35833304437
Pde1a,11384.908899933433,17822.116156469747
Pde1a,11390.584572233445,17818.798558946313
Pde1a,11422.264355356221,17827.7992139434
Pde1a,11397.286251392767,17843.023828953934
Pde1a,11417.109958579344,17833.705461275957
Pde1a,11446.38390209926,17717.399053752848
Pde1a,11459.182782118654,17728.695331020157
Pde1a,11463.099100045836,17730.74029629176
Pde1a,11471.584336072661,17708.935109481714
Pde1a,11499.784721283193,17732.61397188148
Pde1a,11507.095844478983,17685.214327225294
Pde1a,11510.853661961746,17676.908014038512
Pde1a,11523.93256793599,17639.531868038746
Pde1a,11543.56382496675,17640.80105126328
Pde1a,11529.441626815387,17737.849345515042
Pde1a,11533.264162723553,17775.940831595897
Pde1a,11566.059928535093,17795.932929602775
Pde1a,11554.616501530769,17801.18734681444
Pde1a,11562.595759924467,17802.862010505618
Pde1a,11583.43752179883,17579.18865676737
Pde1a,11584.403889785643,17706.147632434466
Pde1a,11605.445877771324,17731.1039494955
Pde1a,11613.824482741265,17648.067000629882
Pde1a,11615.300079319528,17643.408196751832
Pde1a,11626.080034572638,17639.53477471328
Pde1a,11652.816122804057,17726.75808449197
Pde1a,11663.486917722947,17731.67711808872
Pde1a,11699.811890332,17721.07497151925
Pde1a,11690.131924612779,17721.67566178035
Pde1a,11746.479110082957,17606.78797223991
Pde1a,11731.344439589408,17595.955839673563
Pde1a,11743.668339290021,17644.412165252903
Pde1a,11741.963374632054,17778.038219685004
Pde1a,11751.545052255417,17759.72389739227
Pde1a,11779.556872320816,17735.167037066993
Pde1a,11768.519734022597,17729.60669667616
Pde1a,11777.359932344592,17738.730360956375
Pde1a,11764.735848053697,17743.49206480012
Pde1a,11774.495839576308,17738.941850468702
Pde1a,11780.3734041341,17741.178032780805
Pde1a,11774.499192675436,17609.22512427345
Pde1a,11783.633214984027,17624.397268542307
Pde1a,11826.986583849904,17603.292733279006
Pde1a,11846.335817993337,17692.17764185586
Pde1a,11904.450449777925,17704.659707265717
Pde1a,11910.247316024957,17697.2140923416
Pde1a,11927.113870272886,17550.389723448687
Pde1a,11925.156212155664,17555.08144665751
Pde1a,11933.870120493259,17624.184576894047
Pde1a,11962.176819295055,18159.427422334407
Pde1a,11973.98418403723,18144.406175492873
Pde1a,11962.522948786727,18152.422975788555
Pde1a,12004.830004946045,17281.922657957897
Pde1a,11995.952870716466,17577.925743588105
Pde1a,12013.118196214375,17514.059604138776
Pde1a,12036.248865478146,17430.644434050428
Pde1a,12053.608939168906,17453.533114586542
Pde1a,12042.593109252999,17449.687334721093
Pde1a,12106.670248783334,17378.87986089318
Pde1a,12103.728807687647,17377.705428690715
Pde1a,12109.196522080625,17371.15590121237
Pde1a,12142.012913698374,17491.591092572555
Pde1a,12132.939529108793,17520.632849905058
Pde1a,12135.320647773719,17358.52599588654
Pde1a,12167.084925912492,17354.802981973087
Pde1a,12166.308154426773,17350.882967796555
Pde1a,12186.069042590096,17342.017648242505
Pde1a,12219.962285068019,17315.698940902348
Pde1a,12186.565679806507,17643.33663221477
Pde1a,12233.182206177948,17282.029399713523
Pde1a,12217.10807022118,17287.505921747656
Pde1a,12255.618416879279,17376.895935213885
Pde1a,12255.300679525304,16952.76807573369
Pde1a,12249.887791062576,17445.108718877276
Pde1a,12267.1977991045,16539.415577828702
Pde1a,12301.441889780648,17213.246128538085
Pde1a,12299.007925703168,17730.3501821572
Pde1a,12306.587963664202,17446.12444853492
Pde1a,12321.570283129724,17289.742913655693
Pde1a,12345.927277479195,17207.683110193884
Pde1a,12375.177619538052,17214.650603798822
Pde1a,12407.325217004534,17695.940632129477
Pde1a,12440.520184104635,17282.872480640544
Pde1a,12480.838263136935,17072.76657264071
Pde1a,12504.239700339043,17094.177540719284
Pde1a,12503.1783995294,17803.93804209018
Pde1a,12498.776706870713,17802.44494573791
Pde1a,12531.628333007751,17111.436891292557
Pde1a,12533.787305916783,17116.386415223915
Pde1a,12522.739344398326,17109.464360010174
Pde1a,12537.288930739676,17063.86150076091
Pde1a,12521.23043705293,17058.34315509932
Pde1a,12519.283877629507,17069.744198771183
Pde1a,12535.241017370041,17169.285998567815
Pde1a,12584.663291452292,16938.473082544297
Pde1a,12610.96117927365,16974.888986008846
Pde1a,12591.793584435334,16962.308263898478
Pde1a,12645.794053438345,17009.380023571557
Pde1a,12628.94102590697,17444.010072338737
Pde1a,12658.278233673116,17443.755664999317
Pde1a,12704.30310742424,16759.107179938248
Pde1a,12692.091448137468,16774.57734992688
Pde1a,12678.085177708097,16753.01377328368
Pde1a,12702.046599919438,16740.22945777787
Pde1a,12693.398128152488,16733.956470915484
Pde1a,12686.938809382624,16742.32191374272
Pde1a,12702.613860707992,16821.305400322628
Pde1a,12697.035732830505,16828.561484748752
Pde1a,12713.92741928771,16810.189508778407
Pde1a,12723.81066698719,16796.946022047672
Pde1a,12737.06274210942,16807.07234194976
Pde1a,12723.85190138208,16808.81824327421
Pde1a,12727.21977597887,16798.74813680998
Pde1a,12762.477448511856,17310.68553769739
Pde1a,12764.3224720008,17311.721808905382
Pde1a,12737.02741522199,17294.34706647883
Pde1a,12754.68841742996,17294.698528970708
Pde1a,12748.019537512759,17002.868277276466
Pde1a,12825.809973584204,16750.497914068834
Pde1a,12836.83211366161,16754.515263977486
Pde1a,12839.408562327031,16753.560055039463
Pde1a,12847.547960467393,16643.59160744108
Pde1a,12855.14949402671,17200.41139382157
Pde1a,12844.058495038971,16609.837927750534
Pde1a,12897.542514553183,16789.968202862077
Pde1a,12925.397319894464,17097.073377115186
Pde1a,12933.502408414084,17106.110886368264
Pde1a,12936.850935674149,16522.763667031653
Pde1a,12951.709993552031,16648.960083978647
Pde1a,12963.57396728125,16833.15599376631
Pde1a,12964.905431966268,16811.86231140892
Pde1a,12960.63287577939,17060.70950420085
Pde1a,13013.570447130662,16481.965738488958
Pde1a,13028.19989870477,16486.276151743237
Pde1a,13070.699613363617,16483.131019733803
Pde1a,13074.390597504998,16476.853656724117
Pde1a,13074.616371954358,16605.149018715954
Pde1a,13172.84500176653,16474.57023794092
Pde1a,13168.270491017152,16471.920522396034
Pde1a,13173.952587475567,16472.209960430286
Pde1a,13166.239691711382,16488.313205543924
Pde1a,13212.877843552724,16464.729739725743
Pde1a,13216.258954916144,16479.327040908112
Pde1a,13208.98014042737,16862.086735009594
Pde1a,13196.80572712583,16853.8227390896
Pde1a,13240.8142748537,16826.028703636686
Penk,6629.836317015928,14396.641541684034
Penk,6973.695504574163,14620.227656201641
Penk,6981.967111763165,14960.280032126162
Penk,7053.947097655264,13913.313482561834
Penk,7294.435002461343,15285.21060093394
Penk,7599.744488730095,15606.114851156739
Penk,7607.125696779924,15614.929743369003
Penk,7615.817318863258,15623.478694929803
Penk,8852.1187696855,17400.321237889482
Penk,8916.935063170751,17308.867939945132
Penk,9520.366761676625,17558.819085919295
Penk,9737.678654066687,18107.532613105534
Penk,9794.52257420756,17619.200020116205
Penk,10073.244072121335,17849.807303633952
Penk,10835.62158138732,17825.197047530386
Penk,11323.2987350878,16897.509969126277
Penk,11327.618455012213,16891.986287443055
Penk,11901.84597333304,17543.41183664624
Penk,12390.42354020812,17122.85176799222
Penk,12653.0868395085,17412.907077242544
Penk,12938.382168388427,17146.424059202305
Penk,12985.726367847132,16504.011279124035
Plcxd2,6963.332512219286,14200.07442429656
Plcxd2,7056.498477282943,15493.513955418532
Plcxd2,7099.341178682936,14180.64911460631
Plcxd2,7132.999384239936,13984.894337699707
Plcxd2,7192.016154253357,13829.617386024765
Plcxd2,8819.247790531506,17191.825503486016
Plcxd2,10405.095350358344,18102.12469119065
Plcxd2,12295.91993501757,16403.179309365343
Plcxd2,12884.242770104107,16556.567585076857
Plp1,6157.046831116735,13725.61839376361
Plp1,6166.996307474192,13730.346813632987
Plp1,6157.356043837436,13726.892407540903
Plp1,6167.135261277826,13736.608555430565
Plp1,6142.2200655204615,13731.004954767795
Plp1,6150.857099966499,13743.158774484538
Plp1,6153.903910525162,13735.594148146902
Plp1,6168.574308794804,13717.746846220562
Plp1,6165.168864533086,13740.17079783557
Plp1,6170.473854223381,13964.04845723677
Plp1,6166.201239294992,13961.07654199224
Plp1,6151.872856229207,13963.403204492013
Plp1,6159.602755977343,13963.625557629648
Plp1,6169.523570022982,13963.685309707018
Plp1,6159.085554681874,13978.720156529518
Plp1,6170.468405247082,13966.55579863032
Plp1,6167.654886945971,13939.73360664054
Plp1,6178.412188364256,13959.409100433559
Plp1,6172.282110902389,13960.00531994567
Plp1,6168.575703159344,13946.406711829432
Plp1,6167.902500131806,13957.964499810778
Plp1,6134.566476891302,13993.027978010094
Plp1,6177.922666201064,13988.461909233698
Plp1,6172.378228383679,13992.63182237547
Plp1,6164.262780922988,14003.788936655053
Plp1,6159.6493812661,14004.109049048628
Plp1,6155.2028354963795,13993.93382502567
Plp1,6175.228427596628,13974.841178997367
Plp1,6160.063504483584,14008.764332514113
Plp1,6169.629810984959,13985.904970040434
Plp1,6177.847564750002,13993.632352267763
Plp1,6165.601147837145,13979.562876312724
Plp1,6168.8668894912835,13988.346265129398
Plp1,6145.593843591799,14004.326454361686
Plp1,6156.9713498091605,13993.253391260443
Plp1,6208.317199912193,14250.056176945369
Plp1,6202.892234680925,14251.705045090743
Plp1,6174.781245494194,14258.758822644435
Plp1,6187.169838744451,14258.782210505868
Plp1,6196.7613751416575,14265.2660668185
Plp1,6200.394089051458,14261.94600252127
Plp1,6190.852677154108,14249.341819199237
Plp1,6179.336790047518,14268.643081089573
Plp1,6210.2994348958755,14252.133780820534
Plp1,6191.937968866802,14260.400225450523
Plp1,6192.654197471575,14270.361407045959
Plp1,6203.638557475436,14253.491276980743
Plp1,6199.775206100431,14273.651336148538
Plp1,6214.786146313584,14261.960413748473
Plp1,6197.36959403716,14262.74347360323
Plp1,6192.854756621006,14258.166945992292
Plp1,6198.065863655467,14264.996492453567
Plp1,6199.022030862557,14269.301012114169
Plp1,6178.417524944168,14258.027938703888
Plp1,6175.083106588665,13831.837970564124
Plp1,6173.348020994126,13821.022919869649
Plp1,6186.67726724019,13824.698337708563
Plp1,6161.477680089332,13821.997559957535
Plp1,6180.882369931007,13809.892947064867
Plp1,6173.657288634753,13826.063471878322
Plp1,6186.727246580882,13814.764787146703
Plp1,6188.241437813406,13810.390826558618
Plp1,6182.725971846092,13827.221584305833
Plp1,6182.290149021857,13837.73140064638
Plp1,6192.721324177248,13821.576851901205
Plp1,6192.131291595985,13823.969853723022
Plp1,6167.103124677645,13829.314349425173
Plp1,6183.011197837831,13819.357444984627
Plp1,6195.524710542579,13914.322987540823
Plp1,6198.661054873484,13916.160184344255
Plp1,6189.300916468411,13923.173024894106
Plp1,6193.659873411278,13915.148787135913
Plp1,6207.0045678425895,13895.413549970397
Plp1,6207.492766674268,13904.874703508443
Plp1,6187.825929884901,13905.555855428836
Plp1,6197.52292790805,13908.544208815529
Plp1,6213.17864701218,13895.262659223412
Plp1,6204.2798085825825,13917.434870486464
Plp1,6203.440725392063,13908.20137781152
Plp1,6194.403143939194,13905.63079999573
Plp1,6204.666610513904,13897.344004037242
Plp1,6212.521569427097,13925.719615066773
Plp1,6197.712125523971,13910.90701360097
Plp1,6208.450244390653,13423.393375261143
Plp1,6198.048240957356,13410.35244190636
Plp1,6198.415554635418,13434.270332079586
Plp1,6193.473952128186,13437.21479492331
Plp1,6207.249116066076,13434.759020883916
Plp1,6194.254961623073,13421.808927727025
Plp1,6203.333739934133,13867.693122977123
Plp1,6203.956220781572,13860.297215654871
Plp1,6213.2230341196655,13876.696812708517
Plp1,6219.204282240185,13868.146885537917
Plp1,6212.155196176908,13874.422777721808
Plp1,6196.613067216987,13866.999927418034
Plp1,6204.6626950671825,13866.394543925018
Plp1,6198.258388949599,13884.360233803904
Plp1,6207.498405716894,13870.843832747836
Plp1,6207.787055190461,13867.946084205372
Plp1,6206.990834684898,13867.104619812377
Plp1,6185.547387136831,13867.38774693119
Plp1,6207.107228648863,13863.964814297866
Plp1,6194.580709662369,13875.41603423769
Plp1,6217.53907296626,14049.673838041157
Plp1,6216.371469302621,14032.90181171727
Plp1,6204.857935050637,14060.396327153296
Plp1,6200.345291601853,14033.066870049613
Plp1,6202.453837604678,14037.571223480409
Plp1,6210.378609798969,14032.34986320293
Plp1,6207.145405587399,14048.739702682173
Plp1,6190.962609678533,14031.455636195906
Plp1,6201.28576463657,14025.840526555812
Plp1,6199.595513639871,13534.106766670073
Plp1,6206.582237570789,13530.433107856576
Plp1,6204.441817617712,13527.925134434325
Plp1,6202.556738574599,13528.220598058682
Plp1,6198.925465773623,13521.756985447515
Plp1,6202.522995314053,13525.411031428404
Plp1,6227.3624477092835,13360.04193475813
Plp1,6227.420169983599,13355.74799465876
Plp1,6222.901580975721,13347.4203553461
Plp1,6214.903152495162,13355.016034210743
Plp1,6207.6142947311655,13363.33417024041
Plp1,6218.931548686479,13376.704821553985
Plp1,6183.355597949789,13352.962323880878
Plp1,6223.558960034213,13368.667251756831
Plp1,6208.371780419232,13341.720314618644
Plp1,6211.008919958357,13371.42443098371
Plp1,6214.673472928888,13351.787131029287
Plp1,6217.999186386063,13348.267549889777
Plp1,6200.341308505007,13352.896651660712
Plp1,6229.861260866153,13593.995324147396
Plp1,6214.316275416001,13608.327268875335
Plp1,6221.300183582019,13589.709320532625
Plp1,6224.631029533179,13608.456881331016
Plp1,6213.812551434648,13605.359885526039
Plp1,6235.792873641047,13610.008736734586
Plp1,6218.1050996396825,13596.571814200328
Plp1,6217.890115470864,13596.025749730175
Plp1,6213.894880651315,13609.835096883515
Plp1,6222.91015991588,13602.831861554343
Plp1,6211.804436429458,13604.353523171803
Plp1,6216.7960115808155,13611.724803841644
Plp1,6242.150452289717,13619.361702448618
Plp1,6229.8210970634545,13449.25707686383
Plp1,6216.955053355816,13440.36767591678
Plp1,6215.734194807368,13438.940647761976
Plp1,6236.492838392835,13455.743523745567
Plp1,6221.128755245665,13449.8761685747
Plp1,6199.205107591921,13460.585146919853
Plp1,6219.46828033697,13460.502635463368
Plp1,6203.365102982239,13440.509802219192
Plp1,6212.744821547034,13460.093010284698
Plp1,6218.423176664194,13449.378890455408
Plp1,6200.530778920748,13441.546692489506
Plp1,6204.592400941291,13416.981185551402
Plp1,6214.746375327774,13447.616853028825
Plp1,6214.248252982545,13441.786722885403
Plp1,6206.0895036347965,13440.421571291166
Plp1,6217.217482879579,13441.954291920056
Plp1,6213.772807111727,14324.720875166766
Plp1,6221.551600867477,14351.210690810127
Plp1,6220.959397465272,14340.148608606503
Plp1,6234.370226226422,14348.26303689301
Plp1,6223.625697915,14339.510673144734
Plp1,6212.303507847908,14340.318081015537
Plp1,6235.743484109236,13396.328033383968
Plp1,6209.779969932205,13391.0036582247
Plp1,6228.122558798548,13388.96862703862
Plp1,6234.470436276575,13386.86083245059
Plp1,6227.249177070009,13376.08518569761
Plp1,6224.293378651716,13380.364748315904
Plp1,6220.630478444753,13400.030255587342
Plp1,6228.484535676965,14300.321992206023
Plp1,6226.437172935742,14293.172111320542
Plp1,6222.295353910511,14285.98333210584
Plp1,6236.257761278756,14301.069234876824
Plp1,6232.277263663361,14283.834466805878
Plp1,6237.376892988069,14295.818259642845
Plp1,6230.716788453354,14293.646180726973
Plp1,6222.744554863936,14305.214125204933
Plp1,6242.85968530826,13454.947196993156
Plp1,6241.569927003795,13462.421324649658
Plp1,6231.974669279857,13435.863154931543
Plp1,6237.626599653405,13465.908846435908
Plp1,6233.079727510029,13453.7537959313
Plp1,6244.77703286923,13456.707238186345
Plp1,6253.190874752616,13450.345968759968
Plp1,6237.055747240729,13469.875659842804
Plp1,6238.741528611072,13456.82386437962
Plp1,6237.4468001329315,13449.230420809361
Plp1,6251.201834995704,13454.104985868664
Plp1,6230.361319243232,13454.49037576266
Plp1,6250.974749671676,13378.16325748612
Plp1,6249.450001129019,13353.573178761984
Plp1,6253.572490810081,13372.642370520263
Plp1,6240.76083141276,13360.686310321371
Plp1,6243.409813856757,13363.641122080071
Plp1,6235.205109065581,13362.170134573853
Plp1,6238.664551940821,13367.633025178646
Plp1,6232.4798492117425,13169.547283194364
Plp1,6255.27754474197,13166.563459781282
Plp1,6219.157561144383,13173.81252237309
Plp1,6244.598201550631,13164.853778506023
Plp1,6249.959489337767,13160.932252732642
Plp1,6242.784542293275,13154.760711711577
Plp1,6239.074467847755,13179.591976299085
Plp1,6254.685360870705,13394.6535825882
Plp1,6248.651252613503,13401.266236486294
Plp1,6262.244626116243,13390.644836043393
Plp1,6248.167946027923,13400.20393729225
Plp1,6262.4949839342125,13384.468150597115
Plp1,6237.753784378842,14538.49643587331
Plp1,6232.196795354123,14525.754487686525
Plp1,6254.347370746652,14515.154025541926
Plp1,6246.889761380583,14532.84373447997
Plp1,6259.258336587397,14522.601122983506
Plp1,6237.453099300162,14527.116791734186
Plp1,6251.881184428296,14530.167034810342
Plp1,6241.358699515619,14522.832158535011
Plp1,6235.539881406493,14513.684108155823
Plp1,6255.168164833537,14528.7594086894
Plp1,6260.9191817848605,14522.173667703477
Plp1,6240.836670046278,13679.567791143882
Plp1,6245.453888443936,13672.056510168966
Plp1,6254.769039242558,13679.52019443077
Plp1,6246.6639956339795,13683.947354695694
Plp1,6247.2098630608725,13669.41306117374
Plp1,6256.725621510036,13662.19218788473
Plp1,6251.41638435777,13691.648467557592
Plp1,6251.855715618195,13258.87540319808
Plp1,6255.297469685896,13263.859876821069
Plp1,6268.05213608041,13255.8471752217
Plp1,6252.849672150234,13259.835531027611
Plp1,6256.340817533697,13262.547876104101
Plp1,6246.687660531146,13256.105609111308
Plp1,6258.150273752168,13260.726363018899
Plp1,6249.75349056607,13260.144151030383
Plp1,6239.102613511561,13248.089667551225
Plp1,6245.660286828818,13261.184848368455
Plp1,6259.337940932969,13246.958224379356
Plp1,6254.971786196414,13261.001599327343
Plp1,6259.76292815658,13272.209329827787
Plp1,6237.29927311034,13256.152021441128
Plp1,6260.980759107587,13264.721674548868
Plp1,6249.718393799883,13337.635035684096
Plp1,6252.374377485168,13327.427920904098
Plp1,6264.982628907159,13321.469872705522
Plp1,6261.372482245195,13312.237196109332
Plp1,6267.170205234289,13330.88498117162
Plp1,6265.33451852943,13315.47629473263
Plp1,6257.440040538136,13329.306349750312
Plp1,6268.491575349102,13326.435427393057
Plp1,6249.735075327829,13312.067265213018
Plp1,6262.477933007773,13315.52197308765
Plp1,6242.353141392659,13328.408389807586
Plp1,6266.363890723737,14442.614977991998
Plp1,6268.98556615733,14449.265203588151
Plp1,6255.045711815243,14445.338019130173
Plp1,6262.827051300913,14449.725924848814
Plp1,6264.119310850204,14448.725384097641
Plp1,6256.424990122571,14449.476571644098
Plp1,6268.218208934273,14463.199431657751
Plp1,6264.221968276334,14432.0463390063
Plp1,6253.08924682526,14462.878415924984
Plp1,6268.138653359656,14450.248097093756
Plp1,6258.867780984728,14444.092021976101
Plp1,6262.229446698707,14447.505576591118
Plp1,6265.189899116146,14458.285591553275
Plp1,6268.9852935037015,14465.956457499247
Plp1,6267.727971990427,14459.698801768844
Plp1,6265.447527550739,14433.532817482086
Plp1,6267.2510112437385,13808.244965992657
Plp1,6272.992865956381,13822.30625876539
Plp1,6257.436242119521,13799.472759958058
Plp1,6253.9147781719485,13806.407334112606
Plp1,6273.6752175853435,13810.391589043506
Plp1,6266.580700583782,13806.005785556628
Plp1,6271.972505963224,13810.173250830152
Plp1,6271.79567860012,13807.342398280407
Plp1,6245.602431327089,13812.248462451666
Plp1,6264.951248974393,13797.985544907948
Plp1,6268.56230839216,13811.079691370622
Plp1,6245.695261470726,13807.361668850002
Plp1,6250.606252642344,13814.962168120628
Plp1,6261.994284428519,13822.964948300103
Plp1,6257.649930833408,13812.22521682877
Plp1,6274.263438249634,13797.067130490843
Plp1,6260.170426506523,13040.818692881623
Plp1,6263.87098267475,13060.994156865534
Plp1,6276.255266123531,13059.022585091878
Plp1,6275.902902833297,13046.766727681681
Plp1,6271.865855334077,13054.47877928772
Plp1,6270.769343852446,13042.27873691593
Plp1,6270.203113790306,13063.811658037861
Plp1,6277.7566436992565,13049.193779815205
Plp1,6263.518563725675,13047.867036732949
Plp1,6281.485545412126,13042.405573017666
Plp1,6261.231953303054,13051.279474150066
Plp1,6280.500628081156,13021.000904981693
Plp1,6277.935907442948,13038.426595777655
Plp1,6267.400995967952,13049.993247199545
Plp1,6262.142613866191,13963.648639629433
Plp1,6257.951075271982,13967.803410590039
Plp1,6259.056515359515,13972.68846802891
Plp1,6250.643671124403,13980.13136430473
Plp1,6257.037798771568,13986.090670573205
Plp1,6259.3377196810125,13968.420428629779
Plp1,6271.021635012257,14607.422916289304
Plp1,6258.68851534968,14598.174171704937
Plp1,6272.2407299193255,14607.29490463452
Plp1,6310.056369745702,14583.790303065274
Plp1,6266.310794230281,14612.201529861124
Plp1,6265.682087677346,14597.160368201534
Plp1,6270.919922643191,14590.83187492545
Plp1,6273.359758666796,14589.162921672803
Plp1,6279.633274959933,14591.679384881558
Plp1,6277.7623434273655,14602.317233243492
Plp1,6270.362756165101,14599.713019833469
Plp1,6264.790123410522,14597.634513106368
Plp1,6280.5788442795365,14598.573161037648
Plp1,6283.699421514026,14584.439304547372
Plp1,6286.8850037139355,14593.917737358626
Plp1,6266.909032419953,14591.361489955716
Plp1,6270.8452298557595,14592.92979301391
Plp1,6277.830950420882,14254.215569028942
Plp1,6279.358099062504,14256.658957955666
Plp1,6275.404117534593,14248.398961799105
Plp1,6274.745599624682,14257.847885874742
Plp1,6269.83194292105,14252.343381687946
Plp1,6282.822282863015,14233.898903406429
Plp1,6285.410428855235,14261.907470569955
Plp1,6273.785395360184,14254.382648052597
Plp1,6269.759811414508,14241.973609342951
Plp1,6273.045321740979,14235.5347218218
Plp1,6268.034449046576,14239.579318594324
Plp1,6285.1650017564825,14251.26717487948
Plp1,6302.697557128589,13177.50823000539
Plp1,6293.5569067447595,13180.307175450649
Plp1,6282.597974335963,13182.708920941308
Plp1,6280.071593198387,13182.745801329389
Plp1,6272.015294136269,13199.79267182383
Plp1,6285.226238147853,13184.324894389032
Plp1,6285.9180265231635,13190.0203404098
Plp1,6279.437818123972,13176.16847457119
Plp1,6295.688967003175,13187.784400175302
Plp1,6295.914791444792,13183.85576135145
Plp1,6264.747089393178,13171.82853788673
Plp1,6291.37054503792,13180.022383478014
Plp1,6301.874985899376,13175.908827205461
Plp1,6282.58545520664,14497.404868273561
Plp1,6282.304837154783,14502.964483174852
Plp1,6294.2363847721235,14510.813761955087
Plp1,6285.155081318646,14505.42216051478
Plp1,6271.317309253171,14504.48307395925
Plp1,6288.389721057911,14526.311023393911
Plp1,6277.8345171241435,14512.407115486407
Plp1,6287.998370512225,14512.154094382784
Plp1,6291.939694269508,14498.529504081862
Plp1,6278.051931097404,14529.728694318503
Plp1,6279.762759048286,14527.692948239363
Plp1,6265.800418488747,14528.560212261398
Plp1,6286.600983156267,14509.60470974719
Plp1,6291.484682121676,14515.888754109914
Plp1,6273.174697291447,14524.230494798408
Plp1,6291.917869002816,14512.338800147969
Plp1,6278.7808203557215,14515.795047567057
Plp1,6288.528841419945,14519.15300247874
Plp1,6277.796271663403,14521.11754651814
Plp1,6274.937986904897,14516.880108303794
Plp1,6281.361563853401,14290.7100077904
Plp1,6282.075125883708,14295.954144635396
Plp1,6290.801663873008,14294.049977022958
Plp1,6271.146135072059,14276.36673475099
Plp1,6279.039775084588,14299.564962596436
Plp1,6275.106232503787,14269.52061990272
Plp1,6267.088643145936,13162.819991163673
Plp1,6276.7693929328025,13161.878803325088
Plp1,6277.662441147111,13177.707302013721
Plp1,6283.265343499397,13165.787860137345
Plp1,6278.570884717809,13163.96475197912
Plp1,6291.036555689791,13157.86832936245
Plp1,6274.850073863848,13157.175929366094
Plp1,6284.575773027745,13148.350270191268
Plp1,6275.594775874958,13164.67015277862
Plp1,6278.6397259797095,13154.75846213212
Plp1,6272.254674211808,13156.476265521904
Plp1,6260.702367294174,13153.073265050069
Plp1,6276.1788846299905,13165.900043631545
Plp1,6281.608371994661,13157.624287496566
Plp1,6282.805852157278,13148.6848940511
Plp1,6269.389138460012,13159.81347712525
Plp1,6284.013468934082,13170.331627787873
Plp1,6270.20250662661,13158.810492085713
Plp1,6281.068052958573,13158.367048858243
Plp1,6274.931572145875,13158.849830466883
Plp1,6300.616047947009,13159.679738060793
Plp1,6287.513089381093,14637.35882792522
Plp1,6293.400934180165,14638.44927868542
Plp1,6292.839297581319,14660.427314862027
Plp1,6300.491142106578,14648.433056936954
Plp1,6305.03102902744,14647.237257788922
Plp1,6293.387538540697,14633.135374943915
Plp1,6293.272734987206,14648.739066077478
Plp1,6302.628832097382,14660.591325721176
Plp1,6296.984676383345,14658.552357964043
Plp1,6296.326268345334,14641.287936313835
Plp1,6310.967499622741,14669.413755528612
Plp1,6285.936959517553,14655.956594005582
Plp1,6304.892932423069,14652.576135196565
Plp1,6307.401613910142,14659.680276136467
Plp1,6311.667409286849,14659.113481784625
Plp1,6288.7722923215115,13331.215445896412
Plp1,6295.351237334249,13335.762130772287
Plp1,6282.963335513358,13348.457237165145
Plp1,6284.320751956737,13348.916352767324
Plp1,6282.2858837953845,13347.229153801592
Plp1,6283.970596269401,13348.668626218328
Plp1,6287.733537459089,13326.458129546812
Plp1,6300.543067557835,13345.588072780985
Plp1,6275.6530329175575,13649.354874285696
Plp1,6290.275891337895,13648.16877050164
Plp1,6286.685209817421,13637.269725084489
Plp1,6301.994424946787,13642.814637252435
Plp1,6288.438440086504,13650.66730825164
Plp1,6280.210635380375,13652.727195793881
Plp1,6290.674126918829,13656.505216063933
Plp1,6291.410585811697,13649.796567432162
Plp1,6294.570199500321,13625.189480257326
Plp1,6284.95026941834,13665.343698594825
Plp1,6287.564823914011,13643.481179081798
Plp1,6289.05922148475,13657.815289945356
Plp1,6283.71398397514,13647.69576367445
Plp1,6304.127715379057,13647.678319843926
Plp1,6279.527276317462,13660.30718116702
Plp1,6291.743540659026,13877.188848134485
Plp1,6273.90780794089,13888.91748578941
Plp1,6307.793891596787,13892.723486624483
Plp1,6298.458988132781,13880.054593368728
Plp1,6290.333713934479,13878.002456462771
Plp1,6284.387934795553,13888.686778564412
Plp1,6302.034099519238,13897.0925337851
Plp1,6288.691817738535,13882.108331087611
Plp1,6297.863140544331,13899.362636286745
Plp1,6290.258920912197,13873.151835897394
Plp1,6294.347744579665,13892.984666679315
Plp1,6292.580554856184,13882.02885810746
Plp1,6293.00473534781,13881.533417106191
Plp1,6302.858931774522,13889.831536911688
Plp1,6306.364671710252,13864.497756420362
Plp1,6294.032273823372,13883.866165898267
Plp1,6309.812926441773,14309.057196789327
Plp1,6307.518898058308,14301.193622590088
Plp1,6282.9671876266675,14305.683674838101
Plp1,6285.958087933579,14318.38137156409
Plp1,6292.796039508409,14325.556281218955
Plp1,6283.546361470175,14317.375290889018
Plp1,6291.987392257912,14340.303712756535
Plp1,6291.202836727256,14318.454617462989
Plp1,6290.460199474324,14328.941132782387
Plp1,6281.86055394627,14321.462280848395
Plp1,6292.022894025751,14312.98775020248
Plp1,6289.248189283008,14306.059233260736
Plp1,6306.378070287994,13837.326408771387
Plp1,6313.519049979355,13854.434233147167
Plp1,6322.346690053281,13861.957889928777
Plp1,6312.637703162996,13844.183682284727
Plp1,6310.438453456694,13852.649581958969
Plp1,6313.213742563356,13870.72539957235
Plp1,6313.754484707705,13855.760462000178
Plp1,6316.245924222736,13845.590362147565
Plp1,6306.522158181187,14390.175367507574
Plp1,6305.216875682248,14403.265460557766
Plp1,6307.84762732007,14407.012266950866
Plp1,6309.406698414024,14409.692003827706
Plp1,6338.568460084179,14394.714724407013
Plp1,6303.933660177812,14407.361326788761
Plp1,6300.5285071054805,14403.486699137335
Plp1,6340.0769978204235,13246.012397449187
Plp1,6321.889907724409,13225.381350564738
Plp1,6314.490741177576,13204.566298226768
Plp1,6331.152486727998,13235.05864079634
Plp1,6329.851468238916,13228.150849399568
Plp1,6324.055731375451,13226.468696770013
Plp1,6317.461791237737,13229.616674732972
Plp1,6314.260183291345,13242.42606763866
Plp1,6321.42812194369,13241.162640973791
Plp1,6325.474571451372,13224.592553733642
Plp1,6316.22325461916,13227.106763183776
Plp1,6303.666690245342,13216.71797565937
Plp1,6315.023370571619,13224.218556893453
Plp1,6316.2138628914545,13218.841120123796
Plp1,6305.307671841229,13213.706778831598
Plp1,6290.219529535475,13202.309120593476
Plp1,6308.160866768178,13226.830419030908
Plp1,6315.738500702092,13244.322815051373
Plp1,6310.5692751617,14135.232685535559
Plp1,6309.446527616,14126.079494290942
Plp1,6307.38660564936,14130.180202661555
Plp1,6319.532837515986,14121.888335721598
Plp1,6295.68287781916,14135.52240907516
Plp1,6312.518124096482,14125.725710277791
Plp1,6310.703109802709,14035.248179136075
Plp1,6313.93800222228,14037.41370932531
Plp1,6308.081220509039,14042.581294176154
Plp1,6299.209265345681,14031.238383815344
Plp1,6301.776472192465,14019.82273463236
Plp1,6304.656029160091,14032.466422326142
Plp1,6310.015368328325,14044.18640492588
Plp1,6316.732456435593,14049.452545536513
Plp1,6320.010376687961,14031.951381029317
Plp1,6317.916380476424,14047.103311971572
Plp1,6307.1121456123965,14036.286159962636
Plp1,6311.9308189856565,14037.617362251016
Plp1,6306.711691586685,14034.982837933681
Plp1,6315.483314559269,13046.49488839921
Plp1,6307.437504465044,13047.33739283152
Plp1,6317.290356516354,13032.537957536513
Plp1,6309.414354133091,13050.41056285358
Plp1,6322.899786346696,13060.398395151606
Plp1,6316.105063985319,13046.07788120672
Plp1,6318.18161388838,13039.914656898898
Plp1,6314.667725308165,13056.088083572833
Plp1,6302.175086122789,13045.072413759188
Plp1,6307.56276364553,13060.523342849903
Plp1,6323.397448754162,13043.207535047362
Plp1,6318.951876011777,13039.098084365605
Plp1,6318.192444586752,13035.398892692107
Plp1,6311.048506662112,13057.330259045066
Plp1,6300.140778487837,13038.90513166461
Plp1,6331.191740612845,13052.572966681746
Plp1,6299.813316844488,13041.305601003896
Plp1,6321.484155564225,14220.70365101781
Plp1,6310.759580946893,14221.635867781322
Plp1,6319.520427652978,14219.113993339517
Plp1,6317.854798163491,14234.96821875461
Plp1,6301.601404238279,14233.430479241775
Plp1,6321.122488473058,14220.859177112538
Plp1,6307.025095989759,14230.933251247638
Plp1,6322.057442083321,14224.802315022467
Plp1,6311.910371498832,14218.846988102832
Plp1,6331.923768875153,14228.202861027978
Plp1,6309.53120069009,14216.029540554668
Plp1,6316.079217097737,14220.290202990162
Plp1,6332.888282710165,14214.355016634776
Plp1,6327.974166911988,14210.173095867967
Plp1,6331.141354295098,14755.165330110722
Plp1,6324.0764547180315,14753.159171617715
Plp1,6326.217365802417,14757.864643934992
Plp1,6340.399801453637,14751.878660465853
Plp1,6343.666186250839,14759.106856009403
Plp1,6329.356382828719,14753.809291959165
Plp1,6343.873866815871,14756.656157638281
Plp1,6325.583437460192,14768.21595208056
Plp1,6341.967194805149,14756.219598697719
Plp1,6348.895850120599,14752.52438666326
Plp1,6330.9638837685025,14739.664295493309
Plp1,6344.781527299114,14764.5642163356
Plp1,6334.3056489555565,14783.327235972722
Plp1,6317.822659509457,14755.532674517248
Plp1,6347.856166956473,14746.955982760797
Plp1,6333.661144838541,14477.702509136507
Plp1,6327.76427475831,14488.954386035142
Plp1,6335.907552179824,14488.88560734196
Plp1,6339.790759700369,14505.36078625835
Plp1,6340.862558735673,14498.457135379876
Plp1,6324.786985731223,14489.981480076729
Plp1,6362.625894539794,14474.076500349363
Plp1,6339.646812854761,14492.565231569475
Plp1,6338.950824197986,14478.56222181808
Plp1,6338.783749058216,14475.736623289464
Plp1,6336.678411237696,13084.256275654225
Plp1,6342.547505990945,13081.10393296409
Plp1,6335.042540576875,13095.916233375734
Plp1,6341.962575733122,13079.465061146826
Plp1,6337.174397260409,13105.583224480837
Plp1,6333.285480441949,13091.02106608756
Plp1,6331.643004008142,13088.91322840305
Plp1,6334.028664917368,13082.943594038927
Plp1,6343.146796475086,13089.04044179331
Plp1,6329.540814533608,13081.014525830004
Plp1,6329.13309963087,13085.592444590133
Plp1,6330.804136378109,13091.876039394103
Plp1,6329.618774997087,13108.169556837307
Plp1,6331.816362528697,13081.376467889626
Plp1,6343.728473633003,13084.27798665772
Plp1,6337.826274647351,13091.143612153232
Plp1,6350.018116179909,13535.292759942053
Plp1,6320.989361655296,13514.663632700034
Plp1,6318.782082352694,13513.284804467941
Plp1,6337.6110935732595,13530.60008984945
Plp1,6323.3715666455655,13510.995641272728
Plp1,6336.377502892752,13533.110082156858
Plp1,6321.391222795168,13531.190351541345
Plp1,6325.826312976067,13524.420663912219
Plp1,6335.378820332701,14239.089320668496
Plp1,6344.098067048449,14235.900815841076
Plp1,6326.86062498685,14228.23580413158
Plp1,6324.830150961196,14231.048349138648
Plp1,6333.560452876351,14237.221196189714
Plp1,6328.6460731197885,14223.223092905175
Plp1,6339.560268612403,14222.425833210573
Plp1,6334.252041914142,14232.266062431014
Plp1,6361.501179474576,14224.069340962025
Plp1,6338.036390533104,13381.188812328386
Plp1,6361.5218751023995,13376.186676195484
Plp1,6335.317736308305,13368.225010836506
Plp1,6354.261087273744,13376.376731249671
Plp1,6338.502224569381,13391.547781134379
Plp1,6332.99173560191,13384.42688278836
Plp1,6338.127965002749,14439.168373668712
Plp1,6333.85872612436,14416.668916137596
Plp1,6344.747844451052,14416.110690423038
Plp1,6331.272568903991,14425.658953470573
Plp1,6348.7854125301255,14417.317205676134
Plp1,6323.404080926116,13154.990413079526
Plp1,6346.28300879583,13148.305916224992
Plp1,6328.19099749515,13154.49078657793
Plp1,6342.813472185625,13157.179353642523
Plp1,6335.347241294772,13155.348384677367
Plp1,6336.369748046917,13145.12141380234
Plp1,6339.663844923703,14541.85171789036
Plp1,6340.942556136596,14522.113462436117
Plp1,6348.454569788138,14512.5032024965
Plp1,6329.742585186688,14507.446460532301
Plp1,6346.811741795105,14527.908684911858
Plp1,6337.8528912921975,14516.481711721543
Plp1,6330.737396008163,14506.357338112595
Plp1,6344.009926312194,14525.743567550577
Plp1,6338.145301940379,14544.932848553224
Plp1,6342.444237560631,14514.78650181327
Plp1,6326.089732295501,14513.146399958667
Plp1,6328.971778855166,14516.650422414925
Plp1,6375.898460551007,13142.332079886926
Plp1,6366.821739766043,13131.824458811949
Plp1,6369.142281011975,13139.398353704566
Plp1,6358.088571909476,13131.675903232805
Plp1,6363.17815163032,13154.96249520733
Plp1,6367.082381690104,13137.54771144588
Plp1,6368.572161738239,13137.810654655796
Plp1,6385.766513508424,13118.39299018493
Plp1,6383.317016243436,13134.069784751355
Plp1,6372.895070623835,13126.913316149617
Plp1,6378.219002313267,13125.420258444143
Plp1,6366.4117264160805,13132.460653548862
Plp1,6369.341281970208,13127.151004231604
Plp1,6373.051503332647,13119.61503161206
Plp1,6375.637189006283,14658.545083998033
Plp1,6370.944301582542,14675.137262021419
Plp1,6362.1042396162975,14683.005436521296
Plp1,6360.246250435306,14686.649758144347
Plp1,6389.718870195904,14671.163658512927
Plp1,6356.0709716079045,14682.983345290182
Plp1,6379.619862926592,14674.864604754068
Plp1,6362.447318624489,14674.95517404965
Plp1,6359.84022584147,14678.818074948078
Plp1,6378.294468807956,14675.823647247349
Plp1,6367.666959734167,14638.815911329739
Plp1,6365.353651087639,14620.998810900745
Plp1,6374.44105392749,14610.8064377423
Plp1,6371.606322126707,14627.42090013845
Plp1,6365.909146543447,14619.113626337346
Plp1,6353.700741995369,14632.731690697514
Plp1,6388.231889232183,14537.342763979761
Plp1,6381.737091339622,14533.58652210148
Plp1,6407.504349387621,14535.532565995338
Plp1,6393.132889333292,14543.125143748422
Plp1,6407.482542625295,14548.802586652353
Plp1,6387.62089525654,14532.931481746391
Plp1,6389.21419218183,14529.738041223327
Plp1,6408.148227121293,14528.500017511687
Plp1,6387.609850357058,14534.583461762384
Plp1,6383.439889350875,14529.877495327164
Plp1,6400.664289171039,14525.06503260087
Plp1,6394.87788040985,14522.21383054382
Plp1,6394.672637236071,14531.070516391079
Plp1,6379.068810315096,14549.652835470273
Plp1,6402.137198965118,14542.993908754392
Plp1,6393.3035926097755,14950.73367461661
Plp1,6393.801128154226,14944.066646705614
Plp1,6391.8599426275805,14947.664049152763
Plp1,6392.0537583130545,14943.363751137063
Plp1,6386.827484899231,14959.900692090152
Plp1,6396.449723969003,14953.695013023002
Plp1,6382.979499392173,14949.889760919297
Plp1,6395.495659708114,14945.299057644206
Plp1,6399.9809891522,14950.7632345726
Plp1,6397.73225880909,14941.906373613338
Plp1,6406.708458610926,14948.062468099393
Plp1,6375.758841750559,14937.864668534647
Plp1,6409.193125866156,14930.018381761245
Plp1,6403.148387009351,14853.219936076479
Plp1,6393.301488679765,14852.355249287331
Plp1,6400.4231664766185,14862.037186357515
Plp1,6398.985151633141,14855.058998368004
Plp1,6397.608554239355,14872.187558063342
Plp1,6389.681323276655,14856.895586538092
Plp1,6403.869079917463,14860.375214433125
Plp1,6420.744971513821,15010.016249422511
Plp1,6412.490829753817,14784.75690835398
Plp1,6403.461537747425,14780.904117289088
Plp1,6423.985047785631,14790.980241756943
Plp1,6424.356214841581,14784.962728860712
Plp1,6417.055368430418,14767.057556534211
Plp1,6411.611662387636,14783.96393643224
Plp1,6421.425215982763,14798.495044039591
Plp1,6421.823436607887,14776.801914170495
Plp1,6393.3276342144645,14769.138390495413
Plp1,6418.598555566452,14791.39707015302
Plp1,6419.988849668518,14784.41503730902
Plp1,6410.110110785223,14783.73824626224
Plp1,6423.758700866635,14776.314471845772
Plp1,6408.087164512381,14795.51896113907
Plp1,6412.858371641066,14787.59357753595
Plp1,6414.800956640983,14795.6749882641
Plp1,6406.771202647474,14777.001124203578
Plp1,6431.790666571512,14990.298391579252
Plp1,6441.480789185043,14982.298196174863
Plp1,6430.809152129625,14969.199072472553
Plp1,6432.206383216948,14975.82076910693
Plp1,6427.5944991398455,14995.453195461201
Plp1,6423.440247810233,14971.59236738846
Plp1,6439.2163233509,14677.871949725615
Plp1,6431.498448920684,14668.238844437321
Plp1,6436.237000964257,14670.809382255795
Plp1,6429.696318749972,14657.470788333574
Plp1,6442.600789789817,14670.2522000498
Plp1,6434.651192308409,14668.025876770263
Plp1,6438.729218639554,14667.099252951726
Plp1,6433.925262938973,14673.04007717289
Plp1,6464.254353021622,13471.53758541971
Plp1,6462.797652204515,13480.240081646485
Plp1,6480.224026145768,13484.322436354074
Plp1,6466.352445789237,13469.985222096248
Plp1,6470.154695698401,13493.60211707592
Plp1,6474.424668556078,13483.398758225228
Plp1,6469.174560447337,13472.58816670771
Plp1,6477.419410048248,13495.08285481592
Plp1,6478.733574008294,13474.550577095919
Plp1,6481.714762060455,13476.383150097774
Plp1,6471.505470724307,13462.260053891332
Plp1,6469.2854962876745,13465.218875399716
Plp1,6460.261162172305,14805.536039640738
Plp1,6453.4491838307495,14796.681897558015
Plp1,6489.46931135985,13227.864962936086
Plp1,6480.800678795852,13237.720409638301
Plp1,6482.525405822703,13237.930826552081
Plp1,6491.9223159493185,13233.155416281084
Plp1,6475.9460769866955,13225.59463461001
Plp1,6484.586395885044,13224.95275864131
Plp1,6468.716317942284,13247.93970185729
Plp1,6496.1655269410185,13230.829507802344
Plp1,6484.3171521040185,13227.021306234808
Plp1,6492.679372044389,14969.139272631004
Plp1,6487.716744239731,14955.779932971616
Plp1,6497.259715879843,14960.388411738997
Plp1,6506.17542039054,14953.392829121758
Plp1,6485.828373494354,14971.764103059675
Plp1,6494.399643211677,14958.281910267042
Plp1,6487.588972393436,14962.392415175185
Plp1,6513.600058624384,14969.172075872686
Plp1,6482.872536466073,14961.110751972765
Plp1,6497.720583943655,14956.807117139262
Plp1,6496.328739984868,14969.913922043012
Plp1,6479.282719707661,14948.647574939017
Plp1,6503.156490795424,14305.994346692274
Plp1,6512.176960493553,14312.064727080271
Plp1,6509.322815145697,14305.749098369166
Plp1,6517.838783599252,14303.015332170831
Plp1,6501.392934499382,14306.989933377794
Plp1,6506.652507030217,14311.948360487453
Plp1,6497.20978627279,14306.543552397117
Plp1,6508.515149006215,14318.622200627562
Plp1,6509.098275841513,14300.579014155117
Plp1,6507.751480904534,14302.283555153144
Plp1,6494.265885523843,15077.035943350731
Plp1,6524.148149481822,15075.631936116204
Plp1,6530.997434070739,15074.194831904479
Plp1,6527.977879765883,15081.884480748038
Plp1,6535.469050864183,15081.714816124495
Plp1,6527.000362294991,15081.655109739073
Plp1,6546.2630026363495,14910.611665525275
Plp1,6558.003113846241,14912.415672804073
Plp1,6544.523459903069,14926.452783462892
Plp1,6540.998015635142,14911.910210039317
Plp1,6544.667936773393,14920.370837777826
Plp1,6542.094005023927,14911.699389679088
Plp1,6538.967050710607,14916.970579258594
Plp1,6545.994141240282,14903.135305372847
Plp1,6562.341912416894,15300.370813577558
Plp1,6556.055787529147,15274.313749204797
Plp1,6552.28244946249,15282.924106806502
Plp1,6542.287575254854,15284.035966748914
Plp1,6553.554121917059,15281.260666077615
Plp1,6554.855473150006,15287.387588346157
Plp1,6557.657271427828,15158.664834917732
Plp1,6580.249848488965,15156.001939412245
Plp1,6542.119473724118,15154.581072488123
Plp1,6565.302538805278,15169.42845450287
Plp1,6583.91164109234,14778.115795026644
Plp1,6578.025459564469,14782.153409416691
Plp1,6570.508072728756,14770.193582729818
Plp1,6576.71784770141,14780.429544845758
Plp1,6560.3887093566655,14766.106744376239
Plp1,6571.59140962822,14765.723053125466
Plp1,6562.8516128260035,14785.461713422346
Plp1,6563.836833716876,14769.678646963464
Plp1,6572.070489083706,14792.901316866604
Plp1,6575.44483122958,15175.55265362619
Plp1,6572.288373019492,15177.642255674755
Plp1,6569.16620731942,15191.590363955975
Plp1,6559.763330552053,15183.287983152286
Plp1,6584.196716513497,15162.015042612475
Plp1,6546.904381686021,15185.643963555915
Plp1,6569.476769986457,15178.025328870275
Plp1,6582.234583087692,15187.27283285743
Plp1,6582.7649281848,15187.711108010613
Plp1,6643.225831319147,15485.915312596202
Plp1,6633.504507079563,15483.184619487185
Plp1,6642.86935609002,15469.637212857828
Plp1,6644.086454857608,15485.707656897166
Plp1,6617.875040564935,15492.643451403503
Plp1,6632.6709555247835,15479.258375353253
Plp1,6633.22866789575,15478.634059713582
Plp1,6627.755095910771,15484.543730536294
Plp1,6612.522824877412,15489.828026857866
Plp1,6639.728082282064,15456.974611060094
Plp1,6642.404570288539,15480.166341615997
Plp1,6638.18432764445,15474.175329369249
Plp1,6627.709516814347,15356.516526442161
Plp1,6643.975484980015,15344.050906321067
Plp1,6637.436137313214,15355.624461191368
Plp1,6633.3339668534,15343.533475678134
Plp1,6642.756519374197,15336.307169502243
Plp1,6661.286558635879,15345.449011018965
Plp1,6633.751134429222,15331.027516361299
Plp1,6638.498370645162,15356.889740397315
Plp1,6645.0557926856445,15345.033530435148
Plp1,6637.224685392492,15354.095902756788
Plp1,6652.392239606238,15325.718010891846
Plp1,6651.742905991872,15295.211175673661
Plp1,6656.214468578002,15315.35009671444
Plp1,6655.245424743834,15321.44817544538
Plp1,6650.42803562952,15302.661498288358
Plp1,6660.840553802707,15315.819624646836
Plp1,6651.662552211765,15105.055409835388
Plp1,6647.129492771067,15096.279197011076
Plp1,6659.610077373991,15102.136672399967
Plp1,6644.819111902739,15116.795723922332
Plp1,6638.990834386159,15109.275462352027
Plp1,6652.769600444237,15097.213593437666
Plp1,6626.985259225101,15106.616341500485
Plp1,6640.931638837048,15102.791268823788
Plp1,6648.223644114353,15400.770119625358
Plp1,6654.173775491372,15402.65160020266
Plp1,6662.401503853426,15386.4105950295
Plp1,6671.561003893846,15395.468638657409
Plp1,6665.95216161618,15411.117260639674
Plp1,6664.3162041284195,15411.996818129495
Plp1,6664.810021315512,15400.266299925031
Plp1,6654.997178943942,15402.670386955002
Plp1,6649.354999322326,15409.41875859754
Plp1,6693.897866190046,15313.256675919562
Plp1,6692.048628598517,15311.15172414953
Plp1,6693.976840756872,15319.49973605096
Plp1,6692.58031842165,15327.953513312643
Plp1,6677.984160645157,15325.265070323783
Plp1,6680.662701614518,15306.27014794266
Plp1,6698.953811530603,15515.540380094659
Plp1,6700.150808416277,15492.092366409326
Plp1,6697.132085699002,15520.18250223259
Plp1,6709.846429198063,15502.355995890837
Plp1,6710.001986451901,15522.239132491526
Plp1,6707.7284491032515,15510.892960601906
Plp1,6706.3626861638295,15491.063575244727
Plp1,6709.880237706886,15517.895116241418
Plp1,6693.205210433787,15524.2187187835
Plp1,6727.695564048417,14402.303496781547
Plp1,6718.683487985352,14406.209977442752
Plp1,6716.810386943244,14394.207110457064
Plp1,6723.810281711148,14391.532553139743
Plp1,6715.075878501021,14394.472314313289
Plp1,6699.262529779048,14390.631253383537
Plp1,6704.008407575736,14386.746843747911
Plp1,6705.299528265882,14392.951151733972
Plp1,6711.665410673618,14416.047524858684
Plp1,6700.9131193579715,14391.01808984927
Plp1,6738.745281867657,15454.03656589655
Plp1,6767.508310853176,15551.046374491183
Plp1,6754.079046845682,15546.14571015533
Plp1,6770.230327847772,15549.016622509514
Plp1,6775.523019968502,15560.454278214731
Plp1,6758.414646346085,15560.464920320777
Plp1,6763.291169038847,15544.749160168685
Plp1,6763.157012624636,15544.46004412934
Plp1,6760.982932338567,15554.6489048631
Plp1,6769.187180557491,15562.089132631527
Plp1,6769.246299321771,15539.578644265655
Plp1,6758.0286478799035,15524.449420965293
Plp1,6771.115930235505,15544.516519843291
Plp1,6803.1145586608745,15660.943467374322
Plp1,6801.69807161337,15670.108143758815
Plp1,6788.085183433248,15670.854281614862
Plp1,6798.076725373243,15660.040686958873
Plp1,6782.604885881087,15667.561853363926
Plp1,6807.844574875962,15668.828868224944
Plp1,6797.188058988369,15649.780710022758
Plp1,6795.400212528053,15670.42723883649
Plp1,6790.724309328484,15672.777109184106
Plp1,6775.292390991708,15671.15811341157
Plp1,6792.295306784756,15660.776107557871
Plp1,6803.040597420046,15663.439848877622
Plp1,6792.68553143417,15670.60405348795
Plp1,6795.146449983725,15651.841358144182
Plp1,6780.538495750259,15663.669532287908
Plp1,6796.840328146983,15667.790323222162
Plp1,6778.87493217146,15666.593648595523
Plp1,6798.642197242105,15664.93507945297
Plp1,6798.359767341234,15668.379710163017
Plp1,6789.677589055521,15664.535185875215
Plp1,6789.188583615634,15656.736614263678
Plp1,6794.440384886328,15666.221703723262
Plp1,6788.555238006874,15657.747946354928
Plp1,6767.345564976381,15641.341041185266
Plp1,6802.811790696199,15671.003082995943
Plp1,6780.019941763997,15653.71737451129
Plp1,6795.828934613056,15664.072667561259
Plp1,6802.877548967263,15662.011201005786
Plp1,6803.542518431115,15661.569738133427
Plp1,6794.756813919588,15662.035097600114
Plp1,6789.932914647125,15671.216308237628
Plp1,6805.4310042255565,13974.046591477983
Plp1,6816.523527711053,14559.06475026414
Plp1,6806.004062791245,15687.613852665878
Plp1,6790.919733706469,15698.255476691727
Plp1,6808.622557295649,15687.181242351311
Plp1,6794.890970663532,15701.535498841256
Plp1,6806.355697060655,15689.558467572717
Plp1,6808.381270359275,15704.135270160958
Plp1,6788.184075822141,15702.572737168535
Plp1,6813.846751415259,15709.292430709276
Plp1,6798.406367353152,15696.951810617535
Plp1,6810.208517954673,15702.54178945349
Plp1,6871.11233135422,15959.15655955908
Plp1,6877.262152442239,15947.442504116041
Plp1,6879.32266865629,15940.848108157405
Plp1,6873.330340856696,15964.848155734726
Plp1,6871.839704424469,15971.928678688311
Plp1,6871.197528372207,15950.946685582809
Plp1,6874.22623125066,15964.489776387378
Plp1,6886.291377452319,15950.18874550123
Plp1,6888.686178554722,15974.19049560304
Plp1,6880.900666416001,15964.936823134529
Plp1,6876.1037509306325,15944.370998729053
Plp1,6881.944524782807,15952.767926081293
Plp1,6874.161546589136,15943.94393587709
Plp1,6883.909166375147,15961.042049799098
Plp1,6870.307130770675,15754.945315894807
Plp1,6874.616427321421,15753.268091614138
Plp1,6860.650627235654,15751.927763590129
Plp1,6857.501048027202,15788.810511498588
Plp1,6871.794726088031,15794.233669971594
Plp1,6854.540721450237,15787.468233015412
Plp1,6864.329274456035,15775.605903533984
Plp1,6863.76630729967,15796.012210604358
Plp1,6876.581510788512,15778.009503911897
Plp1,6880.809391271983,14405.573099001753
Plp1,6886.190433560439,13986.090778750078
Plp1,6884.621816706111,13981.328718588951
Plp1,6886.980910459096,15871.794201266099
Plp1,6895.41750022226,15871.933876552745
Plp1,6875.030097666282,15893.085545651044
Plp1,6899.195216248977,15877.626294180325
Plp1,6885.874861770169,15870.195460878953
Plp1,6880.032723387845,15871.21846101892
Plp1,6892.1526043058575,15886.3990180565
Plp1,6881.3840209245,15878.286864035374
Plp1,6888.230753488005,15882.566744702259
Plp1,6895.558560730686,15881.533303997847
Plp1,6892.844718164827,15855.621768641422
Plp1,6887.3424145779,15871.086440503748
Plp1,6877.03766203251,14120.519357130257
Plp1,6886.404312390854,15819.327331678074
Plp1,6904.895581980294,15816.0507877245
Plp1,6912.043328816323,15824.511365009226
Plp1,6890.747092539945,15806.99534255695
Plp1,6896.910043308316,15816.832233292609
Plp1,6882.715495161953,15800.989520404266
Plp1,6878.139680539751,15826.582777130543
Plp1,6902.456100522095,15813.11507965397
Plp1,6892.87669289933,15842.310093704358
Plp1,6893.011331234061,15823.007818817488
Plp1,6905.528335742471,15824.02348224775
Plp1,6892.101548040284,15816.255546328372
Plp1,6908.305865901588,15814.616809123221
Plp1,6891.492555572331,15825.537517502604
Plp1,6886.808840481231,15796.946750877663
Plp1,6895.186678792717,15823.52073290056
Plp1,6900.075449569571,15808.063673400253
Plp1,6901.536782875085,15834.676889592029
Plp1,6892.743007737429,15823.484957680517
Plp1,6896.877958013213,14579.470407087398
Plp1,6924.641980200928,14681.120721937195
Plp1,6898.598422681051,14366.235786475721
Plp1,6919.416086785294,14358.813681219626
Plp1,6942.665806942635,13930.225505880611
Plp1,6927.132912176368,13904.20954278607
Plp1,6949.120167518522,14446.71537864604
Plp1,6949.202570652183,14453.772701537153
Plp1,6928.103001245893,15976.41125619899
Plp1,6942.39153088386,15963.776814323717
Plp1,6928.1714766507175,15976.90376130212
Plp1,6963.121063002433,15985.758641965533
Plp1,6950.278822869699,15970.32443114018
Plp1,6944.6904558082015,15966.04796298655
Plp1,6935.864453270872,15966.771554665314
Plp1,6942.742774999206,15989.778089539583
Plp1,6942.057154496078,15991.414649752252
Plp1,6922.627341574823,14269.28613847443
Plp1,6962.878412215715,14030.606167218952
Plp1,6956.5964703016225,13990.729218269487
Plp1,6970.332388860466,15004.529167555329
Plp1,6970.343963103288,15001.017462365297
Plp1,6980.141308023837,15003.790292674908
Plp1,6962.872775197835,15006.13326952943
Plp1,6978.895577878885,15008.792129475614
Plp1,6989.836229483377,15007.9617094229
Plp1,6980.929297964054,15023.266516847812
Plp1,6969.420319836429,15013.198168995423
Plp1,6965.852182488117,15000.931051382722
Plp1,6977.410249472008,15006.608943401998
Plp1,6969.061334642814,15013.857297999872
Plp1,6965.578867318903,15008.010295310347
Plp1,6969.179729070398,15010.102400499154
Plp1,6986.01742393593,15001.071871887074
Plp1,6976.990600086098,15011.406934581679
Plp1,6975.114025252287,15001.894083176814
Plp1,6963.135662700114,15004.641090603827
Plp1,6979.611727138491,14999.662447432616
Plp1,6982.733654201587,15023.826069554163
Plp1,6974.922066737351,15018.552110296268
Plp1,6972.8230900898325,15009.664528646637
Plp1,6970.921026769885,14996.29917061277
Plp1,6983.0518846041905,14996.911675664871
Plp1,6981.027704261178,15015.441763490708
Plp1,6961.763840970176,15012.005642013492
Plp1,6962.218942114794,15011.875183369933
Plp1,6971.699474855475,15011.694897267347
Plp1,6971.4093694542935,15013.20233217066
Plp1,6979.731128528643,15018.837848647514
Plp1,6966.332339223478,15006.644172882314
Plp1,6981.704993613633,14320.746448667494
Plp1,6960.250302877681,13850.196964500403
Plp1,6974.863935614465,13835.685378612696
Plp1,6977.248297861178,15988.201061851198
Plp1,6969.776949668655,15982.831051457875
Plp1,6971.516902717177,15973.94068629594
Plp1,6986.038503356891,16100.14084285977
Plp1,6966.647216938183,16110.778273287562
Plp1,6970.092447649976,16120.988071320973
Plp1,6961.028519966015,16119.95379214619
Plp1,6979.947534084213,16102.312367521681
Plp1,6989.843597050267,16118.948934812348
Plp1,6968.666348730967,16117.127882323866
Plp1,6973.616111775557,16129.698488110851
Plp1,6972.331134802504,16096.191334297013
Plp1,7001.648624044119,16107.531374905211
Plp1,6969.956873084046,16086.145031078273
Plp1,6967.750156985324,16105.263250264206
Plp1,6994.157618003587,14976.633794476797
Plp1,6990.458035598151,13670.736944731276
Plp1,7021.189679543941,15013.303483438518
Plp1,7009.3418643912755,15010.953399424741
Plp1,7007.944276784639,15002.756041663222
Plp1,7020.242844688324,16043.114477001021
Plp1,7014.969106749945,16046.771377253272
Plp1,7017.330227101341,16040.088547670162
Plp1,7024.224069307992,16048.566463279922
Plp1,7008.321141662547,16046.968156335815
Plp1,7008.75081822149,16044.310818284059
Plp1,7009.75302259983,16048.856177046351
Plp1,7017.30773396876,16054.652872913595
Plp1,7012.9591395054085,16043.13279062505
Plp1,7024.699078492078,16048.562074115747
Plp1,7000.2626816884185,16044.930415534727
Plp1,7028.139150243806,16047.828300956164
Plp1,7036.215122899196,16048.758255093979
Plp1,7025.446477232049,16054.177413252997
Plp1,7000.882748342074,16042.737822494646
Plp1,7018.715114267716,16043.331329031269
Plp1,7014.667110404323,16045.785363001067
Plp1,7012.737325527792,16053.866832428705
Plp1,7014.489339847424,14531.876544646479
Plp1,7022.635623096124,15840.498576304293
Plp1,7020.879879983798,15853.270325329473
Plp1,7032.034918594039,15831.20715419084
Plp1,7001.262343580693,15849.708580510614
Plp1,7038.119553173339,15836.166992361912
Plp1,7010.655291932255,15837.701482026718
Plp1,7018.609373391728,15846.210355994323
Plp1,7025.253002611912,15851.113219625744
Plp1,7010.588838425098,15849.31277096772
Plp1,7027.937224433718,16080.170573853242
Plp1,7025.127391788263,16088.146811014578
Plp1,7022.937647100229,16075.947251736148
Plp1,7023.649635207119,16097.625254714378
Plp1,7011.737663940001,16077.765509609571
Plp1,7027.335137663977,16081.596538969108
Plp1,7017.883331067187,16086.354760812328
Plp1,7044.357825103158,14648.82330660591
Plp1,7021.328700241082,14572.925937568343
Plp1,7031.167815354128,14572.88572096557
Plp1,7022.049943961158,14569.168093284135
Plp1,7019.865146219916,14895.4949412373
Plp1,7054.493413547068,13681.763836699081
Plp1,7038.794827013066,14363.586290240331
Plp1,7027.1054103747765,14364.528667144881
Plp1,7054.568538019595,14214.09537555114
Plp1,7058.8495495183715,14194.901681316996
Plp1,7060.240296519707,14174.429266499948
Plp1,7045.798098266539,14182.858414059943
Plp1,7050.537738098859,14191.112686988676
Plp1,7056.7289671209655,14931.99511974812
Plp1,7072.68284591712,14547.392648340525
Plp1,7069.787565898095,14557.780546686603
Plp1,7058.334069133738,14555.820012046783
Plp1,7076.551134466945,14555.474072262734
Plp1,7093.6121636799935,14552.690470085357
Plp1,7079.5294347797035,14326.02561312693
Plp1,7078.181633063482,14341.166114569276
Plp1,7086.156836318855,14327.611469411786
Plp1,7072.676136716871,14329.794589350784
Plp1,7079.874151768946,14495.499988572437
Plp1,7070.23903312437,14864.254156750525
Plp1,7095.8541953772055,14864.554272879192
Plp1,7100.463720079752,14857.328261819364
Plp1,7091.341619373804,16255.946179605367
Plp1,7075.416429185438,16251.065675785014
Plp1,7079.990737836669,16251.14024536437
Plp1,7089.747062016775,16238.149668922697
Plp1,7069.223066716274,16256.86956582866
Plp1,7093.678909121349,14133.218660073806
Plp1,7085.959370996916,14835.530807885674
Plp1,7087.722347632778,14820.40936335372
Plp1,7082.685895952102,14828.056365341237
Plp1,7103.212484319406,16332.466943191608
Plp1,7088.140564180822,16342.315066272038
Plp1,7081.9780243667265,16356.743939282867
Plp1,7098.337542164241,16328.206390173396
Plp1,7085.945649755058,16339.413423652235
Plp1,7089.4263136012105,16314.473315559602
Plp1,7092.531446871013,16321.064411720165
Plp1,7074.328082323258,16327.5992183807
Plp1,7089.705854104399,16321.145502541769
Plp1,7106.756916753715,16336.953582809141
Plp1,7095.866769463037,16326.39917496242
Plp1,7082.100913759667,16330.742130541728
Plp1,7107.864090647454,16349.10600327546
Plp1,7085.642747056563,16344.23818080949
Plp1,7100.115261167517,14505.268009462552
Plp1,7101.315585444969,14503.987354388202
Plp1,7092.84762976985,14785.397321480175
Plp1,7102.064496403276,14785.705855822367
Plp1,7091.071282345469,14775.34934413889
Plp1,7098.281104107792,16226.706409720995
Plp1,7116.433737870975,16218.806688977062
Plp1,7112.2729226271385,16222.741216176482
Plp1,7126.541811611479,16233.741559237411
Plp1,7103.454028960621,16217.902356644443
Plp1,7110.345459155427,16221.810000367808
Plp1,7109.572949317303,16229.209079546989
Plp1,7113.173795428074,16216.832841371473
Plp1,7110.087328973128,16209.924133449915
Plp1,7102.705900504909,16223.699163192709
Plp1,7103.9107214554415,16230.294413549518
Plp1,7122.6721158597775,16218.646201722742
Plp1,7108.092035760805,15125.382211272949
Plp1,7148.065462641243,15751.340875687192
Plp1,7139.445461059053,16256.660730969234
Plp1,7136.47553511467,16235.698195453855
Plp1,7154.555564579224,16234.742744787169
Plp1,7132.697078405919,16241.813771219671
Plp1,7145.7633023288045,16251.052399531749
Plp1,7152.525283025993,16245.778820610265
Plp1,7136.038535250028,16239.458770292174
Plp1,7140.919641455745,16240.068461136174
Plp1,7148.031011973996,16250.808609531994
Plp1,7159.557977012869,16226.187435379748
Plp1,7155.326733834988,16228.356617247638
Plp1,7148.084010602218,16260.509077731105
Plp1,7153.167236588062,16243.548804381846
Plp1,7152.258648121533,16246.670750567611
Plp1,7137.403439646864,15025.120364631844
Plp1,7169.692707061299,15054.472368052391
Plp1,7151.92690253256,15033.59612984844
Plp1,7159.746112236466,14807.35731716801
Plp1,7168.9855746969515,15451.940362534951
Plp1,7152.007684851564,15449.651735899248
Plp1,7161.144871578848,15463.999170576608
Plp1,7163.152808370802,15466.538198991457
Plp1,7164.219023504364,15447.709173372812
Plp1,7168.459562775955,15461.32334213738
Plp1,7168.330614978872,15445.23294793335
Plp1,7160.654578544244,15455.462349410518
Plp1,7159.399376364165,15459.05298464446
Plp1,7182.74266078138,15452.40281158413
Plp1,7161.349066898551,15449.234979768464
Plp1,7167.36626650184,15451.126067096246
Plp1,7150.773553584647,15451.872412701376
Plp1,7165.13521376326,15473.955843113203
Plp1,7174.1824297236035,15460.129382037545
Plp1,7159.081952292878,15455.534008228364
Plp1,7146.448405641934,15473.825880057155
Plp1,7167.657779931924,14871.527099727544
Plp1,7187.929619806984,14128.766267112987
Plp1,7199.619143746686,14134.437202738625
Plp1,7207.479605437001,14882.669773374422
Plp1,7251.508490251842,15381.945068041443
Plp1,7247.495238658999,15389.214970580471
Plp1,7251.757642853415,15378.490462504124
Plp1,7244.781844387603,15370.91040611217
Plp1,7258.329787814058,16493.84472298468
Plp1,7228.6640738701535,16495.99874082439
Plp1,7236.330275015994,16494.53920522109
Plp1,7247.155002547119,16487.903510420183
Plp1,7242.822272468699,16488.037938617563
Plp1,7248.563264257716,16507.877584589172
Plp1,7256.955685990588,16422.92979623594
Plp1,7249.082269410111,16422.77829529904
Plp1,7252.827333381629,16432.93610729662
Plp1,7238.331026969593,16430.859957459466
Plp1,7257.522869303765,16412.26289514895
Plp1,7236.700887675989,16425.313359526397
Plp1,7256.123055000266,16419.185634832793
Plp1,7244.819450226625,16421.06843935832
Plp1,7257.829394612454,16429.29337052688
Plp1,7259.630303848545,15035.88474664995
Plp1,7245.512529096234,15047.98790748664
Plp1,7257.6207716974195,15035.127096074679
Plp1,7254.8565043681665,15040.722379415629
Plp1,7256.414707022941,15041.354917280963
Plp1,7241.632782924518,16522.799972134988
Plp1,7247.2704859688,16518.569172376345
Plp1,7244.77004850898,16543.438066192255
Plp1,7256.826552660233,16597.1632956636
Plp1,7249.594130169895,16603.732040934483
Plp1,7251.401867589275,16604.808586296534
Plp1,7256.541369914268,16589.99318519914
Plp1,7243.2102156993915,16595.234785862893
Plp1,7249.960968915504,16593.426926236913
Plp1,7244.146263767051,16598.807042699947
Plp1,7247.477882825653,16595.19460179123
Plp1,7261.486859468711,16602.97632138803
Plp1,7260.470510753961,15311.870626718523
Plp1,7262.23365084853,15430.336299863113
Plp1,7295.478189950748,16571.80144365668
Plp1,7293.860905840852,16566.049466069988
Plp1,7268.674447296848,16571.032760668375
Plp1,7300.921816101237,16554.240366359547
Plp1,7277.541365146087,16568.787861154105
Plp1,7293.441418137549,16555.768216765213
Plp1,7270.155866986931,16562.45678968272
Plp1,7280.774497218471,16571.646825787724
Plp1,7286.4493771687685,16563.21574014841
Plp1,7288.562491003126,16564.52821747521
Plp1,7279.950918748213,16570.074334474884
Plp1,7287.197179079572,16573.446949440597
Plp1,7300.303349785175,16576.657859032744
Plp1,7291.28573847422,16568.21318155249
Plp1,7280.865403832787,16606.078970090937
Plp1,7283.072189163336,16649.42924627246
Plp1,7281.802835669345,16630.539940084207
Plp1,7270.749094301677,16617.70162659556
Plp1,7285.90137644137,16630.623119853346
Plp1,7283.515281188114,16621.995732337557
Plp1,7271.106683766644,16618.183400776907
Plp1,7298.884064495999,16632.51549441385
Plp1,7270.999170134116,16626.05678051236
Plp1,7279.069607982038,15266.379705511403
Plp1,7326.179186646192,15332.52953657543
Plp1,7340.751993523067,15650.15423328554
Plp1,7324.520320425683,16529.09618761218
Plp1,7323.621594822633,16545.153058640066
Plp1,7323.318054236577,16533.658873723627
Plp1,7342.186766419574,16535.89155235632
Plp1,7316.87373629521,16548.5937252854
Plp1,7322.564476800102,16530.307695416974
Plp1,7310.544453410178,16542.198005593
Plp1,7328.386956510287,16538.62121234098
Plp1,7313.331305125648,16531.14221485184
Plp1,7344.244910655803,15535.885840977495
Plp1,7335.353645380362,15509.316123102364
Plp1,7326.562279625968,15516.881002973329
Plp1,7339.698441468129,15270.986238135074
Plp1,7345.283897307245,15563.814782709833
Plp1,7325.850873777985,15556.823229500713
Plp1,7356.056520305549,15559.09985217049
Plp1,7342.2526782484065,16657.56762859273
Plp1,7348.088459193402,16645.71978835083
Plp1,7337.573747617471,16665.462246877752
Plp1,7351.414926735412,16658.474270741393
Plp1,7344.772900989201,16666.564922784986
Plp1,7360.48795885586,16654.414449036314
Plp1,7351.974240471904,16675.706522458902
Plp1,7330.803722637148,16676.414217726902
Plp1,7342.4090204816575,16678.147802022715
Plp1,7353.599084921576,16680.44635600247
Plp1,7344.747648022436,16664.959970105618
Plp1,7347.5939672383665,16664.207770824665
Plp1,7358.6450374774695,15432.233561982119
Plp1,7381.116353369933,15427.801722195665
Plp1,7371.203288961602,15343.594735800178
Plp1,7400.139424756567,15578.248585008803
Plp1,7381.772341251775,16770.76502328115
Plp1,7377.611055432688,16784.305696339827
Plp1,7371.58327072513,16771.230419444117
Plp1,7389.088441413826,16537.90645802251
Plp1,7395.9867448094055,16522.797335356718
Plp1,7385.175576225827,16531.368261981323
Plp1,7394.006579389968,16516.43050976573
Plp1,7390.985859537481,16511.420276415705
Plp1,7393.27461231798,16528.69134086203
Plp1,7399.314311838676,16522.144603208828
Plp1,7406.782206179117,15538.934365792313
Plp1,7401.842475286262,16788.37107464752
Plp1,7393.143507435808,16797.779748332454
Plp1,7405.63378781538,16805.96016614744
Plp1,7397.582299938229,16806.50724120166
Plp1,7413.011399011244,16798.532293645803
Plp1,7408.764773411972,16794.040056091675
Plp1,7409.12390413639,16786.17957621285
Plp1,7402.1545327200065,16802.8168815615
Plp1,7403.636074114327,16799.9154516985
Plp1,7391.87609525301,16810.24932054579
Plp1,7413.496822093219,16634.38063721057
Plp1,7403.732133250091,16653.355882849854
Plp1,7414.177886529146,16441.426964768863
Plp1,7398.895992128441,16461.086894765074
Plp1,7417.397447480528,16464.925776628206
Plp1,7429.143734183433,16449.161080849863
Plp1,7416.646830437016,16438.719649485305
Plp1,7411.969714418856,16430.85279648932
Plp1,7453.698226963567,15635.769483934337
Plp1,7443.786436235484,15320.091358270196
Plp1,7431.140290035319,16600.096451570065
Plp1,7441.815992899116,16605.084292158117
Plp1,7433.131007574636,16602.79269336992
Plp1,7435.378583900865,16612.55913913773
Plp1,7447.45476041725,16628.60819611964
Plp1,7453.444995910536,16609.00634279118
Plp1,7436.4235068841235,16624.735565196697
Plp1,7469.951547210428,15896.426437617472
Plp1,7445.355873117553,15888.268366017548
Plp1,7450.91297002538,15854.4376951603
Plp1,7464.936203150799,15922.411089530142
Plp1,7476.336758751778,16794.67895605377
Plp1,7474.236668406358,16781.609875567705
Plp1,7455.213903758892,16790.33284148973
Plp1,7467.205987105882,16796.315154816646
Plp1,7478.554041235433,15831.2145598245
Plp1,7474.566866525865,15897.883124585982
Plp1,7468.17614582001,15900.886519762264
Plp1,7498.692485202963,16676.027560883544
Plp1,7497.327900534003,16671.844251127215
Plp1,7489.827698312027,16670.242457373857
Plp1,7504.472638111644,16658.643137524017
Plp1,7489.693130619956,16672.828474802893
Plp1,7485.597622978945,16667.551511764494
Plp1,7487.291096322771,16667.756647416205
Plp1,7507.532960740476,16644.916802904518
Plp1,7498.895021870421,16665.126607416863
Plp1,7510.09815478296,15956.246943186396
Plp1,7511.999462000132,15775.867992941015
Plp1,7528.39618676481,15702.785488715821
Plp1,7516.06374776358,15699.99814292414
Plp1,7526.091767140497,16798.900653337587
Plp1,7526.968400357304,16799.675797453725
Plp1,7544.952592037763,16791.504581279398
Plp1,7518.348011820953,16788.67649058737
Plp1,7529.81151005963,16790.883780255805
Plp1,7516.671822519728,16789.215270809338
Plp1,7546.580322366724,16787.029042002
Plp1,7508.947614605953,16789.70124005234
Plp1,7515.528855388949,16797.08149686104
Plp1,7497.382035756626,16937.423477826578
Plp1,7547.565254158692,15918.407260549828
Plp1,7558.966842575884,16928.1599967812
Plp1,7572.955417306841,16961.498501015678
Plp1,7548.050164159986,16950.3675839369
Plp1,7550.4797345752895,16937.190372808604
Plp1,7551.719677075063,16931.77185005671
Plp1,7556.407784770286,16943.140007567334
Plp1,7557.967498719848,16928.00506504741
Plp1,7553.1329632801535,16934.21183845786
Plp1,7555.5208522614475,16945.01010821213
Plp1,7570.848576415603,16928.83934343682
Plp1,7545.773048148045,16922.493060864486
Plp1,7553.430273413892,16919.466790365903
Plp1,7548.838054237995,16942.37986949978
Plp1,7548.674850358303,16944.07597654728
Plp1,7543.999481168952,16930.82492739855
Plp1,7545.743084264643,16927.922882175797
Plp1,7559.386811072282,15893.895511387724
Plp1,7565.057028668638,15890.118891624312
Plp1,7569.912812899977,15900.995039629426
Plp1,7588.493378970747,14814.244589535427
Plp1,7594.359659237462,14826.588989355023
Plp1,7585.086600649311,14821.49100223931
Plp1,7595.861353299024,14798.426452305332
Plp1,7577.1411547122625,14814.75039926393
Plp1,7592.213856388939,14832.440382038547
Plp1,7569.416989471892,14816.059082762957
Plp1,7584.278788011865,14815.189363067002
Plp1,7600.402947300574,14826.53199560427
Plp1,7579.390381866788,14822.51486787883
Plp1,7579.190297410044,14817.493304420432
Plp1,7585.927499507277,14815.477377026571
Plp1,7573.626342434804,16634.20771135951
Plp1,7587.6747623526435,16625.00461351744
Plp1,7604.732460199909,15865.02591604986
Plp1,7614.846653916676,15889.565728399475
Plp1,7606.602644127887,14515.851096651444
Plp1,7611.300550683507,14549.751747701719
Plp1,7605.553155664661,14542.051428344725
Plp1,7595.915726893597,14526.601433214642
Plp1,7595.994920021453,14517.553899628494
Plp1,7604.08409736894,14517.919921104543
Plp1,7607.299181190663,14543.873734931503
Plp1,7602.073089310874,14540.11641844054
Plp1,7610.892945531245,14544.30618401781
Plp1,7629.015653539003,14539.497322697069
Plp1,7605.6848995060545,14524.997346949052
Plp1,7626.232100323779,14540.706745402977
Plp1,7609.559246075311,14531.277926003819
Plp1,7585.641961704204,14517.564264010687
Plp1,7602.674235523743,16106.229095169936
Plp1,7608.545101475276,16127.645216503004
Plp1,7651.506557782608,16984.98447040024
Plp1,7647.503204284603,16984.951418176766
Plp1,7631.944035158498,16986.049905181328
Plp1,7638.406023198424,16976.040976407512
Plp1,7647.330905456127,16987.660724853078
Plp1,7650.435138925921,16991.856521333648
Plp1,7611.959203291971,16057.403841286501
Plp1,7652.909581668268,15127.093052964909
Plp1,7655.381864780033,15136.362887647007
Plp1,7654.015741058672,15133.63490156563
Plp1,7663.226415494104,15130.807305853588
Plp1,7649.41474330255,15141.11297694657
Plp1,7662.3441713776665,15144.52284855614
Plp1,7651.773591014127,15125.208495927958
Plp1,7653.856657326565,15140.338556436154
Plp1,7654.785678857733,15125.18873430918
Plp1,7650.631636973361,15131.121528371958
Plp1,7661.91915228796,15132.398414261283
Plp1,7648.154426436649,15122.281487592163
Plp1,7650.3525589179535,15134.516177284302
Plp1,7659.189079290029,15134.897547437267
Plp1,7658.618459529078,15151.490021554688
Plp1,7672.0231084326915,15127.110695447247
Plp1,7657.315550578444,15116.16989600575
Plp1,7663.23881365924,15121.6300121566
Plp1,7658.788844991507,17015.70724239364
Plp1,7666.333678799018,17025.78879929324
Plp1,7671.328649021002,17020.71698291637
Plp1,7679.714904332662,17034.236743843576
Plp1,7665.259238246056,17028.941355932977
Plp1,7663.635826956829,17033.130601555113
Plp1,7657.709715632979,17028.626952149392
Plp1,7678.2877501089115,17030.295138520014
Plp1,7658.4801723483915,17035.301421794662
Plp1,7671.597272426382,17021.8809391335
Plp1,7668.726764799642,17018.72252406188
Plp1,7671.076551904504,17023.233634251334
Plp1,7675.962320797435,17025.777999125858
Plp1,7668.363060197234,17026.07187723272
Plp1,7666.657761822426,17014.252215795517
Plp1,7679.69117418237,17032.05510874068
Plp1,7665.71471768912,17011.167678245845
Plp1,7675.510498059172,17013.743332847287
Plp1,7670.4529579231785,17023.7033563704
Plp1,7654.766166842219,17019.385569568578
Plp1,7672.578920608961,17020.74619476532
Plp1,7674.791856425496,17010.04480913076
Plp1,7680.463207792063,17031.1623243976
Plp1,7654.420803785792,17003.0185778472
Plp1,7674.288445803936,17017.30264865779
Plp1,7666.669280727837,17049.614028848744
Plp1,7671.597317724583,16869.007713965875
Plp1,7673.768132376327,16885.403962062166
Plp1,7669.788701427987,16886.749541322915
Plp1,7671.772392593803,16874.458554324017
Plp1,7667.274182807351,16888.214672423164
Plp1,7671.891661835511,16879.47248944885
Plp1,7682.512105350067,16878.310450825473
Plp1,7672.158512941567,16872.98746117928
Plp1,7670.617503597137,16864.950139286488
Plp1,7667.821578834605,16057.56036756642
Plp1,7688.522178127686,16234.83366629205
Plp1,7686.792250298339,16224.975564682343
Plp1,7707.245733024214,16736.023230746552
Plp1,7676.338085596829,16747.38386956716
Plp1,7678.5645820530335,16718.45553950533
Plp1,7677.385021161532,16745.594445833016
Plp1,7687.118166016874,16729.937105541383
Plp1,7672.645846733918,16748.41422627772
Plp1,7681.5042289975,16747.610472669898
Plp1,7673.609878046689,16733.812757360425
Plp1,7684.607743573335,16733.11420215984
Plp1,7686.406610322475,16727.76166012238
Plp1,7694.90886745704,15954.104185373497
Plp1,7686.957560034102,16323.090328910563
Plp1,7687.048409360956,16329.731103267188
Plp1,7695.930936624786,16334.377823612725
Plp1,7676.370968665375,16310.875294772808
Plp1,7694.321179886653,16304.48444982012
Plp1,7676.524385532994,16314.52336534374
Plp1,7677.9515084378,16321.778401759628
Plp1,7673.023432955228,16327.148787369295
Plp1,7671.376862963443,16312.080323580092
Plp1,7698.885225009963,16319.634330241888
Plp1,7674.894173149915,16314.444289609517
Plp1,7689.334030700683,16313.522269266885
Plp1,7676.057483933212,16313.303919930217
Plp1,7714.562071421653,17050.009854666045
Plp1,7706.257503304459,17055.890373980255
Plp1,7713.557010223987,17054.18193068834
Plp1,7701.41719483619,17048.806343837423
Plp1,7709.248784059763,17062.84244448135
Plp1,7683.3482359676345,17035.154960293028
Plp1,7711.221287652406,17038.413546946973
Plp1,7697.318819401381,17054.95139525416
Plp1,7695.142866674553,17047.566632296548
Plp1,7707.905817328376,17054.52802675666
Plp1,7701.5279811503515,17044.724632985988
Plp1,7694.399178868623,15380.195104588885
Plp1,7693.0223186944095,15368.699859559381
Plp1,7691.529112313677,15356.08563678237
Plp1,7707.3293359919235,15377.639286265603
Plp1,7706.137384039532,15383.999469909133
Plp1,7698.338846879592,15379.939810244925
Plp1,7704.451567205397,15369.039780273162
Plp1,7694.090845787912,15370.189914509334
Plp1,7704.261715548761,15369.020356366189
Plp1,7704.041509946882,15378.454474249644
Plp1,7707.593334290324,15367.589903253227
Plp1,7717.170170954152,16276.643892472066
Plp1,7703.745448774254,16955.289262250368
Plp1,7709.1711356895075,16959.630895349506
Plp1,7713.361898726493,16969.42443232727
Plp1,7710.459304041784,16978.207992080937
Plp1,7712.38796505825,16984.14784006262
Plp1,7702.689237812754,16972.39626519894
Plp1,7725.298551360026,16971.06667950075
Plp1,7717.760163669653,16965.002272649795
Plp1,7719.752272903869,16980.774625946993
Plp1,7723.259480324641,16974.838836467927
Plp1,7730.483752291202,16131.636495682536
Plp1,7709.800869859561,16131.948800700338
Plp1,7740.114488370588,16113.028901449385
Plp1,7737.190856003018,16208.792494996578
Plp1,7697.689515640451,16190.552825557086
Plp1,7744.7143249307865,16091.052832508482
Plp1,7751.944390464647,16051.471249226635
Plp1,7746.591678124475,16064.2956487886
Plp1,7749.151020179119,16060.257788791447
Plp1,7771.2866492089315,16175.31538407788
Plp1,7761.392684567298,16180.23019055432
Plp1,7750.232341388063,15013.300316844636
Plp1,7757.067587064011,15019.993726658198
Plp1,7796.7015212000615,16145.820699331929
Plp1,7804.358074590106,16130.697097345244
Plp1,7797.364332747292,16174.801669928876
Plp1,7800.5138715021685,16184.34502509398
Plp1,7819.483488850042,16162.297541944354
Plp1,7811.836262905747,15214.833228359234
Plp1,7823.571798920702,15212.504948371654
Plp1,7801.500821359693,15208.586873972732
Plp1,7800.252249999666,15220.462212090528
Plp1,7814.9348037303125,15215.173335519226
Plp1,7827.679736729177,15226.296052757236
Plp1,7827.446808388649,15224.154021370736
Plp1,7818.566953622479,15219.475973106768
Plp1,7815.803403396456,15227.567802499876
Plp1,7808.82134797572,15229.929377676284
Plp1,7817.709350463863,15203.402276552215
Plp1,7803.894469610672,15218.903628770138
Plp1,7815.20475281665,15216.361084643942
Plp1,7826.613347806139,17036.82869195939
Plp1,7837.724527834871,17066.431883271605
Plp1,7810.861896203844,17047.71783251079
Plp1,7833.099490687937,17056.564282476586
Plp1,7828.273578460775,17041.182433133363
Plp1,7829.196397289898,17039.32606795385
Plp1,7826.295182390518,17046.549209076784
Plp1,7826.70620457766,17044.662160547534
Plp1,7818.81151414601,17032.47333141708
Plp1,7824.478925184132,17063.60483137943
Plp1,7825.361096811928,17047.872795882846
Plp1,7816.07415577225,17030.49815887804
Plp1,7841.466289348821,16308.954691894996
Plp1,7836.745787699844,17133.138647354484
Plp1,7836.5234375040545,17147.341065437944
Plp1,7840.5374004240875,17121.60568756103
Plp1,7854.8625521556605,17131.435521955176
Plp1,7844.86581863575,17146.299310981787
Plp1,7838.355435908786,17130.683280024594
Plp1,7864.145166417367,17136.31703570961
Plp1,7838.0497634020885,17148.203700118833
Plp1,7843.278927034573,17127.11094107932
Plp1,7834.149620943337,17147.757225372898
Plp1,7845.071438376372,17138.116455786636
Plp1,7846.896265412868,17146.437411565792
Plp1,7848.008679616618,17136.659616733985
Plp1,7836.313751727457,17147.015568984647
Plp1,7842.250768877847,17137.73971769541
Plp1,7866.329179998803,15368.309533000749
Plp1,7863.580911860286,15353.61274613263
Plp1,7860.440877672878,15356.295303671652
Plp1,7875.782429771138,15368.228291080073
Plp1,7850.341080766576,15353.032673409682
Plp1,7858.363219190008,15355.569980917347
Plp1,7866.7533206420285,15371.124145849059
Plp1,7869.242786627734,15368.97255072947
Plp1,7869.783523878643,15363.146780365447
Plp1,7855.606938945743,15372.96985256279
Plp1,7881.806883278029,15363.997881662346
Plp1,7860.88225991794,15358.138232485815
Plp1,7871.387608097805,15355.93654660184
Plp1,7873.448355648323,15363.368283814185
Plp1,7868.85056154538,15353.919660660333
Plp1,7871.710276958883,15352.784858750632
Plp1,7858.797824698247,15366.524061897897
Plp1,7891.026751190649,17236.00927895089
Plp1,7886.367111960735,17215.80712637838
Plp1,7884.374688129904,17214.147071405663
Plp1,7877.613938237294,16522.082568567435
Plp1,7894.028733460318,17056.253791305167
Plp1,7880.720139677807,17060.719080675975
Plp1,7883.174641293622,17065.03749149224
Plp1,7897.892939351071,17059.193456816858
Plp1,7895.21879921839,17073.265920337722
Plp1,7886.134563458057,17048.61367904164
Plp1,7890.221420723728,17072.095950160783
Plp1,7889.699741854659,17062.345122647905
Plp1,7894.114658076016,17066.963693925292
Plp1,7884.9978407905455,17187.663389743913
Plp1,7869.155296362479,17174.40348535536
Plp1,7879.627338660594,17160.3266369555
Plp1,7893.184920403878,17166.67121605381
Plp1,7895.108929333475,17176.272124876614
Plp1,7909.150587864531,17185.291840933438
Plp1,7896.477602895348,17174.84284706605
Plp1,7886.344228262693,17172.970392190564
Plp1,7870.321054226918,17174.280625993542
Plp1,7887.769291166033,17182.448032903616
Plp1,7895.276941515344,17183.570621076466
Plp1,7904.479797550423,16412.903165230484
Plp1,7903.257928080354,14789.304994668246
Plp1,7925.2346475809345,14795.052969514956
Plp1,7919.426590717988,14782.43039938528
Plp1,7912.409739968876,14775.195984174212
Plp1,7897.388023705349,14778.95077526432
Plp1,7916.347912837676,14797.915890399812
Plp1,7924.5102032639625,14797.104789640294
Plp1,7908.745853202097,14776.414704286208
Plp1,7913.9320740739095,14766.601178670116
Plp1,7923.915433186499,16343.715779313658
Plp1,7945.643928365432,16439.416875914438
Plp1,7933.5592734743705,16439.74292680448
Plp1,7932.489150865133,16442.529553578202
Plp1,7937.840785747742,17263.01255792128
Plp1,7949.7633534310535,17269.04003342764
Plp1,7950.7062893438615,17265.12638818897
Plp1,7948.951787136214,15042.63679515486
Plp1,7964.847764796157,15046.243520907685
Plp1,7963.370214821363,15051.843870864148
Plp1,7957.233191452477,15055.631295905594
Plp1,7961.074471336123,15057.4884732815
Plp1,7975.164411527924,15029.646576978545
Plp1,7976.141482635355,15046.561196411041
Plp1,7961.504890546136,15046.429936002522
Plp1,7965.493995106904,15058.49764797035
Plp1,7949.240228485921,15043.258048386293
Plp1,7968.873322071057,15045.845660296955
Plp1,7956.707835461013,15033.148191395097
Plp1,7969.582818252312,15049.486143768061
Plp1,7979.673927953256,14585.501915755722
Plp1,7970.310024743292,14599.262354641869
Plp1,7980.81115044471,14601.343612484377
Plp1,7983.0068653346725,14581.533510192034
Plp1,7974.610723985326,14597.69075261076
Plp1,7982.943968003072,14598.794763568674
Plp1,7981.200147256679,14598.49482148045
Plp1,7987.225906587198,14577.769438011543
Plp1,7974.292604681704,14590.292554899428
Plp1,7968.281870190068,14580.700448024008
Plp1,7977.644122694871,14559.82392399305
Plp1,7981.007787570406,14592.56708310595
Plp1,7982.561187936867,14591.732505837692
Plp1,7973.61221973019,14575.063116976835
Plp1,7971.287969607734,14583.450057483102
Plp1,7989.356396061922,14572.921833159002
Plp1,7962.828368599041,14608.469638530478
Plp1,7974.90696656151,14598.623399854718
Plp1,7989.782899259548,14568.680441018669
Plp1,7989.544929283001,14600.926103373793
Plp1,7980.20001856517,14598.0458880234
Plp1,7962.547530247862,16608.19897936913
Plp1,7973.344421764792,16598.31305347866
Plp1,8029.874132468745,17238.22806599051
Plp1,7995.845482431876,17261.91096514141
Plp1,8011.4501581359955,17250.034534801536
Plp1,8012.719043194155,17257.652628005017
Plp1,8009.070082929832,17263.740293758714
Plp1,8014.268775710473,17249.95080511194
Plp1,8005.252979355079,17245.475492081765
Plp1,8004.939065192895,17259.394122203877
Plp1,7996.916344950258,17271.79368566035
Plp1,8012.1417050394375,17253.83536549156
Plp1,8015.610063338478,17267.045261241874
Plp1,8004.227294206697,17263.081187089872
Plp1,8010.084980109492,17263.819135656013
Plp1,7996.233704255509,17262.29857510063
Plp1,8002.13411000231,17259.140151412517
Plp1,8018.975129235247,17395.396380323073
Plp1,8001.96222692709,17391.324524116822
Plp1,8022.405454739371,17370.719168664466
Plp1,8005.626283549836,17390.58863936444
Plp1,8019.402483842618,17381.081861360126
Plp1,7999.289604205767,17380.880038204963
Plp1,8013.375251250865,17381.591467496182
Plp1,8007.265865147164,17394.458409188774
Plp1,8022.145404746563,17390.751378361558
Plp1,8016.066695607046,17381.203814892084
Plp1,8016.0231152799515,17395.963043115695
Plp1,8016.856564371922,17390.516500240148
Plp1,8005.66937815347,17374.524606252293
Plp1,8033.7731306200985,16444.311376237954
Plp1,8016.62037285389,16516.54909542549
Plp1,8028.446978693085,16498.77825771089
Plp1,8069.663898283348,16615.577062207787
Plp1,8074.92184392551,16602.040494059765
Plp1,8063.198126730069,16598.308801921266
Plp1,8077.036721436289,17327.542507050755
Plp1,8078.347201956765,17320.73724888153
Plp1,8087.656085594947,17336.260110124986
Plp1,8079.123659578652,17324.81681993001
Plp1,8083.801842298377,17329.731174550714
Plp1,8134.492250961452,15102.11390039671
Plp1,8130.938299102257,15113.7111029043
Plp1,8117.329966617939,15121.891590847805
Plp1,8141.230361443575,15106.736567978076
Plp1,8122.057609157051,15091.654678502095
Plp1,8115.792334714338,15100.028910198653
Plp1,8133.901178123886,15107.627656176914
Plp1,8108.661269642631,15086.600261424059
Plp1,8118.295464080877,15105.6168315049
Plp1,8132.599540064118,16528.7493454344
Plp1,8133.340351846324,16523.986121589434
Plp1,8127.041977438666,17428.315639773202
Plp1,8125.877418787009,17392.119442955114
Plp1,8125.986475374449,17405.99528118899
Plp1,8113.723114722528,17396.07607004311
Plp1,8134.447438711033,17397.653938175863
Plp1,8146.452062828485,17399.172819484524
Plp1,8138.696921738959,17391.666552134324
Plp1,8139.562156866159,17404.561621704
Plp1,8134.882852715192,17395.533062519862
Plp1,8144.147546136533,16783.544928162595
Plp1,8170.84283579101,16787.036709357562
Plp1,8145.820659108347,16805.40584019739
Plp1,8147.011850275608,16817.183915224818
Plp1,8169.150311447862,16784.28859104333
Plp1,8133.491060642387,15223.660228074928
Plp1,8156.426664985018,15243.601817535795
Plp1,8146.393755706052,15229.699066936613
Plp1,8165.427188554145,15234.926632083168
Plp1,8161.675665508785,15247.406985142205
Plp1,8149.496522957097,15228.83182743583
Plp1,8162.403439263147,15244.31559648107
Plp1,8153.247588313813,15241.312127423254
Plp1,8152.050165194137,15234.661040937288
Plp1,8154.447122264922,15224.679940191061
Plp1,8148.963435399542,15247.067140391782
Plp1,8174.736272897481,16633.437506122857
Plp1,8177.870096993133,16636.63178638448
Plp1,8167.8644471453,17376.160175792902
Plp1,8170.374416002074,17373.617889988058
Plp1,8186.420386692582,17383.817330960577
Plp1,8193.7077340387,17374.327549990245
Plp1,8184.921087217203,17379.421586944503
Plp1,8175.376118824089,17373.113297074677
Plp1,8169.212941838533,17392.84991854032
Plp1,8188.752864139872,17375.670221679546
Plp1,8174.408034715038,17379.953077147467
Plp1,8169.816581780281,17373.692915683296
Plp1,8168.706919719165,17395.057204564633
Plp1,8190.303758645646,16681.436257650214
Plp1,8236.29606014164,16597.482916731624
Plp1,8230.887888542458,16600.716788104684
Plp1,8226.4159589831,16620.587432149245
Plp1,8216.908053593252,17548.55284169416
Plp1,8228.148575029245,17542.895155880316
Plp1,8232.970040186106,17542.187432020062
Plp1,8269.86483557679,17566.78967177028
Plp1,8266.772929701276,17552.13861978523
Plp1,8288.923177799414,17559.08040716111
Plp1,8276.517719208545,17564.936572626073
Plp1,8288.054787300774,17573.70155250983
Plp1,8287.611762152312,17568.892095161533
Plp1,8307.078559409067,15818.880525769862
Plp1,8313.276765134988,15829.581323662678
Plp1,8298.818981311724,15825.915546998845
Plp1,8299.190239014992,15826.042346712191
Plp1,8305.410544507737,15823.066489190423
Plp1,8293.845274167614,15833.972423104646
Plp1,8311.13532316859,16889.259480576628
Plp1,8322.535176942623,16811.40657482866
Plp1,8321.727944778899,16653.19935823084
Plp1,8339.84611027466,15890.523716833366
Plp1,8330.209555301191,15908.715929499087
Plp1,8332.378281098225,15874.047369611579
Plp1,8352.062269683765,17509.879247497545
Plp1,8339.433577934651,17528.96887515925
Plp1,8327.429867771003,17539.266201979273
Plp1,8338.617521807213,17531.631237662037
Plp1,8341.527129688388,17535.631757348696
Plp1,8344.476396761842,17541.901553528834
Plp1,8341.359313138511,17533.61565768122
Plp1,8348.10910390961,17513.75680257502
Plp1,8345.36703939283,17540.365902803704
Plp1,8328.082120240135,17658.66575191276
Plp1,8342.425663282349,17673.298096695547
Plp1,8347.398994512196,17664.774860425037
Plp1,8352.386928629629,17659.54185707431
Plp1,8363.78608333969,17671.66880171624
Plp1,8349.232006916956,17656.399720094618
Plp1,8342.54796197184,17660.88369694009
Plp1,8337.439821019552,17672.858038886778
Plp1,8323.144210087547,17668.816027687135
Plp1,8336.372693211113,17675.09671464817
Plp1,8352.981137796118,17673.480658954602
Plp1,8337.76122511756,17653.31132270775
Plp1,8334.805265198496,17676.97303125197
Plp1,8344.306400657219,17655.931362051288
Plp1,8348.581191867228,17664.772232458916
Plp1,8341.658643799852,17660.705353098758
Plp1,8356.917246784385,17664.295910939003
Plp1,8385.22793079956,17595.122130141
Plp1,8349.149011969128,17607.509917452444
Plp1,8371.18921387064,17621.68717381051
Plp1,8376.955212324503,17605.015055675485
Plp1,8380.41522067005,17620.290645720008
Plp1,8371.195126553286,17602.257479069725
Plp1,8353.52578221965,17599.16333595289
Plp1,8371.731686001809,17599.527631283727
Plp1,8355.674722241769,17604.861468110103
Plp1,8381.474607907177,17603.81618523357
Plp1,8373.777260238163,17611.469349886498
Plp1,8353.803202875682,16807.223708182188
Plp1,8402.145551230036,17716.477175384243
Plp1,8424.378433980897,17705.165988467008
Plp1,8416.208106713126,17702.273912473796
Plp1,8426.266534723689,17695.233558375297
Plp1,8415.580946570879,17701.81133711762
Plp1,8397.945371836497,17715.711953733535
Plp1,8410.74655779781,17705.346687527297
Plp1,8409.484046679245,17696.420613964976
Plp1,8395.098315229272,17703.258602716767
Plp1,8422.167784564035,16825.37161197695
Plp1,8445.744191568287,17646.09776092076
Plp1,8434.957339838305,17650.94991412701
Plp1,8452.600766111735,17653.9890802348
Plp1,8447.13981511603,17639.640607414647
Plp1,8438.309444787255,17648.01706801612
Plp1,8445.85414259403,17637.238057309718
Plp1,8439.921550524212,17654.605316846028
Plp1,8443.085486431033,17642.220029714354
Plp1,8443.120251850296,17630.426255960978
Plp1,8451.754041766393,16847.485938434882
Plp1,8491.895023806183,16881.575820499715
Plp1,8496.273630703992,16895.046691922544
Plp1,8506.51013314767,16888.839362770555
Plp1,8497.641150518706,16955.129721646274
Plp1,8509.828545763303,16953.9320933298
Plp1,8542.019776893494,17692.658109209067
Plp1,8534.578636745524,17670.812026405823
Plp1,8535.24943641277,17685.12527099795
Plp1,8528.876943090585,17699.152527213046
Plp1,8530.601774687824,17692.251938732414
Plp1,8526.181453719935,17688.769529306344
Plp1,8541.45343467585,17666.811628775842
Plp1,8529.459755329033,17684.812229957726
Plp1,8524.688746645059,17684.429538518398
Plp1,8536.510906717216,16933.197383005874
Plp1,8537.92674616526,16943.570015837526
Plp1,8551.222322973823,16892.31900132094
Plp1,8556.048391519938,17591.20667555629
Plp1,8566.804528138453,17573.75741042105
Plp1,8562.34893950438,17590.372122896664
Plp1,8578.632882649836,17576.93930128282
Plp1,8562.38557677981,17587.90693996259
Plp1,8570.186720723601,17583.290732290112
Plp1,8562.112812054738,17571.17115204992
Plp1,8574.48691948687,17574.59155513195
Plp1,8605.009604837465,16980.8081847047
Plp1,8648.960962117111,17830.60827181231
Plp1,8653.427595971876,17833.84940508015
Plp1,8648.463033365382,17836.187709284513
Plp1,8666.358565207129,17837.565478085868
Plp1,8666.042149417912,17833.682883887774
Plp1,8652.836167451442,17832.545240334915
Plp1,8663.711417144115,17849.128878241256
Plp1,8662.763477378587,17834.737621310072
Plp1,8660.903352207475,17846.023297102332
Plp1,8655.44401192766,17816.91019828265
Plp1,8618.742131385228,17523.682411771744
Plp1,8624.367977143462,17541.972518356142
Plp1,8625.670996994448,17530.10400336099
Plp1,8616.46583911575,17538.68845279863
Plp1,8617.272180810856,17517.756344880057
Plp1,8618.404512054434,17541.82981004063
Plp1,8625.987524576421,17112.815193882736
Plp1,8665.270475647083,17776.63687182613
Plp1,8652.085079972252,17757.553083101935
Plp1,8651.728705968068,17782.18624061087
Plp1,8634.773394122389,17773.825877098643
Plp1,8642.741839331948,17778.604720227257
Plp1,8647.805831829464,17760.764213535906
Plp1,8644.353004953151,17770.48676285171
Plp1,8635.070023289472,17766.50344292695
Plp1,8643.74543459753,17761.68363512483
Plp1,8645.042815824658,17767.782543371555
Plp1,8687.442169895652,17184.71548843599
Plp1,8673.482185874163,16957.59593058187
Plp1,8678.852192836646,16962.321890752974
Plp1,8686.095148455614,16947.316235703853
Plp1,8676.938115421915,16932.798521969125
Plp1,8688.221214497067,16942.28129716195
Plp1,8667.710390276981,16951.962078017426
Plp1,8684.989511352367,16949.71232691216
Plp1,8697.026171175166,16953.255504670014
Plp1,8673.559361140895,16958.244885437216
Plp1,8681.286838031543,16966.56581290511
Plp1,8699.276844212556,16965.087172458992
Plp1,8694.143691659196,16932.637098101965
Plp1,8670.566093001233,16965.532098504886
Plp1,8681.339414193286,16962.560658656846
Plp1,8681.947603597855,16960.877167503284
Plp1,8686.370589390599,16961.540245219992
Plp1,8676.34837843178,16949.54347859136
Plp1,8682.1039868693,16975.862525782497
Plp1,8676.614550217504,16969.45265448529
Plp1,8689.219348027966,16941.629078196613
Plp1,8749.33676106348,17825.252455630118
Plp1,8747.319092710499,17820.845304915947
Plp1,8749.413613263321,17846.706110174156
Plp1,8756.09898680831,17818.143733463377
Plp1,8722.719720299578,17832.892992570218
Plp1,8740.39897406444,17842.083337682725
Plp1,8737.611425421199,17834.167585789804
Plp1,8733.26180916408,17826.385124319684
Plp1,8736.258606353542,17823.0469102659
Plp1,8739.512040739453,17171.51185930468
Plp1,8762.678979184488,17097.851984085566
Plp1,8752.177919554717,17721.745676331637
Plp1,8743.333482901338,17732.53053856776
Plp1,8749.984221400384,17714.56874499592
Plp1,8760.799801234121,17711.771444584898
Plp1,8736.398641504917,17719.851400494823
Plp1,8753.294073816543,17736.263683174217
Plp1,8742.915150778097,15830.513636936643
Plp1,8744.442981282888,15844.030236747001
Plp1,8744.567435409885,15832.044489607779
Plp1,8775.014190955244,15828.60348881969
Plp1,8742.008718832181,15832.692208034578
Plp1,8745.647802470565,15828.059395109858
Plp1,8747.18621281953,15837.731913556601
Plp1,8751.23962316077,15832.913009901295
Plp1,8754.577520222341,15839.007891132143
Plp1,8770.283357582493,15835.488474237394
Plp1,8749.04480451463,15861.5513147749
Plp1,8761.64584996929,15848.709163408717
Plp1,8791.182541148473,17195.41559512644
Plp1,8794.359199233038,17195.912715590202
Plp1,8804.53170480795,17786.358462297485
Plp1,8820.594785372841,17781.225298431113
Plp1,8822.195506486885,17780.22714140956
Plp1,8817.004654585658,17796.2126586249
Plp1,8803.123364214212,17793.964297776627
Plp1,8805.781206071633,17791.49395372255
Plp1,8805.639860721012,17771.591047138372
Plp1,8811.410912702398,17783.36445976167
Plp1,8804.691847332586,17789.261377967137
Plp1,8865.375555071236,17326.99843642884
Plp1,8874.025435188241,17903.407085452407
Plp1,8869.6833230241,17896.861495649217
Plp1,8867.902117159492,17896.20561212727
Plp1,8858.918264697179,17901.705562990894
Plp1,8875.898947184052,17888.749782844818
Plp1,8868.402259129853,17899.33540874298
Plp1,8855.145214353495,17894.87060318703
Plp1,8882.205999565827,17902.273339555486
Plp1,8899.016268724043,17885.523643331453
Plp1,8889.943050362199,17903.784494962976
Plp1,8906.934250538961,17900.485361173254
Plp1,8884.026174953722,17902.23258918633
Plp1,8883.425171174014,17875.034060142265
Plp1,8904.546531625905,17169.165212868982
Plp1,8916.076143855717,17295.04100682942
Plp1,8883.213663412256,17854.26641657637
Plp1,8910.930717248255,17857.05160309101
Plp1,8901.345142795975,17854.095560034053
Plp1,8900.836961244995,17853.531157119778
Plp1,8898.429046497406,17839.109150404904
Plp1,8894.304571851555,17859.418529472325
Plp1,8914.33970572863,17847.26028642949
Plp1,8897.801876991898,17850.15064131951
Plp1,8888.000319247854,17839.221079821386
Plp1,8982.512763729821,17285.60595077486
Plp1,9015.683172254918,17241.527993638043
Plp1,9091.157311299103,17965.044952633667
Plp1,9071.685314993148,17991.995397225495
Plp1,9081.786996968098,18004.76785406299
Plp1,9089.603188187815,17986.62163135231
Plp1,9072.728225799663,17987.721697150253
Plp1,9088.476784457762,17979.3256524285
Plp1,9068.616781219542,17985.061770116445
Plp1,9086.292832197847,17972.34678962835
Plp1,9091.448724390668,17972.661421510744
Plp1,9084.554743507406,17982.450025768238
Plp1,9103.105410566433,17975.91032966265
Plp1,9099.695543830143,17986.35343767446
Plp1,9085.259861127653,16129.851792469966
Plp1,9084.211192809173,16120.545039952014
Plp1,9087.367507660729,16119.863610240829
Plp1,9081.914099849673,16124.50605785636
Plp1,9081.556826210155,16126.583708133165
Plp1,9076.151162345543,16127.022055171978
Plp1,9087.812431921819,16123.519514288035
Plp1,9097.058717874914,16131.61206489682
Plp1,9077.895289507382,16119.943923888104
Plp1,9162.364785978665,17364.53408639725
Plp1,9172.816328575494,17304.657010436535
Plp1,9176.212748339394,17410.46189369831
Plp1,9185.17993550725,15798.37102473825
Plp1,9179.801879116467,15764.127287935804
Plp1,9169.064839918634,15782.360889394091
Plp1,9172.314032839853,15804.815030125797
Plp1,9188.776730299487,15783.163773321055
Plp1,9167.17193863096,15776.241807533233
Plp1,9177.65123951815,15771.843213113325
Plp1,9184.74806225781,15788.589713784238
Plp1,9169.786605935164,15794.389257832256
Plp1,9174.977490440304,15791.64691624477
Plp1,9171.008695130544,15789.212501356777
Plp1,9180.19209824866,15778.385240197345
Plp1,9211.198738371953,15942.944791893697
Plp1,9200.962372769874,15939.998528618118
Plp1,9192.160299962452,15962.718452434632
Plp1,9237.468068695072,18027.084773292954
Plp1,9237.86465095619,18039.78967723144
Plp1,9251.893278652042,18025.517978538068
Plp1,9263.521549511874,18021.827981602604
Plp1,9248.17530083755,18031.6102384526
Plp1,9258.992521941504,18026.5091264475
Plp1,9243.96922983099,18037.16812771146
Plp1,9240.807543496163,18030.215720705033
Plp1,9258.166438759854,18023.219837773173
Plp1,9263.947211620307,16270.845219579196
Plp1,9249.50411846655,16271.889299161667
Plp1,9263.218361124296,16286.355507372758
Plp1,9265.91926769257,16280.979767715857
Plp1,9268.962371574746,16283.295358571238
Plp1,9271.110817891094,16268.882157589722
Plp1,9267.79769800226,16272.039389697205
Plp1,9257.195763388134,16271.630897055134
Plp1,9259.261921053974,16289.161677611857
Plp1,9256.497913102807,16270.498223528451
Plp1,9259.170394223207,16266.465822565111
Plp1,9246.41791911041,16273.4823484158
Plp1,9261.389631301394,16266.772935730862
Plp1,9266.873815923082,16248.673638737477
Plp1,9267.284846505565,16292.565649259097
Plp1,9260.552139888725,16276.812358567606
Plp1,9257.990828991473,16272.077895299319
Plp1,9264.346596760772,16273.934813320275
Plp1,9260.048327638637,16277.134653753397
Plp1,9241.667301710357,16283.866652603927
Plp1,9250.707400640234,16272.808190274807
Plp1,9267.928134741047,15739.65866364864
Plp1,9274.989529141516,15729.752048208087
Plp1,9265.222121309323,15736.296867485755
Plp1,9279.037069434076,15729.231447796705
Plp1,9255.318740502862,15720.455657137998
Plp1,9291.316227433519,17505.175365050345
Plp1,9289.271828517505,17528.72062858783
Plp1,9278.156630980777,17524.50003511196
Plp1,9277.375567693214,17383.667829892223
Plp1,9282.839517384624,17373.58490075282
Plp1,9269.557873723585,17371.98516252624
Plp1,9314.272957075656,17414.640736867364
Plp1,9322.44157458467,17509.15522287572
Plp1,9368.331024120062,17547.884443075796
Plp1,9444.787029918049,17417.22379466894
Plp1,9455.490779702515,18067.121472985036
Plp1,9444.362622369954,18067.63215240478
Plp1,9448.430854509781,18063.838927037676
Plp1,9449.785036885612,18085.937406689056
Plp1,9452.91129355318,18072.406392679255
Plp1,9452.559476732398,18068.80585704546
Plp1,9443.244505254543,18057.15496312147
Plp1,9448.663233879626,18071.67413158429
Plp1,9454.29830960676,18070.974239292893
Plp1,9434.081516097254,18079.331743456816
Plp1,9442.174063349918,18072.04851003038
Plp1,9456.166948841557,18077.73384266254
Plp1,9500.967588364492,17587.053336649456
Plp1,9500.699553138138,17531.934796506186
Plp1,9529.789781135085,16350.430932151905
Plp1,9548.458593843683,16369.150334887787
Plp1,9532.108053267593,16345.924778394843
Plp1,9531.312186172512,16356.841919233406
Plp1,9536.34895029445,16359.205551702828
Plp1,9531.75118361309,16342.821427903244
Plp1,9534.368708151105,16344.489410980705
Plp1,9524.057096885175,16359.23264548552
Plp1,9529.796677649978,17514.408624163407
Plp1,9547.458377785648,17631.81948503714
Plp1,9562.537997219037,18128.52594686731
Plp1,9542.154569999158,18106.258510524596
Plp1,9584.73676714241,18118.495554652647
Plp1,9564.858936889033,18108.064215635637
Plp1,9562.738907725203,18108.621462362742
Plp1,9566.831148114563,18107.942562229844
Plp1,9558.652913839936,18109.723749110686
Plp1,9551.165852595897,18109.880258594785
Plp1,9553.461088596669,18123.43838947522
Plp1,9556.095790304455,18109.04058494509
Plp1,9570.953391033892,18111.88856902053
Plp1,9565.293457756108,18114.709920952737
Plp1,9577.657135727184,18103.80002053941
Plp1,9538.839345823784,18115.031685280854
Plp1,9574.840759306531,18116.203782647146
Plp1,9585.580094521163,18199.198356045246
Plp1,9592.380842617587,18211.580751994494
Plp1,9593.98764179075,18189.441481021582
Plp1,9583.226091825587,18203.271363676322
Plp1,9585.55612962593,18198.17475945347
Plp1,9591.9778634991,18197.51601874633
Plp1,9582.273994144613,18192.57409397212
Plp1,9591.154965051315,18203.84170249456
Plp1,9589.83496893273,18186.920305170013
Plp1,9594.88042775561,18197.347434948533
Plp1,9600.089713695204,18186.893542332273
Plp1,9606.714421691928,18184.509849240978
Plp1,9590.920146671358,18194.13368903554
Plp1,9594.903889247083,18186.231777259545
Plp1,9609.724744094783,18199.19379853031
Plp1,9596.377771845544,18193.37187338603
Plp1,9593.466262624735,18193.817960193897
Plp1,9592.754439804257,18199.843162160003
Plp1,9593.905981709055,18197.22581167463
Plp1,9583.883474315297,18195.08240829715
Plp1,9573.969812645295,18199.95335946209
Plp1,9584.247727387363,18207.866371028045
Plp1,9593.198063634434,18206.460018112266
Plp1,9622.049177126724,17560.07058229925
Plp1,9622.005311060637,17572.21176291928
Plp1,9643.421043227523,16094.642052214922
Plp1,9630.735267719196,16108.202572080874
Plp1,9631.176042043864,16096.591458080233
Plp1,9625.928545254763,16091.65847811789
Plp1,9642.79109498599,16112.397146345274
Plp1,9641.096634928745,16106.26760205405
Plp1,9647.814211261302,16103.473551342324
Plp1,9644.72346361776,17520.9031580793
Plp1,9646.43592710475,17513.986362204294
Plp1,9638.908420287045,17502.261589452748
Plp1,9648.389228533415,17514.604158592127
Plp1,9660.844839898318,18116.104732460208
Plp1,9650.994082465653,18122.619889320245
Plp1,9646.736902965366,18120.676640597318
Plp1,9638.819490627993,18117.60168023791
Plp1,9648.511831534988,18119.41878364355
Plp1,9640.94028964242,18136.77101467556
Plp1,9652.197739011135,18127.41574869389
Plp1,9653.450759881516,18127.72120914389
Plp1,9652.836413184928,18119.017660979873
Plp1,9654.34854374246,18125.95048590533
Plp1,9666.132221308748,18113.905839697272
Plp1,9643.925344650572,18129.145567307605
Plp1,9631.273725739751,18111.2693846193
Plp1,9648.055030916292,18124.05983790311
Plp1,9695.373308861585,16615.32099968606
Plp1,9703.730199260996,16608.225946568902
Plp1,9696.224398795435,16617.14915395138
Plp1,9697.098903072552,16601.569729374067
Plp1,9711.085282457283,16636.293948281724
Plp1,9710.724428698877,16620.755549919028
Plp1,9696.63823871359,16610.957408585386
Plp1,9696.186929779135,16612.01735339757
Plp1,9695.72032769327,16628.608954766893
Plp1,9690.758861855124,16636.813976538684
Plp1,9685.26761540692,16607.12000187102
Plp1,9691.441417419184,16626.15940326903
Plp1,9719.278810410207,17576.902962211952
Plp1,9704.704533263457,17578.05450218984
Plp1,9703.733013858662,16683.451762555596
Plp1,9712.182209691964,16675.663112450864
Plp1,9702.285746704878,16693.120799355813
Plp1,9700.516339687767,16692.123858380044
Plp1,9712.594399444672,16666.237591055655
Plp1,9711.529505344839,16677.416752233006
Plp1,9711.822410444964,16696.064037484317
Plp1,9702.534395265735,16685.60672615278
Plp1,9699.975867582356,16669.95193671712
Plp1,9700.537173257204,16883.023655603483
Plp1,9721.238775409423,16890.737000961497
Plp1,9718.599463211955,16873.660532814993
Plp1,9708.493084952643,16874.837778765803
Plp1,9734.584250214342,16875.65029666326
Plp1,9718.51126622411,16871.119047324148
Plp1,9710.825174637956,16884.14455145943
Plp1,9729.466172185399,16866.051482578107
Plp1,9722.859301194505,16865.747576650258
Plp1,9725.255638745131,16877.98047093023
Plp1,9747.365834074093,16857.40000756253
Plp1,9724.424691952077,16849.691058622364
Plp1,9731.16891579168,16873.043627285537
Plp1,9720.867493878623,16859.03032138791
Plp1,9711.67802541355,16861.91799619317
Plp1,9723.690942405992,16874.61871684084
Plp1,9716.427323919965,16887.60992088168
Plp1,9726.640794442868,16883.838808510965
Plp1,9725.600091416924,16871.048147417743
Plp1,9728.026059355514,16860.854508832694
Plp1,9715.510522074244,16873.948280009754
Plp1,9787.326726860518,18236.406908300305
Plp1,9762.960448122918,18245.407890458533
Plp1,9777.39727900856,18230.480063263793
Plp1,9775.738754239484,18218.174726651898
Plp1,9770.244805912562,18244.23367388285
Plp1,9786.08654147697,18226.17502592347
Plp1,9792.927614272916,18235.04062596717
Plp1,9791.803298242701,18229.755502679636
Plp1,9773.843602038749,18182.959005650402
Plp1,9752.471771096742,18169.814311024784
Plp1,9759.364828592474,18176.02410175135
Plp1,9767.627036317028,18175.995857489503
Plp1,9780.844869812641,18167.678229526882
Plp1,9768.31199976578,18194.65390980275
Plp1,9766.374110757184,18179.66736813799
Plp1,9771.695388877812,18184.98947514147
Plp1,9758.60021844783,18179.363379178227
Plp1,9774.49982029522,18175.549669708802
Plp1,9777.107055647608,18188.601453083298
Plp1,9775.543788220093,18185.0057379128
Plp1,9797.229531563948,16520.886101677053
Plp1,9785.36684628183,16530.740031588663
Plp1,9787.038857092799,16520.751077781995
Plp1,9786.161126307858,16521.846469573942
Plp1,9789.674241435854,16539.037385881
Plp1,9788.744313894696,16535.062787803265
Plp1,9795.001369557936,16573.04886302676
Plp1,9795.647123379465,16589.385394028417
Plp1,9792.92936726829,16572.2433482872
Plp1,9788.766440634974,16566.006869361754
Plp1,9790.477256099482,16580.923769995818
Plp1,9800.236331509914,16584.883893245533
Plp1,9780.35165313127,16552.68600582414
Plp1,9775.997703385809,16566.918427939247
Plp1,9788.13228041263,16560.269730100063
Plp1,9788.008845803974,16555.81333032418
Plp1,9806.547675374548,17666.9809158405
Plp1,9850.623560892875,17596.43463840595
Plp1,9814.086636289205,17774.520603753943
Plp1,9815.759174476892,17648.519949490008
Plp1,9876.778942900562,18173.076627524606
Plp1,9874.00333042217,18180.040595891216
Plp1,9881.398962148107,18185.882119298334
Plp1,9855.652825830302,18171.408771015165
Plp1,9871.058335814681,18186.282105618695
Plp1,9895.526673214472,18179.87876454966
Plp1,9865.950300230692,18171.809040695458
Plp1,9878.54101776458,18175.863115776792
Plp1,9882.655943281288,18171.525272223273
Plp1,9870.298909335314,18187.158705828082
Plp1,9878.87843152356,18178.758305105588
Plp1,9867.31808365128,18154.417577590302
Plp1,9869.38178323887,18164.40387119862
Plp1,9865.861782677946,18161.16070386575
Plp1,9868.052119764909,18181.411187372207
Plp1,9881.281491191976,18193.55298462283
Plp1,9882.447695254388,18183.990752949936
Plp1,9875.708594159409,18188.00244564305
Plp1,9887.643190851755,17753.97706172827
Plp1,9921.781681747796,18220.049414263623
Plp1,9889.622989541756,18202.042122994313
Plp1,9910.789481995937,18220.359869315766
Plp1,9921.675278018098,18226.03087026058
Plp1,9915.729246480954,18216.27057941941
Plp1,9917.416168793214,18225.320721320888
Plp1,9923.39074937146,18219.277777040337
Plp1,9913.407532776806,17564.493685473622
Plp1,9927.110642155962,17559.72771856699
Plp1,9899.755823347354,17569.333609703415
Plp1,9923.441851681944,17583.457324323685
Plp1,9907.359291743169,17570.560678669302
Plp1,9970.67327829738,17813.10057165362
Plp1,10000.149525159943,17346.83987963245
Plp1,10003.392564479294,17330.713193479343
Plp1,9989.349786391505,17326.127287657393
Plp1,9997.178593229994,17346.460882909734
Plp1,10000.426709809179,17353.938774586186
Plp1,10008.564936835042,17336.996819091284
Plp1,9990.897272137294,17327.924032569565
Plp1,10014.510735222142,17332.6655813473
Plp1,9985.807440629449,17338.920393646058
Plp1,10007.17329729452,17328.261440250226
Plp1,9994.433041957836,17359.09450723728
Plp1,9996.327375572404,17340.592675490912
Plp1,9993.92742714859,17330.35382891688
Plp1,10005.326090207378,17338.458980988835
Plp1,9998.856285071188,17351.618066383522
Plp1,10014.083507461328,17327.229578006692
Plp1,10009.367677640965,17342.63278951707
Plp1,9997.801367512679,17334.879516412515
Plp1,10021.157935758762,17347.023940997122
Plp1,10003.602847464179,17330.086304496326
Plp1,10013.176145588566,18227.419939448893
Plp1,10004.032072643771,18228.303105408442
Plp1,10009.032786953765,18222.034231220423
Plp1,10030.272623975876,18232.478309990634
Plp1,10002.277604699397,18238.28129461392
Plp1,10001.708473023311,18233.063127876525
Plp1,10023.127127867821,18245.164520663566
Plp1,10014.245745615191,18234.361818470978
Plp1,10012.426001245165,18222.228046942364
Plp1,10005.247862535753,18220.230662884536
Plp1,10009.9713166415,18234.651097847232
Plp1,10000.263552112008,18218.51942353101
Plp1,9994.716622883232,16183.673361690744
Plp1,10001.685730579486,16180.682061728592
Plp1,10016.013734789582,16171.077918423216
Plp1,10004.27861506199,16201.969007043783
Plp1,10012.405937956517,16171.750547453037
Plp1,10004.314909369208,16183.059506379019
Plp1,10003.579129641874,16176.627463074396
Plp1,9998.781146715584,16182.948051437908
Plp1,10022.826081742263,16267.84811766386
Plp1,10012.165943429894,16266.700577552752
Plp1,10012.327610271896,16269.256535406736
Plp1,10029.516731422418,16251.357460134663
Plp1,10043.284265773105,16266.889216225027
Plp1,10012.382881406065,16259.805935794684
Plp1,10023.058507048061,16250.89646376855
Plp1,10026.035975680854,16262.187288789024
Plp1,10026.363229136694,16669.98933829276
Plp1,10046.455051552965,16680.10988415582
Plp1,10019.446880345473,16680.648702037357
Plp1,10039.453073152974,16668.960181750143
Plp1,10036.954216668864,16675.90995018425
Plp1,10043.44958063715,16666.22380713939
Plp1,10025.755548438026,16678.897540941845
Plp1,10043.197655548249,16678.55415810626
Plp1,10039.77871219404,17735.26226571025
Plp1,10024.302519255645,17716.273779952553
Plp1,10057.903598989695,18150.06292143526
Plp1,10057.933964188767,18160.331847393318
Plp1,10060.93470105025,18149.905422410775
Plp1,10069.492989550694,18143.59748774126
Plp1,10059.679002907467,18139.10770336348
Plp1,10042.596309324059,18134.509542737833
Plp1,10062.21434149242,18164.342209869734
Plp1,10051.267487116987,18133.88465694389
Plp1,10069.666789483028,18151.561241329662
Plp1,10094.026620060402,16779.35980743889
Plp1,10081.113563477822,16793.741823494274
Plp1,10104.162610501597,16791.306432806134
Plp1,10099.040722006892,16792.182216270758
Plp1,10080.550176817154,16780.60156900292
Plp1,10105.869824165276,16786.93844339698
Plp1,10113.462993814099,16796.865726619475
Plp1,10113.238104720167,16803.618706063236
Plp1,10107.003950551078,16787.707713816948
Plp1,10098.433207305154,16789.969401741066
Plp1,10087.87985433434,16783.0416825907
Plp1,10101.562221707683,17848.373911799375
Plp1,10114.217938515276,18239.925175878147
Plp1,10111.058853675268,18254.540781114916
Plp1,10134.588084972394,18249.029359151125
Plp1,10122.489261919322,18240.431633896973
Plp1,10108.980201245995,18232.11635721809
Plp1,10110.804197382777,18247.318477044028
Plp1,10129.996031678935,18233.644819460264
Plp1,10126.958918937002,18234.024403284056
Plp1,10119.907259361626,18238.180950406637
Plp1,10152.40066814372,16793.097608879438
Plp1,10165.441458780966,16795.645389067726
Plp1,10152.046062949288,16788.80316312392
Plp1,10161.789060100244,16793.050529925964
Plp1,10142.768537943744,16787.82893130987
Plp1,10169.443928877592,16784.54448434464
Plp1,10153.033832909685,16796.37914233713
Plp1,10150.249742565351,16805.073493651398
Plp1,10151.224691183366,16768.715430776374
Plp1,10161.431914864952,16782.776491021315
Plp1,10147.3481258924,16811.521535873602
Plp1,10150.25489347695,16780.603580598297
Plp1,10163.611878154357,17756.719449073185
Plp1,10238.073853841342,16509.066987485174
Plp1,10257.228498808034,16535.326006329593
Plp1,10235.691512527472,16525.777375799593
Plp1,10242.923680507352,16519.945596202528
Plp1,10256.062485499848,16522.88622612881
Plp1,10244.578488754414,16513.85147596429
Plp1,10247.345268968293,16520.624807957327
Plp1,10249.89680500653,16522.799505305295
Plp1,10233.700829762873,16531.85832238718
Plp1,10253.096602144007,16508.29435840144
Plp1,10259.492532802004,16541.882975254335
Plp1,10236.670032235585,16523.66902924044
Plp1,10244.163790223913,16522.38763263403
Plp1,10223.949593826163,18298.862800458566
Plp1,10252.644747599286,18307.62156964157
Plp1,10240.08528729435,18310.48961359894
Plp1,10254.298366610286,18320.960851786087
Plp1,10248.307518631382,18308.90404690712
Plp1,10242.546383462042,18288.9315859119
Plp1,10307.083321302809,17775.927927181427
Plp1,10312.34911941923,17781.66693931858
Plp1,10302.503304986409,17794.108825415635
Plp1,10323.739087185257,17926.83205255174
Plp1,10318.79648077691,17903.191066448755
Plp1,10340.34439846588,16585.44490669899
Plp1,10324.051911991184,16576.256028894346
Plp1,10331.537901891155,16588.839769544586
Plp1,10315.298167635512,16581.78859396478
Plp1,10326.989941985346,16582.207993976695
Plp1,10340.370114681073,16573.62765945504
Plp1,10342.795901172967,16573.494696778627
Plp1,10330.601420980463,16584.355583878118
Plp1,10342.686194038259,16596.608244127954
Plp1,10334.032983651303,16591.716624641576
Plp1,10338.438079383215,16586.695239536133
Plp1,10330.35501625689,16572.77540627799
Plp1,10344.671935776512,16581.965322281227
Plp1,10321.592927777476,16587.728299725622
Plp1,10327.669427722241,16583.305043444132
Plp1,10328.836292969583,17814.22468859815
Plp1,10335.11335729236,17829.868292807994
Plp1,10361.608547147376,16874.82892731528
Plp1,10363.484879285083,16880.801669186112
Plp1,10366.21084189677,16884.78714000048
Plp1,10375.83606096409,16874.589459923696
Plp1,10359.524550451442,16876.34095187875
Plp1,10358.029276892232,16866.957400614203
Plp1,10363.164284802693,16878.558926052985
Plp1,10371.7701072534,16868.916849753026
Plp1,10352.922807256178,16880.396858124604
Plp1,10350.089668837913,16866.087997109727
Plp1,10369.719598969437,16870.03189714976
Plp1,10373.93304566298,16867.909839569806
Plp1,10367.800174381375,16873.534962045353
Plp1,10362.786192781228,16858.65067955926
Plp1,10362.849464801595,17939.49670888467
Plp1,10355.748263363075,17911.088834459093
Plp1,10433.886066475048,17930.7968944628
Plp1,10485.642381931066,16628.32228476647
Plp1,10479.252880076781,16635.608639724265
Plp1,10467.26713422259,16633.410949362566
Plp1,10485.864561617049,16612.622799912977
Plp1,10483.723369799085,16625.94701690235
Plp1,10475.36766699959,16632.34174041648
Plp1,10487.435481558088,16624.060707865166
Plp1,10480.368328577633,16635.05040145694
Plp1,10482.415435692012,16619.582774000566
Plp1,10529.668673935206,17818.776631707085
Plp1,10526.387409056131,18310.393439366922
Plp1,10532.38532117514,18307.031533468285
Plp1,10540.026006189995,18302.600357136565
Plp1,10539.077089428944,18308.187377084483
Plp1,10528.03646554976,18305.82299744036
Plp1,10518.22729160995,18292.96120026683
Plp1,10523.349606342112,18302.469170095712
Plp1,10532.428370250069,18306.219657036974
Plp1,10528.294174966863,18295.086899293612
Plp1,10519.98136060568,18283.601303589392
Plp1,10533.229917258914,18292.075089728278
Plp1,10539.747034504393,18304.188843233882
Plp1,10527.226115215046,18299.200420981342
Plp1,10529.823232180664,18298.228238617266
Plp1,10529.22359814262,17859.95327189161
Plp1,10540.06376122787,17882.523858802982
Plp1,10569.757698073476,17815.46755287537
Plp1,10584.786130360255,17890.68694590552
Plp1,10605.401261931258,17860.66726770634
Plp1,10651.635911161726,17976.57216262718
Plp1,10645.369692652486,18236.537923724463
Plp1,10660.858167218174,18222.436558726633
Plp1,10665.003202636763,18217.24763402826
Plp1,10674.021175789454,18223.660785417116
Plp1,10659.478402156063,18211.694222545084
Plp1,10665.685546601453,18236.250231678052
Plp1,10669.226763345965,18227.246229496515
Plp1,10671.135644109057,17924.360218374703
Plp1,10673.412066009381,17926.84489153359
Plp1,10716.766052769946,18366.396083717555
Plp1,10721.056072750142,18365.682821921753
Plp1,10722.00141595302,18369.053076204167
Plp1,10713.901619265895,18365.64397569855
Plp1,10714.471630241265,18373.363905753627
Plp1,10699.328393396845,18371.21947239738
Plp1,10714.95158769047,18363.833876769753
Plp1,10722.612476998882,18364.411124028906
Plp1,10719.387731510662,18378.071054292694
Plp1,10722.922930733163,18187.61415544733
Plp1,10716.7057053942,18184.104916046123
Plp1,10716.694494097343,18157.295001039536
Plp1,10715.388920033207,18170.732378722932
Plp1,10716.736443468635,18173.612781598255
Plp1,10732.931448407604,18178.265124958412
Plp1,10717.405818972085,18165.602977050235
Plp1,10734.255351960363,18153.41262302799
Plp1,10728.501010771604,18164.649894928265
Plp1,10720.053912991496,18182.645996949406
Plp1,10707.725180955898,18167.222024936782
Plp1,10765.20039813524,18390.241436292938
Plp1,10766.953262242005,18376.7096567223
Plp1,10764.578406576844,18383.670006801025
Plp1,10764.79306420992,18370.738022677982
Plp1,10757.606441722482,18367.375927845693
Plp1,10761.67536257816,18374.741345502516
Plp1,10748.06763642542,18379.94582629615
Plp1,10764.657882469111,18383.01303912193
Plp1,10773.330306724154,18378.569330821996
Plp1,10746.814174979614,18374.313762436832
Plp1,10771.729125649803,18366.925935547046
Plp1,10758.73307941525,18380.74155380028
Plp1,10781.467684213176,18364.010910352656
Plp1,10756.10836810636,18377.61828450767
Plp1,10766.184729673787,18381.18829690048
Plp1,10749.373319233762,18350.66848172279
Plp1,10740.237571735486,18345.084027668443
Plp1,10733.922941476783,18345.599825215468
Plp1,10729.980668959579,18369.212053287927
Plp1,10752.200487005195,18358.544470344284
Plp1,10729.392527512844,18350.56860894061
Plp1,10753.118436830822,18361.889399177366
Plp1,10739.19055243217,18347.78430458827
Plp1,10750.471919305934,17920.79776685711
Plp1,10777.290021874394,17854.38921923806
Plp1,10786.023346114664,17905.818922297123
Plp1,10802.978145854226,17901.11728561508
Plp1,10788.232337840001,17904.826903807945
Plp1,10781.747442251179,17897.94611220797
Plp1,10813.77818688778,16916.367273779942
Plp1,10788.777047179745,16921.707194434694
Plp1,10813.318472723628,16907.71767235257
Plp1,10811.636033825554,16921.001822831295
Plp1,10809.007717569426,16927.786672350896
Plp1,10803.005570869846,16935.74861705601
Plp1,10797.603920126236,16929.557319898093
Plp1,10811.091442915276,16909.09758167296
Plp1,10804.288237883944,16911.11221622874
Plp1,10782.386905417947,16927.167643064153
Plp1,10809.605121142129,16932.99967037649
Plp1,10816.704846136956,16978.402406180627
Plp1,10805.355212228003,16976.249715813607
Plp1,10804.510515423783,16979.09092375419
Plp1,10813.280248640964,16977.98280317988
Plp1,10811.314302032746,16971.085222068403
Plp1,10817.671507321273,16983.691302718613
Plp1,10801.955266880475,16968.193493149844
Plp1,10789.993137147085,16971.79736794058
Plp1,10889.74792518443,18294.163024770656
Plp1,10880.856265397846,18291.917112887186
Plp1,10877.57498916425,18286.13260734652
Plp1,10892.290552641341,18301.36364864848
Plp1,10886.787142780811,18285.090975794832
Plp1,10888.789907949844,18303.57079852248
Plp1,10876.202049676425,18302.194083537877
Plp1,10880.925125959538,18287.728574915094
Plp1,10877.661216278324,18292.711759671318
Plp1,10877.530174408552,18293.353063267612
Plp1,10896.050418472025,17900.924575939775
Plp1,10899.952084084302,17908.440849368253
Plp1,10894.21777919643,17852.03154700649
Plp1,10905.57267293304,17836.730916188273
Plp1,10908.838196443063,17963.623025226796
Plp1,10904.060825415238,17975.04851935567
Plp1,10897.644187678692,18339.59172770512
Plp1,10902.620901438455,18340.85834683959
Plp1,10899.708708952317,18338.563116211786
Plp1,10935.668596548592,18334.46009391826
Plp1,10931.547477154852,18338.23347471624
Plp1,10936.63567663011,18336.524020931
Plp1,10946.051161212716,18328.156391437602
Plp1,10930.548614638323,18337.483683648326
Plp1,10939.031255394577,18335.046044022587
Plp1,10929.40324533566,18335.171969184477
Plp1,10936.400985107924,18315.620987482675
Plp1,10938.36585680521,18331.74634068383
Plp1,10945.1005089365,18330.228117308696
Plp1,10945.81499327873,17904.75571409112
Plp1,10946.3212959814,18327.19926833607
Plp1,10960.728467599147,18343.61451933332
Plp1,10960.763543778921,18319.875923466083
Plp1,10979.240814110613,18332.918721118043
Plp1,10962.487711999342,18329.6464590456
Plp1,10973.661832719885,18344.046478037784
Plp1,10949.126159383199,18344.39393681821
Plp1,10958.641603852815,17968.208456630276
Plp1,11026.381859311652,17836.590168912826
Plp1,11034.759480288418,17844.46849997323
Plp1,11034.137706230118,17708.5766020477
Plp1,11038.04183207861,17715.815780432396
Plp1,11035.732510239934,17735.207039469435
Plp1,11034.024641120217,17716.90176644687
Plp1,11030.365076418395,17712.920090265554
Plp1,11031.501619601719,17698.128824267424
Plp1,11040.672321290083,18279.600849801518
Plp1,11021.176917270173,18272.310960697247
Plp1,11033.061459948149,18274.800841114444
Plp1,11023.590648369474,18278.77889883868
Plp1,11008.908190728782,18266.94291233346
Plp1,11029.89598342022,18281.658509166748
Plp1,11039.80917960291,18326.19620359367
Plp1,11039.83787483771,18303.11871276461
Plp1,11036.69856856653,18312.557857471693
Plp1,11049.939117293747,18311.361189736344
Plp1,11035.146274998331,18316.839408270982
Plp1,11029.554843896249,18313.67558786579
Plp1,11035.156571788937,18323.453676536854
Plp1,11040.079461838026,18316.350441594204
Plp1,11028.139290476494,18316.478780121746
Plp1,11035.264025215447,18317.435180621575
Plp1,11052.555349114195,17826.079364571793
Plp1,11052.932961478426,17840.51634152496
Plp1,11068.315873939702,17872.721006827254
Plp1,11061.525594475732,17901.82803067793
Plp1,11067.954631364277,18401.04377586019
Plp1,11068.19363717804,18389.194722871238
Plp1,11071.567723136435,18387.63873648456
Plp1,11058.924563926894,18393.2884884945
Plp1,11065.414887799458,18383.984122961705
Plp1,11054.472327561698,18384.28592855595
Plp1,11058.813246914282,18375.69532141625
Plp1,11076.324855292258,18379.309744035578
Plp1,11076.523971317929,18400.25211771425
Plp1,11068.476995596086,18379.822481205483
Plp1,11101.500546460587,18430.051949349243
Plp1,11104.323816857474,18421.51378999706
Plp1,11113.418125547336,18417.524853997587
Plp1,11089.54345842909,18410.534819827695
Plp1,11107.750708333291,18423.024637515293
Plp1,11096.735578152518,18420.307146080377
Plp1,11103.66730714351,18429.344915044396
Plp1,11100.03870855715,18417.040600080996
Plp1,11111.10355366332,18422.21388173534
Plp1,11114.963191056835,17793.85290026319
Plp1,11108.908398269125,17798.053918951256
Plp1,11124.02667956641,17808.03121535947
Plp1,11152.289816494915,18369.284924549927
Plp1,11146.32159006185,18375.98475711181
Plp1,11148.0024680771,18377.994401551383
Plp1,11157.8628444803,18369.710274697998
Plp1,11136.827029640042,18357.096509417544
Plp1,11145.901228573981,18363.721023121154
Plp1,11158.190331609121,18370.376260383007
Plp1,11146.949452628598,18367.202490983367
Plp1,11153.651850928321,18361.216053397246
Plp1,11151.159782796038,18366.013095490605
Plp1,11141.03522057,18376.284722625256
Plp1,11141.845286352594,18355.41814756679
Plp1,11156.29099840018,18381.460745644377
Plp1,11155.193599245287,18372.568357262084
Plp1,11163.860794389084,18357.944462454885
Plp1,11165.606671712669,17828.91295113652
Plp1,11122.837149292704,17867.786636426787
Plp1,11147.61248318181,18413.69075549755
Plp1,11129.229433014118,18407.977121375257
Plp1,11152.667165385685,18433.305593855795
Plp1,11150.15569372038,18413.413812386585
Plp1,11139.1661845517,18413.511280647934
Plp1,11144.578722428647,18400.97879904057
Plp1,11148.898804364024,18410.093288788827
Plp1,11144.954350314785,18419.989954042834
Plp1,11135.099656742279,18412.053383188457
Plp1,11129.209429141034,18411.756506670023
Plp1,11147.532400160331,18410.17677422204
Plp1,11133.473114786366,18422.719797684313
Plp1,11149.230306003492,18404.747304429507
Plp1,11149.646835980202,18416.92898893809
Plp1,11147.226616581478,18417.344163125534
Plp1,11163.247948280146,16985.010363417015
Plp1,11153.819615908673,16977.68833013547
Plp1,11173.135441735274,17387.16189735195
Plp1,11164.11437778379,17372.588674407398
Plp1,11122.856838603144,17382.543512573662
Plp1,11150.068947340942,17391.38879147162
Plp1,11136.962831995415,17379.549650427285
Plp1,11156.007675754483,17389.700616759852
Plp1,11159.530919540588,17869.909860750035
Plp1,11189.009767753209,17792.423052286416
Plp1,11195.617217120249,17904.83131691247
Plp1,11225.585583940823,18371.208294874974
Plp1,11219.520626445954,18361.931419759727
Plp1,11212.620508038373,18360.810199096315
Plp1,11220.114977966476,18368.49333132387
Plp1,11223.866152151482,18365.42733781821
Plp1,11207.394068823323,18364.65736093354
Plp1,11216.672329648462,18383.308035079375
Plp1,11223.021133466316,18401.301070096084
Plp1,11213.09739757617,18398.717105940585
Plp1,11226.636282024732,18399.569797411776
Plp1,11228.196064757358,18391.625745564517
Plp1,11215.112668664304,18400.53741809059
Plp1,11218.231141076903,18387.111047463703
Plp1,11231.46852089778,18374.137426636535
Plp1,11223.067073411372,18403.68045109835
Plp1,11217.716101486232,18408.18519205744
Plp1,11229.613385102377,18383.312995154516
Plp1,11245.66034145389,18389.770089499478
Plp1,11214.451272713593,18395.49239637702
Plp1,11227.738620440965,18389.78499471653
Plp1,11215.11523624102,18407.883137333596
Plp1,11278.80996881146,18386.368213883587
Plp1,11270.999988944695,18378.880575311265
Plp1,11280.541186166602,18400.474630201945
Plp1,11268.44401949048,18360.460722504726
Plp1,11295.202033933832,18383.60045822994
Plp1,11263.6459583647,18385.779854379012
Plp1,11271.686287643619,18375.61887819768
Plp1,11274.824996889056,18385.505197763192
Plp1,11274.96870749919,18369.225793830454
Plp1,11270.83877284746,18377.49667737489
Plp1,11273.099084120317,18380.209319426394
Plp1,11270.536641964294,18369.033719693234
Plp1,11277.809525408305,18376.824273044436
Plp1,11263.264312158455,18396.71618766114
Plp1,11278.510373678486,18371.73271424505
Plp1,11269.74878800298,18368.337510745798
Plp1,11270.639481981529,18388.767818933295
Plp1,11258.632496674236,18381.052550502332
Plp1,11275.360586328728,17769.06065441605
Plp1,11264.263689567026,16938.057913245433
Plp1,11292.630834799664,18292.797634410985
Plp1,11293.389558847379,16506.317305162313
Plp1,11304.146597927018,16507.36329060102
Plp1,11303.257929153617,16521.765306497946
Plp1,11304.197752382655,16502.355731260588
Plp1,11318.2758868259,16507.683040802607
Plp1,11299.40986276817,16517.864749512828
Plp1,11315.141499684432,16503.74902238524
Plp1,11290.581410458928,16503.810472375186
Plp1,11323.943165032164,16511.717754154015
Plp1,11318.249874776464,16522.125589688225
Plp1,11321.647967644069,16522.078783981317
Plp1,11317.327047934381,17808.091311008044
Plp1,11311.89464870349,17796.365045885428
Plp1,11320.471349456195,18382.396299375352
Plp1,11311.598945208158,18380.53564793686
Plp1,11310.51997840584,18380.676533645794
Plp1,11311.843320993965,18372.560259837457
Plp1,11305.394742031047,18399.328526402907
Plp1,11312.262679120004,18395.283167429097
Plp1,11313.00258686558,18392.413355625424
Plp1,11325.427379407707,18382.384433626976
Plp1,11359.923440283701,17808.768281698874
Plp1,11346.576579736975,17824.044502328212
Plp1,11367.565567405944,18332.147584721104
Plp1,11376.525099251412,18325.9256607424
Plp1,11350.329633834925,18326.780946013307
Plp1,11357.33311703132,18343.882800561114
Plp1,11362.736742892972,18346.32796273661
Plp1,11350.74095717298,18332.57689197108
Plp1,11359.90936563834,18325.549428029062
Plp1,11350.801910648279,18318.23211628649
Plp1,11361.501178935832,18234.60717818484
Plp1,11356.74969463549,18228.47951950299
Plp1,11368.176694015916,17721.519012776283
Plp1,11404.58452195112,17859.98804473772
Plp1,11391.12628656163,17852.15280021211
Plp1,11413.893973864413,17850.88235162886
Plp1,11406.485841143793,17856.625583221776
Plp1,11406.653746677173,17831.631339330692
Plp1,11415.829803490476,17854.336136908234
Plp1,11403.424641568537,17860.37349486932
Plp1,11398.797931286503,17858.85826821004
Plp1,11400.99730988934,17854.047426779427
Plp1,11394.65084578229,17862.514594700504
Plp1,11381.141012789525,17858.581733205745
Plp1,11387.499292321689,17853.049082420835
Plp1,11406.018475103256,18243.84833381583
Plp1,11410.8902719947,18255.78506783709
Plp1,11434.85836807524,18237.521965448275
Plp1,11381.248861455773,18245.14513852957
Plp1,11410.29677661607,18252.51033652196
Plp1,11405.465588955942,18250.170874282438
Plp1,11415.128070352863,18254.728434425597
Plp1,11409.17722998999,18271.86367703988
Plp1,11402.157370198207,18234.532261664634
Plp1,11404.094421565826,18257.621051312013
Plp1,11411.818452519903,17825.762197833188
Plp1,11462.309807036727,17826.830974162127
Plp1,11436.37449912977,16656.718887792296
Plp1,11434.461103614409,16647.644419989283
Plp1,11451.89741339593,16643.736632301257
Plp1,11455.549415778914,16646.427171993175
Plp1,11446.998339787735,16645.004401463215
Plp1,11480.852081008872,18356.63067510278
Plp1,11477.68481207585,18323.20061261372
Plp1,11475.139563675453,18331.465736571226
Plp1,11489.7871512986,18345.66641642368
Plp1,11472.530870447017,18335.234616908343
Plp1,11483.174590273078,18335.755054635414
Plp1,11509.413456744285,18323.418938383093
Plp1,11479.41677623155,18335.700100488983
Plp1,11490.792534005712,18340.674482954404
Plp1,11478.05672103933,18330.611747702642
Plp1,11488.911829805751,18325.086972752088
Plp1,11493.227405288711,18342.469227725935
Plp1,11468.880706627924,18335.872095767045
Plp1,11478.304142028132,18332.22497923137
Plp1,11484.636894777515,18337.29590417918
Plp1,11491.087090963241,18341.638478674544
Plp1,11489.503984550642,18178.75815383411
Plp1,11506.534820141509,18179.51071689721
Plp1,11501.346483267871,18188.465134699767
Plp1,11505.402031319629,18206.482339724123
Plp1,11501.997203385816,18170.10559088263
Plp1,11487.588922853858,18190.400281525534
Plp1,11485.80875736459,18185.267761261028
Plp1,11494.009861957635,18192.847161687278
Plp1,11501.767154096604,18179.575267953824
Plp1,11504.294453203627,18198.89413060971
Plp1,11499.925731471863,17760.91674534802
Plp1,11507.035821714633,17776.617123486256
Plp1,11512.147982628141,16453.93642327375
Plp1,11491.856430219877,16453.500148732826
Plp1,11518.728755304775,16449.140135478963
Plp1,11509.911218676061,16434.080679097602
Plp1,11510.914045069789,16440.773068658607
Plp1,11511.242366470455,16429.489032270307
Plp1,11508.964129668684,16430.035361441045
Plp1,11519.635447282455,16448.392695595936
Plp1,11518.118206691823,16451.88239667445
Plp1,11514.818212713692,16441.28486772651
Plp1,11501.886448065627,16457.887173240404
Plp1,11520.801616949428,16434.815963570753
Plp1,11509.52680261516,16436.390810713623
Plp1,11514.517823917247,16425.975063255402
Plp1,11508.690783636655,16436.180432551082
Plp1,11525.732630404604,17640.87042538032
Plp1,11535.205262862832,18274.75842189873
Plp1,11524.105074991654,18263.766518441687
Plp1,11537.210187966644,18256.668859439327
Plp1,11542.94448670353,18262.03597993822
Plp1,11539.99116467885,18262.752517533954
Plp1,11533.66486097785,18277.11315790493
Plp1,11528.39462945007,18263.377714361708
Plp1,11534.692111416223,18259.623607197347
Plp1,11552.155178773422,18268.572776639736
Plp1,11543.32154659685,18285.860860946832
Plp1,11530.958949520507,18280.285484622982
Plp1,11538.159872780363,18323.4717468575
Plp1,11536.687462772601,18333.81371225774
Plp1,11535.10602836638,18339.26721993665
Plp1,11542.675815549026,18323.35379098528
Plp1,11536.585465674083,18321.70346392877
Plp1,11540.121501072694,18336.172174859876
Plp1,11552.079108422135,18332.145865736213
Plp1,11547.437748263781,18339.98437553917
Plp1,11533.231818198119,18321.846976824425
Plp1,11552.51257305428,18193.556403977633
Plp1,11555.298233489833,18215.830059446886
Plp1,11552.516135058673,18199.450497161786
Plp1,11538.645322238766,18210.893293183926
Plp1,11545.532556899498,18189.42282177271
Plp1,11554.822496010198,18191.574230684833
Plp1,11552.574876337167,18203.376801201022
Plp1,11540.942148949227,18186.433247502566
Plp1,11538.005724037077,18212.477449326176
Plp1,11560.16730755697,18195.607365536507
Plp1,11546.680432675448,18180.374303331235
Plp1,11543.664121331689,18188.07215309945
Plp1,11546.071657935148,18203.868975377987
Plp1,11544.30649324498,18188.64944422854
Plp1,11539.8154563284,18179.58157335983
Plp1,11546.167615615283,18192.24912871825
Plp1,11539.473150076694,18192.69067640126
Plp1,11549.607217501656,18208.078800686184
Plp1,11567.434580462676,17661.381170735618
Plp1,11583.841374897602,17734.70494914276
Plp1,11581.525985524302,18218.032754628406
Plp1,11573.481685851973,18218.49809745323
Plp1,11586.620311445591,18218.024171657693
Plp1,11572.370642942866,18227.182228643247
Plp1,11581.132460465195,18228.96451801
Plp1,11586.510589261488,18232.353054361833
Plp1,11585.849234023834,18234.839523823226
Plp1,11583.963235030966,18237.281714022964
Plp1,11565.912580050883,18219.4391193925
Plp1,11597.003567230175,17574.016832593814
Plp1,11594.93027587342,17745.28230127175
Plp1,11608.843515727,18229.443035770386
Plp1,11614.037562340358,18230.893968339253
Plp1,11616.30552357918,18238.23748969514
Plp1,11604.090681099995,18241.14445719012
Plp1,11621.566130962194,18245.719928215112
Plp1,11628.211286200487,18234.157819805347
Plp1,11608.506977821877,18235.564312822422
Plp1,11626.873974853148,18215.11273026544
Plp1,11622.80970861082,18210.613267215016
Plp1,11623.532997124503,18210.448467054197
Plp1,11619.417542884128,18210.870197017703
Plp1,11639.285670901036,18220.182133613904
Plp1,11637.715369665832,18272.5580946403
Plp1,11649.06101770028,18262.182017350937
Plp1,11653.511912472104,18272.987358793718
Plp1,11624.607382964114,18253.638199902078
Plp1,11638.764571475658,18265.46293414305
Plp1,11651.544486681709,18256.946277273215
Plp1,11642.28461251833,18255.966361542196
Plp1,11636.22746092954,18271.684402805222
Plp1,11647.870841436537,18275.508372752705
Plp1,11671.072543086431,16509.155652057427
Plp1,11681.864692039531,16498.532739599723
Plp1,11670.744131538375,16488.05233417283
Plp1,11663.39126631352,16497.773594296155
Plp1,11658.916431510743,16501.134600183843
Plp1,11660.718430112309,16500.692080469762
Plp1,11659.414111162232,16504.61816363993
Plp1,11670.382527777818,16506.62820822855
Plp1,11685.274993156392,17636.13766647409
Plp1,11679.013101381663,17636.265736073892
Plp1,11701.517244719094,17613.884764341525
Plp1,11706.71001047889,17603.23028204195
Plp1,11722.620035849695,17619.48265389964
Plp1,11707.09263861396,18231.499388619497
Plp1,11684.052390698713,18240.010588842062
Plp1,11693.183445161638,18259.455505517646
Plp1,11704.00329188375,18250.236495977973
Plp1,11691.649011651076,18229.36145860854
Plp1,11696.881847444885,18229.025811459625
Plp1,11715.907550666581,18229.948006688108
Plp1,11696.4253533971,18249.53941836428
Plp1,11705.809828328307,18220.178675692197
Plp1,11746.324415895944,18121.566372299312
Plp1,11743.490761394969,18108.623164396504
Plp1,11754.41763797763,18113.282980313674
Plp1,11738.97097698147,18122.78231444775
Plp1,11743.87483055546,18111.461543324953
Plp1,11757.678785699389,18123.49845211056
Plp1,11764.952683939124,17195.639135100526
Plp1,11771.026268709733,17181.57018012846
Plp1,11763.266660022815,17208.10547557136
Plp1,11746.354299395825,17191.50081636407
Plp1,11770.924301066176,17186.772405794385
Plp1,11746.811535723387,17201.53655669811
Plp1,11782.917536494284,17597.78305469976
Plp1,11802.919070356915,18273.730801066464
Plp1,11788.845370271998,18265.51817791246
Plp1,11794.626010834094,18290.767016474827
Plp1,11799.759293326848,18280.7663355087
Plp1,11804.528799752934,18275.885833122207
Plp1,11797.402005282876,18272.79594045762
Plp1,11830.971851509506,18271.704368055176
Plp1,11808.336037725068,18272.58310417327
Plp1,11812.803412211219,18269.656806033152
Plp1,11825.762838509829,18278.80843348305
Plp1,11802.065838729837,18288.60901092031
Plp1,11807.814440828042,18271.115890136345
Plp1,11799.704854749569,18276.22741789195
Plp1,11792.095979729935,18278.175582894593
Plp1,11811.000678365392,18275.028219330554
Plp1,11801.264499841522,18291.123649080986
Plp1,11795.292246978284,18281.192733177115
Plp1,11805.525603351483,18269.26021199191
Plp1,11802.407135003154,18275.856020936844
Plp1,11800.747349865593,18272.490706375404
Plp1,11798.399921737171,18275.427217383924
Plp1,11807.335419832629,18278.29677625592
Plp1,11812.026518354794,18269.27507045211
Plp1,11805.526881431158,18290.028421211035
Plp1,11801.444639525098,18273.97254805329
Plp1,11777.616084060217,18273.723358614134
Plp1,11806.606166740032,18271.14024759089
Plp1,11794.541702560715,16658.584369852466
Plp1,11763.735374549964,16640.456804978538
Plp1,11799.966787834588,16625.15114612056
Plp1,11786.82475775172,16653.72968126909
Plp1,11783.142340324468,16649.249704092457
Plp1,11799.500486881097,16637.320018781134
Plp1,11842.18244999328,18167.552376098814
Plp1,11841.744574486835,18179.747879387185
Plp1,11835.58522129473,18184.741764704086
Plp1,11829.5873362544,18170.191660541193
Plp1,11834.043820748306,18164.447662047576
Plp1,11821.170661765667,18165.556980499132
Plp1,11840.55529086198,18171.082687660022
Plp1,11830.717506192046,18185.271114933177
Plp1,11829.96805338299,18179.663674355746
Plp1,11828.480482343764,18174.436409676953
Plp1,11841.702892176618,18166.912090180325
Plp1,11835.941282495374,18173.5453214465
Plp1,11825.771765531741,16666.36189635164
Plp1,11830.803300489335,16676.32683167232
Plp1,11818.297490714978,16697.438417750534
Plp1,11852.192898675159,16668.612219629427
Plp1,11824.502783898197,16691.847117767335
Plp1,11836.778068424737,16668.066938605727
Plp1,11830.692048477827,16673.68057863121
Plp1,11825.981492016968,16664.77154350243
Plp1,11828.9372227065,16697.070459205323
Plp1,11836.876174228726,16660.562404149172
Plp1,11829.996067616043,16668.923883682837
Plp1,11842.706694857423,16671.412602552995
Plp1,11823.701808833546,16677.286368519235
Plp1,11837.261565129977,16681.074310775617
Plp1,11825.774050807151,16669.896572300353
Plp1,11861.996455721046,18267.45811074726
Plp1,11846.412642152272,18272.14225313592
Plp1,11868.12550005972,18265.641334220545
Plp1,11847.384623198152,18260.134039871926
Plp1,11849.185819312337,18274.519613178105
Plp1,11848.754621348957,18266.199091818646
Plp1,11862.963807397986,18201.742134230895
Plp1,11875.541643551114,18188.024810386043
Plp1,11875.314070194247,18201.141289650284
Plp1,11862.47360767013,18200.838993324574
Plp1,11863.918410721602,18207.119779672914
Plp1,11872.801376902404,18204.429034368393
Plp1,11877.587344603315,18193.255836533524
Plp1,11856.483646210743,18202.771708176522
Plp1,11867.035633566002,18192.740341107477
Plp1,11877.78956127966,18202.35775567921
Plp1,11856.760531240005,18193.379480385403
Plp1,11872.995905587079,18196.200394364332
Plp1,11866.11494059418,18208.53008573946
Plp1,11870.064198669614,18181.342131299945
Plp1,11872.944620105714,18193.433886386527
Plp1,11879.46786543012,18194.33664454261
Plp1,11863.982635309134,17644.896702825274
Plp1,11878.587220235475,18159.165829933725
Plp1,11878.068640869842,18163.781624467094
Plp1,11876.611092367593,18147.58597064045
Plp1,11876.151792154347,18172.349465592302
Plp1,11870.802208947343,18151.997928850644
Plp1,11872.626615429856,18144.668836923476
Plp1,11878.8352857334,18163.33982867224
Plp1,11867.964525746902,18167.389070441262
Plp1,11892.776829091896,18165.675927207067
Plp1,11884.747040720316,18157.86293633691
Plp1,11868.360542608443,18163.42914679338
Plp1,11900.352342788967,18158.844339223615
Plp1,11885.807216398058,18178.92812894547
Plp1,11897.153493442978,18170.049918757435
Plp1,11893.379303443871,18175.534848764903
Plp1,11880.995519907618,18161.301716948114
Plp1,11876.405547268538,16640.760813135774
Plp1,11888.450911724247,16635.098095291258
Plp1,11866.545699679535,16647.078776023976
Plp1,11867.307018343341,16630.450792844043
Plp1,11887.59359839152,16636.16919073514
Plp1,11858.491985021064,16626.405154949487
Plp1,11881.688288882682,17539.725583289615
Plp1,11902.555207609812,17546.142858714786
Plp1,11903.06643437264,16616.67386657691
Plp1,11898.138964847667,16600.136616187887
Plp1,11886.051357375427,16618.514911227423
Plp1,11903.463494055506,16615.431183144025
Plp1,11914.107318479973,16615.560136865242
Plp1,11903.23503758019,16613.25603796335
Plp1,11900.916083546308,16605.877482428124
Plp1,11904.932360058845,16605.56096276648
Plp1,11915.052992158264,16636.881865743067
Plp1,11909.104320881295,16601.831626575873
Plp1,11897.475978379598,16603.738725844247
Plp1,11919.49781842789,16599.230245350594
Plp1,11882.222050948238,17645.2655250779
Plp1,11913.335199639467,17657.234059863884
Plp1,11915.343996129119,17556.945091570662
Plp1,11939.916324536896,18113.743066696446
Plp1,11953.306380106902,18101.29039154329
Plp1,11918.399665517594,18110.30467668991
Plp1,11928.317882520958,18108.720427503056
Plp1,11926.396682323648,18109.080706445537
Plp1,11933.398684666123,18118.229464462416
Plp1,11924.738731871432,18112.84012055006
Plp1,11956.405981798756,16578.55646610732
Plp1,11965.413412009453,16585.265722135588
Plp1,11956.110509576965,16580.055565356404
Plp1,11951.157541603943,16584.93061714206
Plp1,11943.236425357109,16581.35985816783
Plp1,11953.9548029376,16585.459385919807
Plp1,11956.549866582129,16583.854721442764
Plp1,11957.616255962605,16581.085049877438
Plp1,11969.946532652673,16587.167235835284
Plp1,11946.132879890309,16580.470430972866
Plp1,11933.63545197567,16595.970082297565
Plp1,11960.480744868677,16584.739331807767
Plp1,11960.209766611395,16591.782218553402
Plp1,11962.546285239538,16582.570278724637
Plp1,11943.441880125263,16594.693571833646
Plp1,11965.13289908358,18151.270966942044
Plp1,11963.027800308837,18153.536502261326
Plp1,11968.925578642613,18157.291824963926
Plp1,11992.505509163435,17495.097848314912
Plp1,11993.3701838399,17483.33205572656
Plp1,11996.26034115345,18096.388786886833
Plp1,12012.589115623485,18124.06763178009
Plp1,12016.519204512651,18111.13421785282
Plp1,11999.415532353829,18101.946615796176
Plp1,11993.529784509616,18083.523792139145
Plp1,12011.878277410111,18105.840783730113
Plp1,11997.941330531174,18119.909026549736
Plp1,11996.390323606596,18111.33669783676
Plp1,12013.106144906527,18101.283166769073
Plp1,11999.470653546548,18101.619449838996
Plp1,12016.095437232863,18117.10802402141
Plp1,12006.487281930154,18112.23822247035
Plp1,12007.011626403837,17527.318883717704
Plp1,12028.502256252941,16358.66963461108
Plp1,12018.883835892135,16351.919102256481
Plp1,12017.323355447938,16351.618391365457
Plp1,12006.656649796216,16361.781369038034
Plp1,12004.051560398424,16360.744166710923
Plp1,12038.533077178316,16352.345363752649
Plp1,12023.801267662699,16339.54180519033
Plp1,12014.470572882612,16333.588336387314
Plp1,12035.588239565783,16354.003480223408
Plp1,12015.550175556105,16342.989834691463
Plp1,12033.838807589902,17943.343402884664
Plp1,12036.115013623612,17938.444515388066
Plp1,12043.513801407513,17936.330855083248
Plp1,12027.070090083758,17918.819072387934
Plp1,12042.864557763718,17940.732895788813
Plp1,12020.00578399784,17929.317566937436
Plp1,12020.91519284832,17945.96963076932
Plp1,12023.913422923184,17926.75820291949
Plp1,12034.05332965939,17929.06310161317
Plp1,12030.419021828244,17923.22820094003
Plp1,12032.76590485341,17947.162013338522
Plp1,12034.461725330762,17928.8361823223
Plp1,12027.722094863022,17929.219869097877
Plp1,12057.276209193024,17592.47991503927
Plp1,12047.516095015664,17911.580566691013
Plp1,12054.334402142233,17908.954842473155
Plp1,12053.774479614083,17896.95629341357
Plp1,12049.846985577944,17907.20016123309
Plp1,12055.055518241303,17901.88847215394
Plp1,12038.214930785089,17913.668757622978
Plp1,12037.918603924598,17905.5565022804
Plp1,12062.167944798699,17907.896637078782
Plp1,12052.253393485526,17917.384794262027
Plp1,12059.507671375291,17915.46540357172
Plp1,12052.283173367692,17900.547955371356
Plp1,12056.430999080516,17916.546610003657
Plp1,12084.962665761497,18159.345683227923
Plp1,12075.762860085768,18166.078747874326
Plp1,12081.289629294046,18183.85419890884
Plp1,12093.326102683191,18171.492031430076
Plp1,12072.552013000637,18172.695755427107
Plp1,12073.6186254341,18176.98185704346
Plp1,12087.092670405751,18178.01585784842
Plp1,12086.848661102831,18169.019667930315
Plp1,12087.076250328251,18176.359731218192
Plp1,12072.624809491224,18169.85204457344
Plp1,12099.682152272933,18159.637059360262
Plp1,12087.374478418771,18148.21943462414
Plp1,12094.753965490972,18160.04800843667
Plp1,12095.494071402232,18181.719516102305
Plp1,12084.729639188945,18177.565424997167
Plp1,12081.822098434828,18173.3190754506
Plp1,12064.15458143778,18158.98176901933
Plp1,12085.650292090155,17414.56322140593
Plp1,12118.195174734574,17894.775651650525
Plp1,12104.275253960444,17862.764159531227
Plp1,12117.033366072006,17861.732212281157
Plp1,12102.798318394212,17881.513287387166
Plp1,12108.739473939522,17889.590410251345
Plp1,12104.051638065448,17869.629684858486
Plp1,12105.241530875763,17876.90709963032
Plp1,12116.609900953154,17885.466605157606
Plp1,12112.577190902282,17876.8618165736
Plp1,12102.018848171008,17867.942045855394
Plp1,12112.652411152516,17892.025230265826
Plp1,12109.795680111409,17890.412355976056
Plp1,12097.217848104034,17888.073935300657
Plp1,12114.491265211642,17877.621049559704
Plp1,12105.60622814529,17876.73935965632
Plp1,12115.172226487835,17967.764419982013
Plp1,12109.065223720738,17964.33630325417
Plp1,12104.662321328315,17952.945817240725
Plp1,12112.11570922262,17964.202511051724
Plp1,12103.41651479327,17972.59247665842
Plp1,12092.714346885487,17957.2809522076
Plp1,12126.486424824901,17973.028131446765
Plp1,12131.644750517422,17957.426136349906
Plp1,12105.57880290577,17979.27182526293
Plp1,12114.691810643382,17952.61931258965
Plp1,12103.277253347738,17955.31931362622
Plp1,12108.26037198214,17970.955041190635
Plp1,12114.900162091259,17964.690298736965
Plp1,12116.53500201875,18066.524357752587
Plp1,12116.842216732863,18052.520257568438
Plp1,12122.973487087855,18067.154406344853
Plp1,12124.734168538445,18072.618620825193
Plp1,12116.186804289986,18063.34228338203
Plp1,12128.913688280689,18057.178655704553
Plp1,12114.291556698681,18054.614512578482
Plp1,12118.280858210119,18065.26215396113
Plp1,12127.317798875225,18066.246083379217
Plp1,12124.405931690784,18047.91412131981
Plp1,12130.214357056066,18055.355383371803
Plp1,12107.481102165339,18061.144240974205
Plp1,12134.469379400893,18049.876361579867
Plp1,12117.77659933493,18053.24103218093
Plp1,12119.03711862983,18060.248222727798
Plp1,12137.009026682203,17108.878050260617
Plp1,12153.71644510782,18219.28581259683
Plp1,12150.922513850219,18202.964922257306
Plp1,12164.265194021824,18206.734023246714
Plp1,12153.12466995011,18204.424167796027
Plp1,12156.054631219415,18211.640663416933
Plp1,12148.550957525451,18212.966684516337
Plp1,12157.966586567098,18216.675766293192
Plp1,12152.193275092637,18202.16643113201
Plp1,12146.265364713887,18202.98078626587
Plp1,12151.575448092575,17507.726730537783
Plp1,12187.379134578767,16870.517828706368
Plp1,12177.198569031161,16853.226585065375
Plp1,12212.880279244268,16848.41060301829
Plp1,12195.856634591659,16848.039034679536
Plp1,12173.060099387973,16856.658086423166
Plp1,12196.51869642184,16850.008759657896
Plp1,12187.831726236205,16842.961909378064
Plp1,12216.084652417003,16434.261135303095
Plp1,12193.281318110226,16430.664451203018
Plp1,12193.40403902003,16443.64761280133
Plp1,12182.307859367971,16433.65657503537
Plp1,12191.007006307853,16414.637217000436
Plp1,12208.706248830384,16426.877580464687
Plp1,12194.098358907644,16417.72462694103
Plp1,12198.982300382791,16431.558377975398
Plp1,12192.578896032544,16418.997463263902
Plp1,12203.70496559024,16419.669224028206
Plp1,12202.475733645679,16446.387093480636
Plp1,12198.897711563368,16429.1667165989
Plp1,12177.544112799349,16436.616885546893
Plp1,12186.943717344413,16418.339816874624
Plp1,12182.295595163989,16415.027126021178
Plp1,12210.465595878695,16427.761798945907
Plp1,12203.42059036996,17982.363003232334
Plp1,12189.876433604182,17985.19141292895
Plp1,12190.431735426158,18003.61642228307
Plp1,12201.105222149801,17986.177554317932
Plp1,12195.739640156475,17980.52859142062
Plp1,12190.429701304634,17975.58583290716
Plp1,12197.671523061454,17968.434635163478
Plp1,12192.691056661657,17980.411198691047
Plp1,12192.447914655148,17970.37452877314
Plp1,12190.093522580226,17986.73087246421
Plp1,12197.843357871672,18119.522403289855
Plp1,12204.24139754549,18127.24314818451
Plp1,12192.40674115555,18124.25860121714
Plp1,12180.736963898242,18120.18868104189
Plp1,12194.022156011786,18131.09896355087
Plp1,12197.345131654076,18126.495898434594
Plp1,12208.975199150513,18131.487740518853
Plp1,12205.525166264144,18124.333640639674
Plp1,12204.44812127039,18110.499256798335
Plp1,12202.428271008366,17477.511191897123
Plp1,12241.246206904385,18160.94862571402
Plp1,12233.079432510725,18179.767992607016
Plp1,12226.877926855672,18176.892837989526
Plp1,12224.394779587548,18183.88436495122
Plp1,12232.119050636731,18154.402911736823
Plp1,12246.778650317989,18171.709728444202
Plp1,12233.669527711718,18175.354144134642
Plp1,12232.84973621412,17945.2042879633
Plp1,12227.264707857894,17920.064588347726
Plp1,12244.210320657134,17929.524700041973
Plp1,12243.056663392996,17928.69720026292
Plp1,12233.14955782043,17930.052600661573
Plp1,12239.082828351487,17950.642303951252
Plp1,12243.057116274504,17915.616067195104
Plp1,12231.120619564472,17931.45128885007
Plp1,12229.277005599402,17929.27855460065
Plp1,12238.978286376143,17917.091405636118
Plp1,12246.24314100013,17926.64578442177
Plp1,12248.859429573036,17924.248365517185
Plp1,12248.921978690545,17930.034666313157
Plp1,12231.356329234559,17923.00073991361
Plp1,12253.952753195206,17926.960747667865
Plp1,12257.778128722168,18021.57404281556
Plp1,12254.220297756021,18038.01411155444
Plp1,12264.55805174533,18033.320776753102
Plp1,12259.690373661382,18027.425594943954
Plp1,12279.665002256148,18030.025835209064
Plp1,12266.01729182537,18027.053307892733
Plp1,12264.202255656453,18024.167473857855
Plp1,12260.043943765528,18026.6797079875
Plp1,12268.113195112264,18036.246388614458
Plp1,12275.577612170606,18041.064801310476
Plp1,12263.625582843493,18020.504015737115
Plp1,12259.007743984288,18033.317988462866
Plp1,12276.24417617379,17253.46126098086
Plp1,12283.737373343065,18114.184936942518
Plp1,12252.400134680287,18119.418924968806
Plp1,12274.101119657653,18106.063712900614
Plp1,12268.025877719821,18104.97504535463
Plp1,12263.498300372412,18093.572465576566
Plp1,12283.157210951535,18108.17396945436
Plp1,12307.350606077229,17151.9576975604
Plp1,12301.354982468434,17160.79222783581
Plp1,12306.30109118648,16061.628187642691
Plp1,12318.524291156835,16069.617756944033
Plp1,12310.243529635747,16050.882741930021
Plp1,12310.405785438425,16074.408726839085
Plp1,12312.33851370865,16076.602411900449
Plp1,12322.631268816358,16071.171078847463
Plp1,12306.515505684574,16067.733052625508
Plp1,12327.247607559066,16071.568840505193
Plp1,12306.28398796808,16071.854476756223
Plp1,12302.470907188914,16066.60457874914
Plp1,12324.303671977665,16060.793145052037
Plp1,12308.82346506527,16061.133696959214
Plp1,12309.399788042152,16064.728613729732
Plp1,12302.900110333112,16066.67419748093
Plp1,12319.54275852438,16081.548872300154
Plp1,12301.64839463566,16074.116983265134
Plp1,12328.497648571534,16064.350530304831
Plp1,12315.6438842496,17949.386341979814
Plp1,12323.348133235506,17959.20478988549
Plp1,12304.830213039579,17976.56876228879
Plp1,12326.955016636994,17965.669702276584
Plp1,12313.352522123158,17965.83521781026
Plp1,12318.250179557912,17963.89376662826
Plp1,12308.71894230831,17973.819965290364
Plp1,12315.481755729243,17966.780755318672
Plp1,12312.402431021343,17978.821490458147
Plp1,12329.027692541697,17967.97876381865
Plp1,12307.367215032287,17979.28696078588
Plp1,12330.14443500079,17976.634525818405
Plp1,12322.51917867471,17976.208552945063
Plp1,12329.17447246889,17968.796424082026
Plp1,12321.626198883792,17966.850093517438
Plp1,12314.152207685727,17977.87300827716
Plp1,12345.276943754017,17719.90501097896
Plp1,12369.474736792325,17972.812012248956
Plp1,12404.758099661167,17981.787103970564
Plp1,12409.40313250361,17965.591296844792
Plp1,12399.359342151252,17970.849924822654
Plp1,12389.111576207808,17965.188648243602
Plp1,12392.924329554646,17969.365431218703
Plp1,12375.68369285978,17974.753550024292
Plp1,12401.286473308714,17983.673384318212
Plp1,12401.443821033701,17984.64801143551
Plp1,12387.828951923544,17982.25926584497
Plp1,12394.337625673248,17988.268885335925
Plp1,12388.311633721494,17979.512964405225
Plp1,12376.022510358878,17855.203919964926
Plp1,12389.558172586188,17867.853477605822
Plp1,12386.781711130803,17858.589706298837
Plp1,12380.072987846652,17861.589411079407
Plp1,12372.745870212195,17852.486877219882
Plp1,12390.695759514794,17868.12488444311
Plp1,12393.765988223937,17860.869855751604
Plp1,12379.358159755346,17853.06210839993
Plp1,12388.976222976808,17878.82246218121
Plp1,12446.027000277303,17216.952711029084
Plp1,12436.47675933644,18053.478128504623
Plp1,12432.782426159905,18035.929969596797
Plp1,12453.704796510365,18047.12161627559
Plp1,12432.5692937311,18024.156003185097
Plp1,12439.22396025478,18042.349258767474
Plp1,12441.853044721389,18057.59778641379
Plp1,12432.178057695026,18049.25636276958
Plp1,12461.024843002717,18062.01306359048
Plp1,12440.261702773789,18030.111691226324
Plp1,12442.552263974405,18048.193344452393
Plp1,12438.931374126198,18040.755947118956
Plp1,12466.967499417127,18029.609100132475
Plp1,12453.79679882763,18040.330830935567
Plp1,12448.554396712947,18029.474506488645
Plp1,12461.46638545239,18035.73698294385
Plp1,12434.017746957978,18047.2467355797
Plp1,12438.349768011658,18056.380461932502
Plp1,12442.517333968268,18049.13758846759
Plp1,12426.16581665799,18012.42268448896
Plp1,12452.430248599303,18019.370411056338
Plp1,12451.605108173057,18001.402686358782
Plp1,12439.198654500284,18016.178447209553
Plp1,12439.441963656585,18010.180082271414
Plp1,12440.178230205778,18023.550134897778
Plp1,12420.643009672161,18017.05845705518
Plp1,12457.859573573267,16175.372044589727
Plp1,12439.014239580489,16184.699482410304
Plp1,12448.337212130695,16186.745073083935
Plp1,12463.193013920936,15989.851464496689
Plp1,12466.755082223892,15995.02098001269
Plp1,12463.566606027382,16013.341669721263
Plp1,12465.522271776746,15993.569184516156
Plp1,12459.174910007647,15991.50670247356
Plp1,12454.999330098079,15996.406005471452
Plp1,12455.326730007308,16009.337114801749
Plp1,12464.684170516382,16002.986276622845
Plp1,12447.144184712546,16000.908858794033
Plp1,12471.808683940573,17700.016409970292
Plp1,12479.225445029339,17684.810025156043
Plp1,12470.348091046731,17681.659702811372
Plp1,12470.840239715262,17680.06837190632
Plp1,12495.591102392795,17678.441958785697
Plp1,12465.42556220987,17697.996681667275
Plp1,12486.022795524861,17686.063596628388
Plp1,12487.200916652404,17688.247389464457
Plp1,12475.05955335654,17706.869242643428
Plp1,12463.981022602926,17671.693752807416
Plp1,12472.284624421858,17687.34818459358
Plp1,12473.9996926554,17015.082284751952
Plp1,12456.286780688835,17046.162166128834
Plp1,12493.503060178251,16956.052710735952
Plp1,12507.95578202682,17803.701910304855
Plp1,12496.913921434845,17754.374781016522
Plp1,12503.766674531202,17746.008893427563
Plp1,12486.980437188397,17735.810924764806
Plp1,12500.032882581092,17744.42913072489
Plp1,12511.840114591689,17728.37633029242
Plp1,12490.471945639716,17754.85205337973
Plp1,12530.51813672268,17914.04275384341
Plp1,12536.545875105367,17928.624959852506
Plp1,12529.017640701873,17923.52329888919
Plp1,12531.412931486708,17933.513672410525
Plp1,12531.487953985192,17931.30171608025
Plp1,12520.44403285861,17923.0942239874
Plp1,12531.073688170989,17892.70568111126
Plp1,12549.017128890311,17913.440587307396
Plp1,12526.14518730914,17921.402307840333
Plp1,12535.421884736917,17918.532855551784
Plp1,12532.697250376494,17924.063181077112
Plp1,12535.303891565105,17921.486890799555
Plp1,12527.482635179056,17915.921849335904
Plp1,12533.523320752134,17919.476304545606
Plp1,12530.504650897563,17908.81574285355
Plp1,12528.76953791516,17912.39264630704
Plp1,12527.414189537627,17919.322190826606
Plp1,12495.892080406999,17912.601461350863
Plp1,12531.188821571128,17900.003099744634
Plp1,12568.220761985665,17677.90251462099
Plp1,12554.46790014607,17661.180356841563
Plp1,12539.241781516845,17664.719646839858
Plp1,12544.885312261476,17661.509370678443
Plp1,12535.859215982613,17681.678750581545
Plp1,12540.090552102442,17669.272920376345
Plp1,12549.35637979845,17705.404666921087
Plp1,12564.811857479543,17712.225746002772
Plp1,12547.734258611146,17706.081393392305
Plp1,12534.557788658525,17715.43036450774
Plp1,12545.456144884041,17688.017492889234
Plp1,12549.667456929084,17714.68828903848
Plp1,12548.431446852435,17709.20081288685
Plp1,12543.983451375456,17724.150237723035
Plp1,12532.678348792082,17723.366310614278
Plp1,12549.031743015936,17726.81582291287
Plp1,12545.320508861503,16067.17486176244
Plp1,12575.722702948466,16054.46568312387
Plp1,12578.30305147645,16063.300062834229
Plp1,12564.642158664778,16049.588145938907
Plp1,12565.801976611896,16053.655883553442
Plp1,12555.440496715484,16055.434949311399
Plp1,12574.138216206224,16069.143266925324
Plp1,12563.513960023081,16054.973512463459
Plp1,12566.173697330709,16062.320390236
Plp1,12559.595783658073,16061.922903069773
Plp1,12570.029911113921,16074.787184612518
Plp1,12558.604964822109,16044.666111512375
Plp1,12561.605911517025,16049.506118865485
Plp1,12559.979175722501,16054.110555071185
Plp1,12577.702614790092,16060.773652235845
Plp1,12556.487737749703,16062.19795514926
Plp1,12553.004834815561,16062.210710454216
Plp1,12572.383952600703,16057.868714266937
Plp1,12571.175742388305,16055.855601472911
Plp1,12557.87413032536,17015.766125361974
Plp1,12571.261466278194,17780.538515641438
Plp1,12545.813025564881,17792.05030062714
Plp1,12574.251504278198,17787.691996368434
Plp1,12574.46880327663,17770.6917244344
Plp1,12571.26226624734,17804.517188735324
Plp1,12573.201272237611,17815.405809955962
Plp1,12574.695396372455,17826.694678370233
Plp1,12566.612349280038,17808.56025418768
Plp1,12566.34688016855,17797.580913591348
Plp1,12580.606738660043,17810.447503542517
Plp1,12585.791393417145,17653.98029364989
Plp1,12569.211702553095,17679.52966717404
Plp1,12581.288267280499,17683.471958193826
Plp1,12571.52610429551,17662.775621722085
Plp1,12575.11544596879,17676.673706705387
Plp1,12599.248625988746,16138.531201712232
Plp1,12605.855480792823,16125.041600123654
Plp1,12587.619131794581,16133.516371434673
Plp1,12595.145322331984,16140.800620409203
Plp1,12586.64764654967,16115.285124271655
Plp1,12590.38470754809,16143.66365525503
Plp1,12589.871420503752,16922.68053284176
Plp1,12594.843273940016,16928.162083434538
Plp1,12603.219035901375,16921.846358639974
Plp1,12624.030590330303,16850.99199123678
Plp1,12631.787156297483,17831.194239601416
Plp1,12630.242626336865,17843.16169500383
Plp1,12637.547953578154,17832.751387891625
Plp1,12629.621083434004,17846.514348004002
Plp1,12617.385774842565,17832.89840563402
Plp1,12629.072196351013,17842.688275757275
Plp1,12654.56099007236,17875.66687747634
Plp1,12650.340598458302,17867.786271411816
Plp1,12646.704342167875,17878.254062945583
Plp1,12648.619602820088,17864.33218833861
Plp1,12645.893992987978,17867.963530029752
Plp1,12640.283792414117,17875.17132625439
Plp1,12635.84241964729,17882.21832146121
Plp1,12655.367610957694,17863.90827529329
Plp1,12633.727569207345,17864.700899095445
Plp1,12640.488024382532,17863.945736247628
Plp1,12631.479007947424,17868.406436465808
Plp1,12657.350045781743,17871.974163847342
Plp1,12640.9829000598,17868.079890366833
Plp1,12648.038338300195,17615.510500070148
Plp1,12645.947781814133,17624.16188442872
Plp1,12635.066122920476,17621.15693461759
Plp1,12647.190899807007,17623.36140858041
Plp1,12636.630611797247,17621.751624571338
Plp1,12634.573384575033,17618.0925146328
Plp1,12615.475976362117,17624.04732009127
Plp1,12639.087354018571,17605.14005481011
Plp1,12642.219645328327,17623.37068967524
Plp1,12626.078171973906,17630.53802801264
Plp1,12637.948050820412,17625.46236706268
Plp1,12646.991086018968,17626.25280955952
Plp1,12635.073173262925,16859.71234560164
Plp1,12644.963526130401,16841.590978004577
Plp1,12642.898188194207,17903.827818426995
Plp1,12656.661503157406,17906.335058763198
Plp1,12649.86610429665,17915.645863076443
Plp1,12658.069690320763,17913.70555925414
Plp1,12665.431104975836,17906.489747057898
Plp1,12647.807674161895,17896.295659832973
Plp1,12653.884389789297,17902.755551555714
Plp1,12657.695402310806,17067.318846412487
Plp1,12660.117178449007,17069.268241855767
Plp1,12675.707449416916,17063.571649143312
Plp1,12653.735426779398,17054.091514934447
Plp1,12663.11320472637,17065.83374661625
Plp1,12661.750006395136,17062.022216629117
Plp1,12657.858971531412,17072.2197261163
Plp1,12666.921542137019,17085.861582280282
Plp1,12672.851273872344,17060.911383203398
Plp1,12673.727606775094,17062.761987401114
Plp1,12667.956048299266,17064.14325151409
Plp1,12653.11749646953,17048.065681820197
Plp1,12649.34573665893,17058.656363104168
Plp1,12664.46672110469,17569.526214883514
Plp1,12682.721240021008,17570.855725778485
Plp1,12691.950604498643,17573.28283768406
Plp1,12682.52615984648,17547.83342862946
Plp1,12682.427911996969,17724.63232405444
Plp1,12677.007269053078,17731.824690110272
Plp1,12671.057260125606,17724.170000065144
Plp1,12678.950943385196,17735.48089417547
Plp1,12664.816947002917,17722.985234861877
Plp1,12670.155362907759,17742.574310215103
Plp1,12675.50391250883,17754.699573165995
Plp1,12689.15899493984,17718.457074778868
Plp1,12709.801270580769,16880.407477908953
Plp1,12688.365014746618,16879.89476354171
Plp1,12692.954916425362,16753.321346395038
Plp1,12704.719148860522,17749.43281400523
Plp1,12707.468291118446,17741.34613262481
Plp1,12715.038251784817,17744.776772166635
Plp1,12713.38943399374,17743.782462332038
Plp1,12708.119749070922,17726.07884160446
Plp1,12705.935036823754,17724.153487940664
Plp1,12705.92976621608,17756.56810812168
Plp1,12710.972277372388,17745.316033112827
Plp1,12691.777859297985,17751.73076622418
Plp1,12699.281392842158,17745.11996384271
Plp1,12712.947141373788,17753.236605864244
Plp1,12708.115255144687,17754.620819095104
Plp1,12712.107830550294,17745.028801223114
Plp1,12701.252457637993,17719.251973249226
Plp1,12724.395364779926,17725.417870480214
Plp1,12702.16795676262,17735.54616135179
Plp1,12708.928327286401,17745.93672995064
Plp1,12718.65813345639,17731.577335820377
Plp1,12720.31848667403,17741.29303644267
Plp1,12707.21559409086,17802.491008016576
Plp1,12720.253101388096,17807.153006726236
Plp1,12720.053971885915,17795.744937273113
Plp1,12698.035680405817,17799.959585499535
Plp1,12700.431395970796,17821.72400052738
Plp1,12714.236052220916,17809.222461564954
Plp1,12701.47096814597,17786.180657838766
Plp1,12719.390414491649,17807.761414427492
Plp1,12707.083130559902,17822.713160604428
Plp1,12696.601812576975,17827.56967537226
Plp1,12694.678710580813,17831.2437842008
Plp1,12698.627773911583,17828.18210679744
Plp1,12689.80284121642,17839.5660239967
Plp1,12704.508136740733,17825.230777006527
Plp1,12688.739365409068,17819.16031933874
Plp1,12721.348794099766,17830.755391559458
Plp1,12714.796494724595,17829.60158416487
Plp1,12706.988122805531,17819.01486218167
Plp1,12716.88547103153,17829.820395095496
Plp1,12721.968798174332,17638.179624097636
Plp1,12742.249976939767,17648.410676172374
Plp1,12721.40927781685,17650.55860776195
Plp1,12746.335255604743,17647.659576101185
Plp1,12740.590091216369,17657.20420490816
Plp1,12729.164701575673,17655.679016198384
Plp1,12729.754003833343,17649.331660132277
Plp1,12730.0844844489,17638.323414239
Plp1,12735.286853239779,17643.36197871516
Plp1,12721.85446889927,17655.13098946591
Plp1,12731.466204446704,15872.2865984876
Plp1,12740.912391694008,15871.205509538755
Plp1,12730.256823222431,15863.083127914731
Plp1,12732.825670588847,15877.493086366725
Plp1,12719.265742098289,15857.130183216424
Plp1,12763.663118786577,17529.580757607888
Plp1,12729.56172843966,17511.8185409545
Plp1,12734.662821795762,17519.083604185533
Plp1,12753.09267241292,17524.223910646437
Plp1,12750.138806550141,17526.045655224552
Plp1,12733.691535495262,17519.460465320182
Plp1,12729.066937206602,17517.802303270506
Plp1,12746.675708599423,17512.738737712563
Plp1,12748.1784500651,17523.752865018785
Plp1,12752.068146221573,17523.428100376605
Plp1,12755.122137239157,17526.852757709126
Plp1,12739.399991785558,17524.494554590266
Plp1,12753.225802330538,17513.46179531682
Plp1,12731.417422626342,17508.942783714134
Plp1,12747.506966175299,17501.83474653583
Plp1,12733.17130042419,16747.560659503677
Plp1,12794.166409990758,16711.888639366058
Plp1,12778.88239047445,16701.631121332735
Plp1,12815.949578558655,17696.37229214627
Plp1,12817.837998781839,17692.44780177476
Plp1,12802.220595124072,17687.334903958177
Plp1,12798.673592987217,17689.142944462546
Plp1,12822.844408239725,17673.092092355982
Plp1,12815.97464882997,17685.62897509661
Plp1,12806.43125678296,17686.567310377082
Plp1,12810.750632924752,17678.965167247712
Plp1,12814.807482184608,17695.57346874916
Plp1,12813.17960346778,17537.24094679498
Plp1,12810.804477205469,17543.545176327116
Plp1,12817.660689900673,17525.02047852779
Plp1,12821.400163332444,17532.4226560227
Plp1,12826.05732156243,17514.841860519922
Plp1,12829.435923961539,17522.430963952986
Plp1,12816.544124962122,17529.97605978561
Plp1,12826.922278174254,17530.222603789694
Plp1,12828.254354371405,17537.57986029185
Plp1,12845.16940232928,17784.16928026823
Plp1,12847.867424613793,17780.822738684295
Plp1,12836.299456551777,17496.21601863688
Plp1,12841.981551932948,17491.589229739697
Plp1,12843.548427221906,17499.20900518317
Plp1,12839.880669227348,17506.729003724395
Plp1,12846.251344031554,17513.334568899172
Plp1,12867.140715280908,16728.198353856726
Plp1,12878.370970413394,16671.048031206097
Plp1,12877.978467508581,16619.163142930778
Plp1,12881.177030697083,17650.979048389934
Plp1,12879.260995952425,17655.681111395123
Plp1,12880.218091106337,17659.15571338783
Plp1,12877.675132694361,17642.000313645374
Plp1,12874.89761620886,17647.480959083445
Plp1,12888.451726541552,17669.115915943323
Plp1,12874.343909146384,17654.023305223265
Plp1,12873.2075338999,17660.34335095482
Plp1,12874.899748883608,17647.95184021126
Plp1,12896.844164364265,17653.422106333448
Plp1,12942.589526534499,17525.620408781964
Plp1,12954.593425057017,17535.125414821257
Plp1,12938.258541319323,17529.952620076387
Plp1,12951.935141292046,17542.365122842715
Plp1,12947.55348360898,17544.393230282534
Plp1,12931.559637655564,17543.526740975314
Plp1,12946.985796427873,17548.799520908593
Plp1,12934.034916983424,17553.29495004385
Plp1,12944.384157732597,17533.133230500207
Plp1,12951.081411259229,17539.91206204118
Plp1,12939.105090578763,17537.424971907938
Plp1,12941.738685096981,17540.547037523716
Plp1,12942.691236680672,17534.51415930108
Plp1,12938.683279981115,17539.45803133432
Plp1,12935.019575897031,17542.491695131157
Plp1,12950.415091722181,17523.144498187427
Plp1,12940.441516802104,17544.16813942798
Plp1,12936.748525926663,17532.394517260433
Plp1,12955.83968714412,17486.379918391005
Plp1,12970.487212076272,17466.1097336953
Plp1,12971.35257574617,17456.098590504364
Plp1,12956.225743782827,17474.799950126748
Plp1,12973.163338511324,17477.824666755398
Plp1,12958.5008099474,17470.49851039137
Plp1,12946.242857026615,17479.887124429144
Plp1,12956.774863179973,17463.729114953854
Plp1,12988.554669364077,17450.518166672948
Plp1,12998.21718345764,17456.741393521686
Plp1,12985.753706045823,17439.105139447496
Plp1,12976.122679063426,17455.496396222978
Plp1,12998.896520174725,17438.360625033525
Plp1,12979.925626071115,17438.170678373015
Plp1,12994.529857777909,17432.30767256418
Plp1,12993.753151982244,17446.914553509712
Plp1,13003.495079706056,17431.808678964957
Plp1,12989.370526717128,17440.626894899397
Plp1,12972.656743771877,17614.460013924145
Plp1,12982.224039799083,17619.33221577304
Plp1,12966.423388764926,17633.182789959163
Plp1,12982.248967886067,17614.684960365812
Plp1,12975.779419964054,17614.317574826782
Plp1,13000.73028663589,17606.924157347697
Plp1,12981.479660664832,17627.77403011526
Plp1,12977.22877143283,17636.235180703283
Plp1,12974.071845137958,17623.148918950144
Plp1,12956.49764075558,17614.661736301987
Plp1,12977.384494239943,17641.169841860075
Plp1,12979.51617708943,17616.889992820707
Plp1,12995.619257884395,16458.312023919545
Plp1,12984.399790090369,17333.082761369715
Plp1,13018.140237530864,17318.97924885586
Plp1,12992.740255034581,17332.88662101255
Plp1,12993.07392717825,17321.081489076547
Plp1,13006.024863128427,17330.224621246067
Plp1,13021.514425956528,17329.382137098226
Plp1,12996.657856863774,17328.578997461776
Plp1,12997.234428751435,16515.596625681985
Plp1,12981.521773495291,16515.50580084215
Plp1,13019.960537168741,16684.108091601116
Plp1,12991.78464357647,17420.61788240237
Plp1,13006.96546168509,17391.59378680851
Plp1,12998.260642786332,17390.532540426557
Plp1,13001.411648117279,17408.84834083288
Plp1,13015.025938330118,17403.75219432133
Plp1,13011.886985318772,17402.431197067075
Plp1,13014.57472981173,17405.462754937624
Plp1,13036.593284831455,16484.71197300661
Plp1,12984.928363634703,17295.448535625437
Plp1,12994.603602682599,17306.628875083003
Plp1,12994.847660930362,17308.902238331888
Plp1,13001.674696595872,17127.529139991668
Plp1,13010.142946336076,17136.636692407887
Plp1,13017.777823338083,17135.508731368016
Plp1,13009.023333254128,17136.42786880255
Plp1,13011.106056736911,17123.292816099205
Plp1,13004.751508094394,17133.654945641334
Plp1,13010.447581880324,17129.937988965896
Plp1,13009.907943987468,17125.07811657423
Plp1,13017.962704372243,17553.381463382895
Plp1,13024.499524474551,17564.64912240998
Plp1,12998.361680815913,17556.04715070929
Plp1,13005.991012269858,17560.413828421715
Plp1,13028.1625632166,17547.72844727688
Plp1,13013.407706081023,17580.002796135974
Plp1,13015.81474686828,17558.490330014847
Plp1,13030.406782037611,17576.75529803178
Plp1,13019.073952105487,17563.88106129771
Plp1,13012.578597689548,17565.355965824543
Plp1,12996.506643853796,17435.936407454294
Plp1,13016.789217736516,17432.084640730835
Plp1,13031.678704356355,17415.875879955955
Plp1,13032.728118927285,17418.87284935239
Plp1,13030.988764046191,17425.44515778558
Plp1,13030.607985354234,17428.571378596447
Plp1,13035.714547215193,17440.705293527644
Plp1,13006.122328222478,17422.911728896113
Plp1,13026.015652190903,17417.787113206752
Plp1,13024.015695958999,17410.601766625867
Plp1,13018.92427301101,17439.683737935655
Plp1,13021.524365325753,17409.0622423948
Plp1,13022.116511187645,17436.710650070945
Plp1,13005.923305170136,17435.219864769875
Plp1,13030.362099940538,17421.40602980364
Plp1,13017.400615823293,17432.34263039053
Plp1,13039.471728956158,17425.368003121504
Plp1,13017.836656510903,17412.503071134975
Plp1,13017.487971551578,16435.411345699085
Plp1,13022.24836531895,17188.79931327615
Plp1,13031.514610570766,17180.448516665798
Plp1,13037.37665976932,17186.117355733415
Plp1,13030.826894664906,17629.797952330442
Plp1,13046.105904613642,17640.074808310943
Plp1,13017.081200567303,17639.891617015757
Plp1,13040.100446211512,17636.154513177567
Plp1,13040.701146919651,17639.894686412477
Plp1,13024.526839841112,17619.980314525135
Plp1,13038.783311811838,17606.508483115045
Plp1,13035.16851307929,17631.03331794713
Plp1,13044.485879413549,17643.521770299732
Plp1,13028.680188047643,17233.31681086249
Plp1,13027.904100116839,17245.185628005103
Plp1,13037.342324082681,17234.797810657565
Plp1,13038.591754583742,17244.059654175435
Plp1,13046.157570928124,17233.97040834302
Plp1,13033.264215674106,17239.285888859245
Plp1,13042.972318539098,17230.95530689753
Plp1,13033.930378034944,17217.453863782914
Plp1,13041.237642130272,17241.06943287022
Plp1,13049.792202278817,17237.50808391481
Plp1,13038.359833005246,17231.224536580845
Plp1,13039.446987515088,16576.933670640632
Plp1,13063.585016130346,16942.513522078396
Plp1,13058.857346075583,16911.94145321626
Plp1,13044.251163841482,16899.694792474795
Plp1,13053.81566491047,16909.964548199332
Plp1,13058.75272961336,16927.102368734173
Plp1,13057.22690164015,16905.260057359672
Plp1,13048.996447934514,16896.879803090414
Plp1,13053.495799795051,16899.858989324923
Plp1,13047.276543010266,16906.343355380446
Plp1,13068.61952615105,17494.142281138465
Plp1,13070.218094779286,17505.385262162166
Plp1,13059.334833136169,17498.615920375833
Plp1,13031.874373413346,17484.623350517944
Plp1,13054.569082457996,17487.053412607886
Plp1,13050.966954790023,17474.906674102822
Plp1,13055.632041286734,17482.783087674747
Plp1,13063.858646897655,17504.18588445006
Plp1,13043.398951664993,17518.754069365998
Plp1,13055.342352033205,17492.065651105186
Plp1,13051.75489889613,17498.667560954276
Plp1,13060.03699743201,17483.37892791215
Plp1,13062.505361240113,17489.249509630783
Plp1,13061.503900095375,17491.526769153195
Plp1,13063.451847221939,17492.93300129941
Plp1,13053.950532459501,17497.841106172065
Plp1,13065.830313890525,17510.37127702382
Plp1,13059.161707537605,17510.395631160463
Plp1,13055.602224255146,17505.138418582897
Plp1,13073.187575864518,17515.892269943524
Plp1,13040.756682659983,17481.24781598806
Plp1,13057.365503231891,17502.2262713594
Plp1,13071.790866468671,17495.410559386386
Plp1,13052.483612130463,17488.621594586046
Plp1,13054.353410425752,17505.925646323598
Plp1,13042.181637646914,16478.79175661948
Plp1,13057.184804142138,16475.262905169013
Plp1,13068.669863724537,16391.251648222493
Plp1,13070.625029942554,16431.106250886187
Plp1,13096.554516942362,17462.15426043746
Plp1,13092.350457567729,17470.756714493677
Plp1,13098.72422613377,17459.084323995678
Plp1,13081.988757329205,17460.18679360431
Plp1,13091.87917117465,17466.627707260668
Plp1,13144.452360701553,17527.459767793054
Plp1,13157.797712201545,17549.789102098483
Plp1,13140.361114585257,17557.623146530703
Plp1,13122.533085750933,17560.03710639631
Plp1,13144.418851938593,17541.23022953226
Plp1,13149.094972219209,17535.850129130453
Plp1,13145.111032023498,17559.530383296642
Plp1,13139.720137784783,17539.85163420374
Plp1,13141.108187083013,17562.502983421222
Plp1,13157.366125520213,17533.326874766797
Plp1,13146.451318892463,17523.166907799743
Plp1,13138.510099788713,17541.978171430503
Plp1,13142.856315974172,17541.624846424143
Plp1,13143.17740146013,16528.64358978732
Plp1,13153.550627074164,16555.50200546301
Plp1,13138.11125030785,16558.100928515167
Plp1,13143.534464437003,16542.087007437418
Plp1,13155.919488345824,16550.987720254543
Plp1,13140.024158525512,16559.595061193584
Plp1,13148.663422556683,16535.161071740524
Plp1,13131.307497724025,16543.336951308258
Plp1,13131.630848839175,16569.03460282695
Plp1,13154.910600926676,16550.270228690122
Plp1,13137.323895717334,16561.58223834239
Plp1,13138.87634526612,16543.998318586742
Plp1,13143.061222505048,16548.621777070788
Plp1,13146.602122992028,16559.585700852323
Plp1,13144.035498239224,17490.803181375275
Plp1,13163.978797239142,17505.27485051807
Plp1,13167.8066833868,17484.6146569987
Plp1,13167.63551759792,17494.63255991199
Plp1,13142.964631278715,17495.759071952725
Plp1,13150.230927248089,17498.713177562528
Plp1,13144.307877297237,17492.923717321988
Plp1,13160.609289378594,17500.824123661267
Plp1,13157.584803792592,17497.563315497595
Plp1,13161.195514017461,17478.146815941258
Plp1,13151.319566248989,17499.7692084907
Plp1,13157.749055332368,17485.789014081405
Plp1,13154.496517979711,17485.692359246652
Plp1,13151.204718282876,17515.84049790552
Plp1,13164.606062374985,17486.537550916826
Plp1,13150.781101481942,17497.667696857192
Plp1,13163.81494047733,17504.576495210837
Plp1,13158.452917345041,17479.997455539888
Plp1,13169.6915348802,17492.434816182074
Plp1,13161.948338995253,17498.092096555087
Plp1,13149.428150355812,17503.258798340124
Plp1,13148.850048003978,17332.42494294344
Plp1,13157.089657185114,17332.079361695152
Plp1,13160.56390904776,17321.29412039226
Plp1,13158.539589281394,17312.37680480781
Plp1,13165.704576447042,17325.001408482127
Plp1,13167.591889295802,17325.24004923643
Plp1,13164.679949667958,17330.389985256505
Plp1,13148.1701281118,17335.943270078715
Plp1,13157.000907270767,17340.948310443913
Plp1,13149.101856109031,17326.800104263304
Plp1,13150.766248764003,17321.823137614832
Plp1,13162.326164084712,17309.014390487224
Plp1,13160.213268040749,17333.782754144464
Plp1,13157.14407459251,17333.438466473308
Plp1,13149.115604723022,17316.043147322773
Plp1,13152.360177116987,17232.59527138335
Plp1,13162.889776774764,17251.085282513686
Plp1,13161.120203621826,17233.399192038156
Plp1,13164.841812629227,17236.488879886725
Plp1,13158.7863340938,17232.274993815266
Plp1,13160.68689066514,17245.883444369323
Plp1,13169.48222450576,17247.152470851233
Plp1,13151.866853734513,17245.546759694596
Plp1,13158.219112793362,17241.1093088007
Plp1,13146.665696812815,17263.78001661425
Plp1,13203.807845962303,17380.276074692538
Plp1,13208.409207132721,17377.668561303486
Plp1,13185.663517623181,17368.93069069076
Plp1,13199.345085440353,17370.77278379897
Plp1,13178.436144042142,17383.178987870713
Plp1,13195.055499307575,17391.23752912754
Plp1,13172.316252041306,17375.298705249774
Plp1,13195.294300292942,17236.60145811081
Plp1,13208.876624117629,17213.75116718661
Plp1,13208.578936283187,17212.88943090434
Plp1,13211.802020465686,17213.02666235843
Plp1,13202.708318640038,17209.584175363503
Plp1,13194.227170582191,17212.237793052613
Plp1,13206.149987747855,17208.379623827546
Plp1,13199.6467237186,17409.22262404757
Plp1,13211.189408745071,17410.907978122887
Plp1,13211.722165122233,17388.554771147185
Plp1,13212.615414576412,17390.607003777932
Plp1,13196.861377037772,17402.897997002157
Plp1,13211.858172459031,17409.879699582132
Plp1,13217.80375588635,17408.231858352472
Plp1,13198.160703320998,17404.148816380628
Plp1,13197.284243214388,17424.151199466243
Plp1,13170.232563849528,17404.743443091746
Plp1,13195.919696450776,17418.329129438072
Plp1,13189.32008515991,17417.941998880768
Plp1,13214.398393940288,17420.886002822634
Plp1,13211.041875101582,17404.02403540797
Plp1,13201.421205245188,17412.909011443273
Plp1,13212.08763130443,17414.43262689861
Plp1,13205.107086991997,17416.034093696016
Plp1,13199.514221758202,17408.353176305103
Plp1,13219.631965713574,17415.681118769528
Plp1,13207.075533592528,17411.783928025558
Plp1,13232.543940161993,17353.659034476732
Plp1,13244.103334211848,17347.31481801163
Plp1,13236.649552130486,17346.497708743813
Plp1,13252.159450621635,17354.324934773158
Plp1,13231.640762131694,17330.998166261965
Plp1,13224.784274159176,17352.07794150138
Plp1,13240.915012956617,17345.294875233394
Plp1,13233.09944945759,17106.829471754074
Plp1,13225.096414838716,17123.431635249977
Plp1,13240.30780850575,17139.545708820056
Plp1,13228.858163588357,17103.916169667402
Plp1,13232.52264928525,17108.714132519355
Plp1,13244.02051720723,17110.675909555426
Plp1,13230.561666744641,17114.6612578017
Plp1,13235.813821446014,17111.352978736657
Plp1,13248.899882106181,17113.623198313206
Plp1,13241.304523616185,17116.188825282294
Plp1,13245.50040802364,17100.642751872136
Plp1,13234.68860997705,17122.564808229086
Plp1,13239.963380261648,17112.581137173842
Plp1,13237.90623790197,17481.13253907578
Plp1,13240.992427536756,17481.989056108563
Plp1,13235.623647019942,17474.49321775223
Plp1,13254.450402080689,17488.272860968813
Plp1,13241.002869297648,17466.959031076545
Plp1,13237.544403617454,17457.454431399023
Plp1,13243.094164737391,17481.15615637453
Plp1,13239.000660051373,17475.125081437178
Plp1,13251.497370017785,17472.768766101173
Plp1,13244.817233528622,17155.374608377224
Plp1,13236.22873219623,17153.15405159923
Plp1,13245.491099487177,17153.75025980174
Plp1,13233.548109765683,17133.174561120806
Plp1,13233.006468327281,17157.56707382848
Plp1,13242.627613816834,17146.92135477272
Plp1,13244.793955282767,17157.394692945425
Plp1,13255.08455111726,17163.530012288455
Plp1,13232.70794461997,17153.282381150715
Plp1,13242.956499094653,17164.41922697864
Plp1,13254.493374365518,17147.547076490333
Plp1,13253.677371234451,17162.578912608038
Plp1,13266.473317798824,17434.783904196822
Plp1,13260.334761409866,17439.01760036621
Plp1,13258.90428087312,17445.266125033995
Plp1,13268.879709699366,17438.40388302424
Plp1,13258.66297531,17427.520935975732
Plp1,13277.27002119789,17439.249963495567
Plp1,13274.274534811891,17439.022205903995
Plp1,13266.106004386726,17426.737094189582
Plp1,13276.576651247962,17416.711429627154
Plp1,13266.867726809904,17438.54386863975
Plp1,13263.352050227017,17424.16839434843
Plp1,13265.660317747313,17434.693707827773
Plp1,13280.013956595769,17428.234976424574
Plp1,13266.546908086862,17432.497067738954
Plp1,13272.68519919522,17433.59953651071
Plp1,13264.692995255356,17230.93111157688
Plp1,13277.341941319995,17227.684299031916
Plp1,13253.929484173119,17232.833264934012
Plp1,13281.758247642456,17226.275974871056
Plp1,13254.744809768661,17232.663169290434
Plp1,13274.023218319046,17234.555421679823
Plp1,13288.786321093487,17224.18652299552
Plp1,13254.194474307204,17243.31152947112
Plp1,13259.501104155053,17235.500593305223
Plp1,13261.036214496971,17230.530659728498
Plp1,13269.436297690952,17238.196375778058
Plp1,13247.568007237058,17227.768172590055
Plp1,13256.055539831434,17237.516316491852
Plp1,13256.238919319387,17410.777551472194
Plp1,13268.33626242984,17390.48514759438
Plp1,13262.808060577943,17394.678738035836
Plp1,13268.44207293944,17388.744172447292
Plp1,13257.33263053895,17377.372483938296
Plp1,13272.71884436198,17396.77314262573
Plp1,13259.995881351746,17395.969034565413
Plp1,13263.089743514787,17373.086857807735
Plp1,13261.815139242673,17377.73929912057
Plp1,13349.686679997712,17239.725011041137
Plp1,13345.240278052506,17245.17426526185
Plp1,13342.944893509197,17236.925498764962
Plp1,13346.317993616149,17235.050152738746
Plp1,13338.768155569605,17237.588260464996
Plp1,13337.812768762506,17237.593312386267
Plp1,13340.888116742568,17241.244221245768
Plp1,13331.393213085645,17234.299269226438
Plp1,13328.668037887448,17230.803835710452
Plp1,13341.699632467195,17255.939620579942
Plp1,13337.150831330875,17238.09590008496
Plp1,13338.193076198513,17236.35469057617
Plp1,13350.596509488556,17245.318536849118
Plp1,13320.184013876624,17233.64140496134
Plp1,13339.436397430321,17228.037061765892
Plp1,13340.396720310582,17222.259185981904
Plp1,13324.164290477964,17238.28862301658
Plp1,13333.261726453095,17232.510364622358
Plp1,13327.577358728502,17262.09628151174
Plp1,13331.130455956129,17237.954545947356
Plp1,13334.226896039787,17227.7527795936
Plp1,13339.507190542563,17241.15773234206
Plp1,13330.707962822311,17234.740879267603
Plp1,13323.2185050308,17229.803758807808
Plp1,13338.658558050194,17234.128587120696
Plp1,13336.994499560818,17251.69304063185
Plp1,13341.733752344078,17213.891853964436
Plp1,13325.19650656085,17247.979542339166
Plp1,13349.75817351029,17243.789353967
Plp1,13337.482085258782,17244.505721057398
Plp1,13342.473749323035,17231.012711405136
Plp1,13329.570166184943,17247.422478780954
Plp1,13342.725445274216,17229.920244260913
Plp1,13327.994435739887,17082.709671140212
Plp1,13330.206082696724,17102.80378558236
Plp1,13339.819703892816,17102.622717768256
Plp1,13353.618363612624,17069.866247390793
Plp1,13356.45894492319,17075.77620815891
Plp1,13356.09692017743,17125.431118973207
Plp1,13340.773042917484,17082.827100360824
Plp1,13346.68764213553,17085.989870892445
Plp1,13347.674611661854,17080.48354524805
Plp1,13343.43808515945,17100.75401176921
Plp1,13362.15888156418,17099.424126924627
Plp1,13340.203697956747,17084.661980475918
Plp1,13370.078354467583,16985.267352587358
Plp1,13369.474239398893,17011.36937675761
Plp1,13383.761071263338,16984.965963400347
Plp1,13370.615014362276,16992.841398485463
Plp1,13360.21557366431,16982.227020288956
Plp1,13364.988807639887,16995.922880622824
Plp1,13361.893673874087,16997.269344850192
Plp1,13348.170202943147,16981.289541840204
Plp1,13362.752516320395,16996.540873149937
Plp1,13368.709207818689,16978.668686993242
Plp1,13358.620731756622,16999.834940525714
Plp1,13360.33523005601,16992.861522044706
Plp1,13351.94777724461,16998.16013584516
Plp1,13361.415376416413,16984.84212221983
Plp1,13369.292046491071,16990.456223568144
Plp1,13348.456266299961,17001.68949753989
Plp1,13367.24117412856,16985.42159659135
Plp1,13347.298341864733,17021.552734730067
Plp1,13372.861705416419,16997.386526897724
Plp1,13367.750501492326,17307.557670670416
Plp1,13362.036889942076,17318.133257333408
Plp1,13370.539716960304,17308.788608874653
Plp1,13363.155727701625,16685.887834948164
Plp1,13373.161271123567,16672.551336191762
Plp1,13365.31939421057,16685.313365309477
Plp1,13375.037124158462,16696.76784440236
Plp1,13371.8495983546,16684.61044972067
Plp1,13370.90080474629,16661.89712066614
Plp1,13376.760669547812,16669.24822999281
Plp1,13378.038383700494,16670.614636140097
Plp1,13372.224779788632,16684.111236349912
Plp1,13388.797628235905,16682.20321270989
Plp1,13379.232500270491,16678.616575634802
Plp1,13377.159185095048,16681.8092155579
Plp1,13372.18967510941,16682.580878402063
Plp1,13363.674446245624,16682.17652892954
Plp1,13387.088188921673,16680.057543528124
Plp1,13397.491342112688,17300.072591907796
Plp1,13392.52483070147,17293.75086608274
Plp1,13398.834557895878,17281.603350839687
Plp1,13413.421436397472,17290.64502784249
Plp1,13412.618741691182,17299.998242895017
Plp1,13403.687961141846,17297.487963420266
Plp1,13406.515887456571,17307.391207254266
Plp1,13383.354337260991,17299.623760777686
Plp1,13401.455410921642,17282.6555596386
Plp1,13388.337721734451,17298.37917955464
Plp1,13387.653642239333,17288.23239925744
Plp1,13414.29628453627,17292.649742792077
Plp1,13399.327209150619,17301.676274277303
Plp1,13411.212452768455,17294.554056146597
Plp1,13391.565712534095,17310.050351217295
Plp1,13400.679522704897,17297.224941431243
Plp1,13417.548504487555,17300.959673439294
Plp1,13408.549826771605,17291.911151405115
Plp1,13403.130449449915,17294.235953503303
Plp1,13395.374880650974,17303.600813606387
Plp1,13405.136853641563,17295.986777510145
Plp1,13408.263051685597,17297.225285882498
Plp1,13375.4130976391,17284.936197795374
Plp1,13378.646010802704,17300.573459083866
Plp1,13390.240582294298,17286.939121613097
Plp1,13386.321455306625,17291.320428381205
Plp1,13400.75173118293,17295.962412239995
Plp1,13403.688776413986,17300.216882030436
Plp1,13401.589169351048,17302.861598968364
Plp1,13387.498206780614,17290.989248303627
Plp1,13412.940007160229,17311.899176596646
Plp1,13391.067710238876,17292.292271578037
Plp1,13412.860050014262,17290.435430913927
Plp1,13414.987095347664,16804.479447772323
Plp1,13403.84296775017,16805.50478664838
Plp1,13410.435061536858,16822.455256741017
Plp1,13403.177786615468,16807.003503151194
Plp1,13404.599779068829,16806.620669222008
Plp1,13417.512372312194,16808.530178368335
Plp1,13403.455549209766,16820.361307969935
Plp1,13401.316913952718,16802.83537749334
Plp1,13423.045321798178,16788.9184742587
Plp1,13416.202920357518,16804.150290985974
Plp1,13407.250067490491,16797.660436987757
Plp1,13428.916932099031,16802.560042392393
Plp1,13433.002126793492,16818.582465353524
Plp1,13421.109281764608,16808.828742696434
Plp1,13405.171847045844,16801.44823182041
Plp1,13420.021627915956,16835.574579661148
Plp1,13416.957299345278,16844.642386605297
Plp1,13417.379999137094,16842.94904122685
Plp1,13422.369903802759,16717.658964472546
Plp1,13422.167509766427,16748.746779550198
Plp1,13436.937141341437,16931.760776308864
Plp1,13433.051035692313,16931.562052470057
Plp1,13419.961216821077,16942.25593965472
Plp1,13432.792532639056,16945.72257998793
Plp1,13440.871627593455,16946.837081575093
Plp1,13425.632813316039,16938.906291528037
Plp1,13439.449620243688,16947.230911816507
Plp1,13430.405331578835,16941.502774599052
Plp1,13423.767332618045,17200.12979898006
Plp1,13423.822172978156,17169.29968104497
Plp1,13433.935346064243,17168.198742101846
Plp1,13433.876288107544,17166.48020253384
Plp1,13453.624287746965,17176.4407404647
Plp1,13411.434429488567,17174.80484298989
Plp1,13426.125455540549,17175.90401741143
Plp1,13434.687674874514,17186.239535031782
Plp1,13426.452084621176,17187.55700836873
Plp1,13430.788022408571,17185.720810761737
Plp1,13444.869450823811,17176.41105707155
Plp1,13421.679008845475,17163.030613757735
Plp1,13420.408650443676,17172.02264250861
Plp1,13445.62418504523,17172.5219990185
Plp1,13429.268663141887,17192.434592457168
Plp1,13440.28505077057,17117.669267776808
Plp1,13449.064927566069,17107.70132028686
Plp1,13431.759340620589,17136.182246335655
Plp1,13448.716372007437,17138.7884606575
Plp1,13440.127986268144,17117.42685854467
Plp1,13449.151767763222,17112.14370882838
Plp1,13454.404468268327,17114.14171311679
Plp1,13453.283279365885,17125.03744442973
Plp1,13454.846537685715,17116.67193744313
Plp1,13434.73312374267,17114.688116241265
Plp1,13457.11535058384,17120.376990450124
Plp1,13429.957457665274,17114.730436952337
Plp1,13461.353800903356,17110.323737238923
Plp1,13449.126517435641,17108.296040085937
Plp1,13457.10799255711,17111.43828309883
Plp1,13451.621210802385,17121.27009407725
Plp1,13450.655360965879,17108.69018075302
Plp1,13465.509610086401,17117.76801628732
Plp1,13458.9017324747,17123.68297228199
Plp1,13453.765526719084,17115.13009651497
Plp1,13451.291432890941,17119.34320848793
Plp1,13447.352708523053,17113.53627835789
Plp1,13448.763125103993,17124.80591875151
Plp1,13461.79316626843,17181.957153419822
Plp1,13462.35536444078,17195.08443563186
Plp1,13479.74321971815,17168.07352664165
Plp1,13482.588987841506,17192.404787756215
Plp1,13472.308253160014,17192.021898163297
Plp1,13461.969557705099,17196.73029523055
Plp1,13477.482667153175,17193.20135688407
Plp1,13475.327876494823,17182.44814862668
Plp1,13476.205775215514,17203.936504264526
Plp1,13475.100329858704,17197.44227172474
Plp1,13457.729734871506,17196.66939023313
Plp1,13466.659380924108,17174.00230649443
Plp1,13482.933214971747,17142.465887806524
Plp1,13471.86878420422,17154.74295685145
Plp1,13479.757478560674,17147.388979707663
Plp1,13472.65390718191,17135.665704498133
Plp1,13467.77677554844,17147.723551348256
Plp1,13503.08311177618,17149.735572466387
Plp1,13487.601380264905,17135.22940520372
Plp1,13502.727009417176,17146.80536169834
Plp1,13484.217768042012,17159.293533696233
Plp1,13483.580406956813,17149.275130591013
Plp1,13481.09381331557,17132.27971557542
Plp1,13498.106420866068,17155.915971710805
Plp1,13478.576044356723,17212.28916957422
Plp1,13477.785917537689,17204.304916397192
Plp1,13494.618082021314,17201.061758858206
Plp1,13457.919686063293,17214.947896026995
Plp1,13480.164645157343,17203.158383892573
Plp1,13492.460809311706,16888.91109868003
Plp1,13498.732176883395,16885.97471110517
Plp1,13499.772716993648,16901.405561533393
Plp1,13493.638581615807,16888.25335246261
Plp1,13493.74065877741,16889.619905612613
Plp1,13496.545058878119,16889.983097224595
Plp1,13491.87805796414,16883.959418032733
Plp1,13482.357883102512,16885.683919437703
Plp1,13515.52885370456,16900.70161883933
Plp1,13491.056654310883,16882.514475265853
Plp1,13504.184978069528,16890.23368357028
Plp1,13504.43863257931,16894.740178355354
Plp1,13494.572205935432,16876.9683464079
Plp1,13488.067655669513,16878.699345625697
Plp1,13507.529482735525,16911.338585203885
Plp1,13523.195939274578,17015.333048687477
Plp1,13504.610708437454,16999.457914850245
Plp1,13512.734967923707,17013.618086017916
Plp1,13501.697126949812,17019.603676110924
Plp1,13516.159263022548,17021.223417180692
Plp1,13499.976889957265,17030.509225298494
Plp1,13511.207418826283,17202.940759665016
Plp1,13523.181306414093,17209.378579309065
Plp1,13519.215221876748,17194.338588302922
Plp1,13505.020928437409,17201.419662381635
Plp1,13516.815627337783,17195.475025521995
Plp1,13513.00525389247,17200.17407768159
Plp1,13513.084829155256,17191.703823668817
Plp1,13523.622077766151,17099.541353035063
Plp1,13514.322593637778,17111.716117684664
Plp1,13498.584347258617,17102.627142258974
Plp1,13515.463122745787,17123.013110796506
Plp1,13531.162045181263,17108.16232312695
Plp1,13514.43357771033,17120.30377965517
Plp1,13523.019898700573,17126.66277939905
Plp1,13531.55519499837,17111.74099679854
Plp1,13523.205577031298,17113.429592363253
Plp1,13529.277870272148,17113.717157585314
Plp1,13534.27706978014,17100.85201211691
Plp1,13513.288418143937,17127.986409142643
Plp1,13511.985260483816,17169.177180872073
Plp1,13528.6752952093,17172.40479274695
Plp1,13527.717628782792,17160.54943338089
Plp1,13538.342339623232,17174.430501512783
Plp1,13532.493285897068,17183.36229474247
Plp1,13529.869866493062,17165.2687904788
Plp1,13524.96334836034,17184.894971917056
Plp1,13519.529786832743,17290.747049176112
Plp1,13519.779938993108,17291.757306686126
Plp1,13512.188987748988,17290.248636057822
Plp1,13531.13629999705,17284.9451068256
Plp1,13508.525230554473,17305.421870678027
Plp1,13545.570841125857,17290.891554903978
Plp1,13533.575882932271,17274.660007212853
Plp1,13549.01012185371,17286.34131643455
Plp1,13546.970958214431,17282.60347329142
Plp1,13544.326337915454,17269.370984459245
Plp1,13560.706596537011,17287.89360536505
Plp1,13542.453287829734,17268.645575234113
Plp1,13528.933777591988,17272.097837933867
Plp1,13543.764906269851,17280.774542379906
Plp1,13551.456225971995,17041.61546499516
Plp1,13550.568845179025,17015.918445198226
Plp1,13556.417314376677,17022.805064227963
Plp1,13555.699190860214,17048.30028106378
Plp1,13542.80141486512,17029.36397562712
Plp1,13566.877043195715,17039.390489510064
Plp1,13563.565784428078,17028.55776273349
Plp1,13541.387108287485,17024.378442917347
Plp1,13551.961432507927,17033.607299409832
Plp1,13602.485153291167,17049.557364817963
Plp1,13600.086084183238,17036.25672354722
Plp1,13598.95050175934,17054.401252560874
Plp1,13596.858596295275,17038.437500247706
Plp1,13579.507625592189,17047.46677282952
Plp1,13588.032263165735,17046.51878817444
Plp1,13602.492123920494,17031.691119591032
Plp1,13601.068821943973,17051.744122080698
Plp1,13586.53673670298,17032.615815857906
Plp1,13599.348764941373,17053.477832823217
Plp1,13589.494975883705,17238.31600129288
Plp1,13609.875537030646,17237.986209099017
Plp1,13592.231897330701,17254.481078786463
Plp1,13581.847094519288,17242.339447193543
Plp1,13593.055919902417,17251.767821019617
Plp1,13593.574289271446,17236.638464802585
Plp1,13596.318504526325,17242.53315986322
Plp1,13596.265833994807,17221.84333842446
Plp1,13610.03286231143,17224.06935686262
Plp1,13616.715651696342,17218.250740767915
Plp1,13619.385722882878,17237.821393925555
Plp1,13618.655932915077,17228.572571773468
Plp1,13623.542487147477,17229.12674399478
Plp1,13649.571545036712,17201.758817657053
Plp1,13631.144448474011,17236.369675784168
Plp1,13621.430178745855,17206.832072017653
Plp1,13636.94185160146,17231.60380837285
Plp1,13620.330531591268,17229.06805576007
Plp1,13629.183047045417,17231.42891117838
Plp1,13631.284631960556,17236.986542996077
Plp1,13641.503522739693,17219.009350588138
Plp1,13631.760519338777,17217.912582927376
Plp1,13619.224784087399,17223.625712712408
Plp1,13630.711611518374,17232.69728406719
Plp1,13635.223780002038,17234.82788055204
Plp1,13613.703973607064,17229.638125166763
Plp1,13656.404544799028,17206.035539704983
Plp1,13655.627150991186,17208.388285593872
Plp1,13669.862622823985,17221.462223396695
Plp1,13705.853813872769,17261.772679513782
Plp1,13695.700933789274,17255.150266124794
Plp1,13699.697105381949,17250.61061103808
Plp1,13693.84450379944,17265.511885610686
Plp1,13690.076523644275,17250.783089413082
Plp1,13715.27235604278,17254.176663333874
Plp1,13697.336865532397,17261.733448822062
Plp1,13698.458629793504,17283.47139534728
Plp1,13717.638424357636,17250.376421010482
Pnoc,7146.674630148956,15181.13479714875
Pnoc,7210.601444643777,15202.497567199047
Pnoc,7242.903963331369,14989.34161458741
Pnoc,7239.693438655794,14978.046369304522
Pnoc,8674.261145812097,17007.796224839683
Pnoc,8683.069399019283,17689.730276976923
Pnoc,8851.610589267399,17147.76504999878
Pnoc,11460.457222750663,17795.944515058978
Pnoc,11954.227018725565,17584.38252352776
Pnoc,12111.646082687492,17435.178800197067
Pnoc,12180.572407721502,17557.94350600448
Pnoc,12442.243346610738,17150.900151114973
Pnoc,12771.00116550013,15998.290798365144
Prkca,6299.387433084349,14656.444819918346
Prkca,6461.735217284019,14785.838046254692
Prkca,6653.273963707262,13783.265309443963
Prkca,6658.6315350287105,13791.040793242333
Prkca,6668.873099027622,13796.910847530815
Prkca,6654.201858548116,13773.757948595237
Prkca,6758.890951580677,15311.31922445624
Prkca,6799.320370008149,15032.381148066113
Prkca,6789.242802165528,15047.177802887103
Prkca,6863.947976196456,14098.99263186808
Prkca,6844.441729339316,14235.543082708153
Prkca,6846.806246761759,14229.004419189967
Prkca,6879.75495451257,13997.075184227204
Prkca,6876.462722448333,13983.714198924115
Prkca,6871.928452909821,13989.147243764686
Prkca,6892.564429906848,15850.756256392626
Prkca,6901.36015344039,13892.720521934027
Prkca,6905.22591943456,13769.445248897253
Prkca,6898.4487001792595,13751.33529823164
Prkca,6901.305075650001,13752.630989449664
Prkca,6895.2354466299175,13746.80526495378
Prkca,6906.896142069711,14556.509724713655
Prkca,6914.138032624913,13963.123283095527
Prkca,6904.040118686347,13950.744003490112
Prkca,6904.269332536537,13952.318942998732
Prkca,6915.044141098848,13967.401695679691
Prkca,6924.970169893157,14365.677204938404
Prkca,6936.418949509089,14365.930960132833
Prkca,6936.752152987876,14444.242810994572
Prkca,6940.6277190176115,13760.62069294203
Prkca,6957.332064522007,14694.89246612588
Prkca,6962.864212493565,14684.819060551697
Prkca,6954.851002720352,14666.04969658884
Prkca,6978.758875295918,14642.261542516466
Prkca,6968.1092192049655,14650.40386055846
Prkca,6979.817357236293,14298.227333714554
Prkca,6985.073544908868,14304.22209010467
Prkca,6972.773017628263,14301.444871872563
Prkca,6971.558410620708,13873.91147401866
Prkca,6973.012185122207,13873.337569891424
Prkca,6976.547383212971,13871.286213604217
Prkca,6977.199061745382,13874.030886086683
Prkca,6979.978576690798,13890.86496876905
Prkca,6961.619185190435,14411.665171968718
Prkca,6978.396324127985,14282.07481990252
Prkca,6989.850171122515,14282.910370562036
Prkca,6991.434966379271,15185.352590177754
Prkca,6971.711148420137,13958.706176610294
Prkca,6979.784132146678,14887.968949380054
Prkca,7007.002058011507,14879.639344351792
Prkca,7007.111569504452,14868.849043377688
Prkca,7017.424134137506,13676.162094224956
Prkca,6998.7633268042055,13667.879031380353
Prkca,7027.0998459449165,14417.123757596722
Prkca,7035.289214935395,14436.929880183761
Prkca,7026.358262689057,14520.342179976915
Prkca,7007.038942880324,14507.522087936892
Prkca,7026.422598316371,14633.127755210959
Prkca,7040.86666519945,14625.379282184573
Prkca,7023.476428656291,14631.104336553186
Prkca,7018.228229444833,14645.245006700943
Prkca,7052.187320018084,14268.214619675799
Prkca,7034.385087890049,14367.150990897993
Prkca,7045.056801537371,14336.088813097742
Prkca,7038.974057684386,14362.601235384347
Prkca,7058.285856834905,14836.329856761264
Prkca,7066.398082401762,13832.25740491458
Prkca,7027.57309844968,13797.403707787686
Prkca,7035.481647818528,13793.417659827823
Prkca,7039.556724060474,14198.829728675437
Prkca,7057.434318603826,14194.545119866058
Prkca,7064.215157698471,14201.731407257708
Prkca,7065.75008015864,14040.476146849724
Prkca,7063.951468959079,14049.720302633901
Prkca,7061.919971410576,14026.738334613648
Prkca,7055.33348275422,14286.719429241632
Prkca,7063.552861238906,13908.438106744583
Prkca,7065.000069400697,15483.777775985254
Prkca,7056.692522023801,14803.397153547074
Prkca,7052.661632283436,14803.877135915815
Prkca,7060.510036897787,13778.00284007412
Prkca,7034.0595230488625,14365.723997785035
Prkca,7066.169352707215,14548.979793942408
Prkca,7059.320508021219,14554.795300045844
Prkca,7076.24553754523,14561.0005663853
Prkca,7054.189551938098,14364.991196428296
Prkca,7096.073292902625,14139.185726275566
Prkca,7087.873549480071,14138.883194195823
Prkca,7108.125152422348,14641.02069103485
Prkca,7097.087378286849,14655.320783533005
Prkca,7105.726190316486,14637.011175234515
Prkca,7111.952631281019,14491.896755372127
Prkca,7112.780796772212,13890.345266436752
Prkca,7119.031558306656,13751.39400783587
Prkca,7086.291523628395,13783.579565320544
Prkca,7087.278792027534,13783.67324068368
Prkca,7098.835888013515,13781.52424386882
Prkca,7112.450197776863,15136.3211972744
Prkca,7112.019733198898,15000.135767284512
Prkca,7113.757650360431,15013.375308172645
Prkca,7140.899140923099,13858.541475732287
Prkca,7150.267320243006,13859.113937750071
Prkca,7129.014257511826,13848.949384806654
Prkca,7149.836908874547,16259.32883621303
Prkca,7147.377600514293,16238.166702953367
Prkca,7156.461526775716,14739.351570292692
Prkca,7144.541326441132,14729.540372694584
Prkca,7151.261576303186,14734.802660076813
Prkca,7170.825788583974,15252.169330937695
Prkca,7151.2763400787235,15254.239575759802
Prkca,7150.447097320836,14791.402795834834
Prkca,7162.2186622789495,14802.429523649653
Prkca,7153.116789449175,14805.370988148466
Prkca,7174.816169707479,15073.764341019853
Prkca,7168.3323005646125,15079.133362796843
Prkca,7167.635858790846,15074.346852465602
Prkca,7147.953766198023,15087.371072938993
Prkca,7172.302819891404,15060.652885413498
Prkca,7164.05193848849,15070.898007184196
Prkca,7163.640587756299,15073.067253184698
Prkca,7145.12118333553,13772.60473326895
Prkca,7141.589649403094,13772.20319275321
Prkca,7177.561955236476,13791.208630635574
Prkca,7175.045847045536,13769.939474800345
Prkca,7159.576629634799,13779.008190745173
Prkca,7180.944186373548,14953.763108173813
Prkca,7192.432739379248,15046.57432275696
Prkca,7192.042576919654,15045.401809701016
Prkca,7203.391409978867,15049.651574037558
Prkca,7213.396792900869,15240.748369649904
Prkca,7226.691412643351,15425.421265721374
Prkca,7221.441117186743,15437.98321523738
Prkca,7228.770424489025,15440.353698735933
Prkca,7226.171169095654,14573.305906881356
Prkca,7229.867822989536,14597.392725452395
Prkca,7237.47472442641,14571.159462646636
Prkca,7227.3007239909375,13994.701013795879
Prkca,7229.014602756154,14000.693937321792
Prkca,7239.336945086211,13991.607930039238
Prkca,7233.749329248795,15376.351663059904
Prkca,7247.864367673959,15383.62531220634
Prkca,7244.686963844756,15378.129871367268
Prkca,7249.774467315863,15511.175672975978
Prkca,7278.1679094362835,15137.55509095999
Prkca,7247.731141650354,15136.587909801743
Prkca,7251.764505925146,15125.964981550645
Prkca,7261.9383054289865,15241.559231076033
Prkca,7247.196075851767,15283.0043687732
Prkca,7254.713378935539,15208.909513018481
Prkca,7268.155699256195,15193.472464931645
Prkca,7254.531542296873,15185.798869925584
Prkca,7289.102196924734,15080.106166103606
Prkca,7293.587611816442,15476.366928338517
Prkca,7284.55634189108,15501.838248452656
Prkca,7284.349991427535,15374.607091397116
Prkca,7279.220161132325,15361.132375240495
Prkca,7299.560668595481,15361.24636300607
Prkca,7308.991945317778,15425.258929387473
Prkca,7311.657109395737,15571.445338635784
Prkca,7312.333297121704,15569.767285662501
Prkca,7318.145758888706,15574.728096246808
Prkca,7328.018241843777,15579.564051103685
Prkca,7327.22084300844,15577.729526589519
Prkca,7330.107179049184,15449.989587695814
Prkca,7334.632983574509,15504.358941566152
Prkca,7338.786074175787,15519.253032501274
Prkca,7332.452884481799,15276.904364143631
Prkca,7327.111145848098,15417.661754215338
Prkca,7324.734082745748,15467.279774825654
Prkca,7324.424792202573,15465.292625659587
Prkca,7336.497543152812,15476.145213987722
Prkca,7358.569147238603,15381.082705397317
Prkca,7379.922729085186,15376.954274024652
Prkca,7343.677661032012,15618.855543770078
Prkca,7372.567827748244,15612.771461041973
Prkca,7343.369200781384,15685.087545477034
Prkca,7350.856380311808,15684.808575952193
Prkca,7381.2955720961245,14263.002831441889
Prkca,7357.18093282947,14271.777485169985
Prkca,7391.095279080681,15416.535072355471
Prkca,7370.6424292328875,15415.04881236029
Prkca,7377.2076436819025,15348.344768591713
Prkca,7359.299151113346,15355.051328305923
Prkca,7347.0741372669345,15329.935864327605
Prkca,7382.24755861629,15105.291691081944
Prkca,7376.488889223617,15600.884572323164
Prkca,7383.872637574068,15649.675791610596
Prkca,7382.199351386476,15687.48960653917
Prkca,7386.796845351081,15683.256867813427
Prkca,7409.010021407656,15631.762345865875
Prkca,7417.057163435806,16458.356210609178
Prkca,7440.229976272345,15806.666861852636
Prkca,7420.659204011938,15785.261146477083
Prkca,7433.253840709363,15518.94928074743
Prkca,7422.531844530299,15550.399392230747
Prkca,7430.771482132712,15564.929571562678
Prkca,7421.079108060726,15586.64909594225
Prkca,7419.283249269018,15600.256945543288
Prkca,7434.85507405166,15411.841343151644
Prkca,7458.5109306190925,15702.254985477088
Prkca,7453.65981927725,15710.580046966157
Prkca,7444.974792377482,15703.159392628713
Prkca,7476.793739978776,15866.632099632167
Prkca,7460.608281859559,15851.308602932459
Prkca,7445.636318370754,15749.267225511985
Prkca,7479.101649503613,15669.054945921847
Prkca,7476.706996570052,15670.635360016257
Prkca,7479.863788584415,15715.678831749208
Prkca,7520.407868263485,15971.913002534477
Prkca,7530.703788368207,15980.023416622445
Prkca,7512.736935720626,15973.59234055923
Prkca,7525.830040451948,15962.274182689627
Prkca,7518.265889008609,15792.731013823044
Prkca,7533.579881180252,15787.613244309587
Prkca,7493.189372219124,16643.963252573467
Prkca,7542.011005007006,15764.514223181772
Prkca,7529.5263488265,15772.109407118882
Prkca,7506.565519823337,15877.364648706833
Prkca,7525.467456333578,15430.521487201064
Prkca,7527.134760298443,15425.542660606312
Prkca,7523.786351520626,15914.167798903594
Prkca,7525.179831508388,15920.561571469178
Prkca,7542.728684358089,16054.744796322564
Prkca,7568.835101899924,16061.089495058197
Prkca,7579.990029425484,15722.98009820736
Prkca,7617.160785765701,15836.432790979023
Prkca,7609.568815193208,15992.630731328762
Prkca,7603.5936310344405,15980.709862106745
Prkca,7675.435754431047,15974.252137431027
Prkca,7683.6409165570685,16000.425907948946
Prkca,7681.722593595254,16008.801140403213
Prkca,7694.478721375643,16077.977515348046
Prkca,7692.622411912532,16091.898736295883
Prkca,7692.2390676568675,16100.5043462312
Prkca,7683.220763531959,16160.847202223511
Prkca,7707.803121516285,16039.473458844139
Prkca,7702.741865838283,16045.040017354037
Prkca,7714.462577789495,16051.313714914724
Prkca,7703.920176981601,16256.586804774874
Prkca,7716.288406520879,16008.536671278638
Prkca,7724.379457865448,16206.40329179974
Prkca,7722.1180780077075,16223.704093953535
Prkca,7724.278951059795,16186.571874122488
Prkca,7736.936710194071,16070.234433494445
Prkca,7739.854673097909,16053.747753804186
Prkca,7777.287833804891,16167.205630931654
Prkca,7756.524014924176,16175.454114397742
Prkca,7766.341962797599,15199.918875811256
Prkca,7777.700863637798,16039.511794944494
Prkca,7754.0398218099745,16057.510749052362
Prkca,7774.196849551731,16090.513211397982
Prkca,7784.7101597969195,16246.911098933471
Prkca,7791.459925854424,16242.58921552926
Prkca,7792.676672714396,16248.321135872453
Prkca,7775.887449901213,16183.378916057474
Prkca,7800.530512583847,16127.835909518975
Prkca,7785.5987533918415,16139.395065420176
Prkca,7798.278598962937,16134.923047130134
Prkca,7784.858145151078,17195.16492024411
Prkca,7818.006006776449,16392.741247478236
Prkca,7823.614815703518,16380.889503659762
Prkca,7821.567855198455,16371.424609615402
Prkca,7808.954435270368,16373.76291783053
Prkca,7824.092806306899,16258.28276736376
Prkca,7836.853543104084,16253.46478328783
Prkca,7836.3834749019,16191.075710358493
Prkca,7837.941217100732,16181.937246662932
Prkca,7852.671810258971,16301.329786263024
Prkca,7844.970347373156,16298.02761936285
Prkca,7868.837319843561,16285.945731900423
Prkca,7850.14224737255,16287.533596754412
Prkca,7857.269857966414,16272.5206099998
Prkca,7847.801094671271,16271.303459572722
Prkca,7850.8756574993895,16278.313444730727
Prkca,7864.8316362872165,16383.052701470015
Prkca,7876.94860213262,16369.10123696631
Prkca,7855.628060458206,16370.624971978701
Prkca,7870.282860124495,16372.878119647765
Prkca,7875.087366029541,16364.398494502113
Prkca,7874.524409580846,16359.123093567243
Prkca,7883.552827247336,17238.84872581379
Prkca,7887.295486481999,17231.26872411762
Prkca,7875.712986007184,16266.262302915864
Prkca,7870.858217604694,16256.978150887677
Prkca,7891.1254001651,16249.356039774222
Prkca,7915.989038994172,16311.129217688758
Prkca,7902.508370612397,16318.19831284326
Prkca,7911.072899925399,16291.716668428728
Prkca,7926.385684638439,16318.3736170426
Prkca,7930.506860950857,16405.071248083885
Prkca,7939.557827602309,16386.185668739716
Prkca,7933.54583630981,16400.414954751755
Prkca,7932.747853963387,16490.088993627145
Prkca,7962.072446892867,16585.668133412368
Prkca,7952.110059243494,16517.052752686068
Prkca,7956.642377424786,16501.02131400686
Prkca,7999.877164504363,14844.379890910921
Prkca,8011.2862327832945,14849.194628474255
Prkca,8027.030435149855,16440.19716087513
Prkca,8023.55753654334,16432.73918558302
Prkca,8037.3648875359395,16436.14683357878
Prkca,8023.6185584307805,16433.45363125603
Prkca,8029.845069227804,16445.42992663184
Prkca,8032.780999389658,16449.201564690095
Prkca,8034.037363467029,16502.26041245168
Prkca,8057.551585091209,17408.72182502138
Prkca,8078.742275578781,16508.375211949886
Prkca,8067.386232283308,16436.409260280612
Prkca,8089.32719871686,16443.751187861202
Prkca,8077.77341668856,16460.6466968229
Prkca,8067.881480405134,16603.489899647167
Prkca,8070.255774779142,16606.93474072212
Prkca,8073.347982706618,16570.96525994875
Prkca,8118.254923227485,16621.905970104486
Prkca,8110.144228754218,16534.307752203804
Prkca,8113.996342537533,16532.325115576587
Prkca,8127.5645066361185,16513.459421283296
Prkca,8156.887410026102,16530.67742985168
Prkca,8184.094592342877,16645.889360233636
Prkca,8174.266619734539,16808.955711687133
Prkca,8198.622868731749,15190.537457866596
Prkca,8219.262894597161,16643.326254595326
Prkca,8227.875579890457,16639.392865677703
Prkca,8238.395761390108,15324.599621523686
Prkca,8224.817240980501,16679.366982206106
Prkca,8249.792265609642,16643.291498434974
Prkca,8246.519497470532,16643.901081354023
Prkca,8258.136608793595,16646.122115785518
Prkca,8265.673153018652,16818.72536589588
Prkca,8239.77814148109,16822.499376185784
Prkca,8259.256731492143,16820.26113504295
Prkca,8274.738773146339,16867.451311942903
Prkca,8278.752223982692,16689.22873403357
Prkca,8285.110062957874,16930.486030996875
Prkca,8293.887368953223,16932.35152389708
Prkca,8296.163637718153,16937.23142390015
Prkca,8276.261330463563,16778.86349406614
Prkca,8283.375798498148,16777.41731026534
Prkca,8313.707389322082,16704.15091201951
Prkca,8311.542967282177,16715.753616871505
Prkca,8301.986037130508,16712.56430026673
Prkca,8315.607031610361,16687.183022947556
Prkca,8307.484878081244,16698.58850033871
Prkca,8302.494259694275,16701.541871403275
Prkca,8310.57736984443,16695.173603156516
Prkca,8312.795192774442,15010.064791399935
Prkca,8311.162282784755,15019.165886568
Prkca,8317.123124888187,15014.31711700568
Prkca,8314.671558171874,16802.37464120909
Prkca,8326.5883732393,16749.098781977707
Prkca,8356.218081823652,16872.209904971896
Prkca,8356.704268363575,15108.25308151006
Prkca,8351.944655969022,15131.681306087195
Prkca,8362.258285399335,15132.513602930932
Prkca,8371.23765683796,16791.68414236035
Prkca,8372.504311363604,15332.915431609767
Prkca,8388.071071744864,15338.631454829037
Prkca,8374.888825167867,16782.604080045196
Prkca,8377.111228696245,16969.98814908646
Prkca,8395.659556609986,16972.387343486404
Prkca,8395.415042230723,16763.357024639612
Prkca,8382.337602941177,16762.006538647973
Prkca,8401.458730005583,16754.852486298518
Prkca,8400.69771199581,17018.61558788355
Prkca,8446.026391293603,17034.588824325005
Prkca,8438.195583458726,17037.90891322723
Prkca,8454.850985966636,16858.6143424837
Prkca,8455.461285357029,16859.363320660246
Prkca,8436.475699624903,16853.84893707389
Prkca,8454.756220242647,16997.43015387111
Prkca,8473.987989423586,16704.472152753988
Prkca,8461.941750299346,16712.634590082795
Prkca,8485.034839510312,16920.416278253993
Prkca,8462.9560658672,16919.822667716846
Prkca,8483.39798652772,16842.656693299614
Prkca,8513.79751398366,16879.023457170868
Prkca,8496.545437798892,16907.895260484
Prkca,8508.787953987649,16948.99057369631
Prkca,8499.857706395307,16956.86176309636
Prkca,8497.961697641553,16945.202361958127
Prkca,8497.760546458081,16946.45730363482
Prkca,8500.291047106834,17088.378317411756
Prkca,8500.844369651573,17108.688345265462
Prkca,8537.942276407663,17030.463648077104
Prkca,8555.757714090441,17205.56314593496
Prkca,8577.698380940692,16945.99551996225
Prkca,8610.364069629515,17008.7606439099
Prkca,8605.528142594283,17140.109230803577
Prkca,8620.152824853587,17012.463781809238
Prkca,8625.296071900884,17018.948440789856
Prkca,8625.854091988516,17114.571092220343
Prkca,8622.291855552632,17124.803142074816
Prkca,8649.97474260102,16983.878526129458
Prkca,8647.522985314416,17068.684295477524
Prkca,8643.583158737913,17053.630933201974
Prkca,8655.270011343115,17094.731482194435
Prkca,8676.713522986776,17218.838555600236
Prkca,8689.21470784151,17228.790388396592
Prkca,8672.562037787473,17246.37734165751
Prkca,8713.81504350048,17010.60902806545
Prkca,8714.02248003777,17059.46794025106
Prkca,8720.86053001092,17066.417559122274
Prkca,8738.926781859605,17132.017953324597
Prkca,8717.191218292806,17134.75107633473
Prkca,8784.127567986818,17100.91389616767
Prkca,8793.69793545429,17098.77141058831
Prkca,8769.11716870183,17123.987757779567
Prkca,8766.669539664092,17107.413765092177
Prkca,8777.799427627933,17115.560908206786
Prkca,8761.148973076602,17108.630236832938
Prkca,8782.810032628835,17113.643626094192
Prkca,8759.93562251345,17106.88222636858
Prkca,8771.12338741329,17113.79212054521
Prkca,8758.558241434746,17175.799502202077
Prkca,8757.637889613532,17179.304737236725
Prkca,8778.745209300254,17154.539099698763
Prkca,8792.390170467605,17152.493498738648
Prkca,8796.463008502367,17302.983832392492
Prkca,8831.12127526515,17331.410340529932
Prkca,8833.472917456227,17311.400217699873
Prkca,8847.532621521465,17193.48669386753
Prkca,8853.36673212339,17202.18305872975
Prkca,8848.554378390527,17371.011457442346
Prkca,8872.138393207944,17335.061612513022
Prkca,8869.963643243427,17331.96240802304
Prkca,8865.309511629426,17331.02092883854
Prkca,8909.33493168981,17230.284626967565
Prkca,8902.338272302803,17242.901690704737
Prkca,8918.779303413836,15851.08410990484
Prkca,8940.970781679904,17266.6712357053
Prkca,8928.473290320308,17257.55285801213
Prkca,8965.994535272224,17293.531445866713
Prkca,8954.242130161534,17360.264384831844
Prkca,8974.35975684347,17231.611438523778
Prkca,8973.463747190499,17238.76024425405
Prkca,8963.57625303661,17220.03376335229
Prkca,8972.650636937477,15901.423686734626
Prkca,9005.73857514218,17414.700308749863
Prkca,9051.616361129614,17407.73842416888
Prkca,9056.494053422488,17406.222569947033
Prkca,9053.511066409692,17442.198532993403
Prkca,9104.546251854657,17406.06926833715
Prkca,9106.305029655372,17387.848360656273
Prkca,9114.359318168461,17389.125994817823
Prkca,9114.619552502681,17299.851786865194
Prkca,9143.516419007154,17465.977883642634
Prkca,9142.098074064,17463.911963968683
Prkca,9141.367458267587,17445.657645466123
Prkca,9170.557696017591,17369.15929313845
Prkca,9156.97993438132,17356.09501026261
Prkca,9182.391630830738,17410.700628711027
Prkca,9234.184946843829,17416.401643521214
Prkca,9242.916434995392,17410.728124007546
Prkca,9248.260993892105,17399.77851614589
Prkca,9282.836289075622,17427.479564089204
Prkca,9285.078698258598,17433.227929842815
Prkca,9258.889465852191,17454.50655397137
Prkca,9276.335240520377,17453.655968260777
Prkca,9271.992674134903,17430.449362324947
Prkca,9256.605522870628,16614.567493749822
Prkca,9246.380220016443,17484.42691805633
Prkca,9270.291012456766,17477.477873659987
Prkca,9265.19946808938,17474.66275779247
Prkca,9270.679736837084,17381.495363632188
Prkca,9291.46815592234,17566.83704300001
Prkca,9286.379466286598,17745.17340109015
Prkca,9312.664625849891,17370.5547976359
Prkca,9321.97607185978,17355.216386317705
Prkca,9314.488093119111,17400.745546686794
Prkca,9323.082133365322,17393.72953563501
Prkca,9331.848459034136,17451.554722218036
Prkca,9371.374442756538,17554.814171608075
Prkca,9370.687836122845,17547.702595865016
Prkca,9371.311966901223,17387.102850282743
Prkca,9355.642291308608,17371.440259068837
Prkca,9390.37016255865,17447.710985703794
Prkca,9392.170020757292,17455.081393965153
Prkca,9384.934487398124,17455.545198380445
Prkca,9387.467069549435,17396.442373733364
Prkca,9393.235243918441,17507.260620543304
Prkca,9395.226660982897,17503.44017456098
Prkca,9390.672046041578,18062.624876712052
Prkca,9442.0102331115,17486.17133660669
Prkca,9441.223652091005,17610.772439960263
Prkca,9431.03348515478,17552.420970773604
Prkca,9453.521398729343,17632.88178481456
Prkca,9504.23244544996,17483.642193153708
Prkca,9520.921149570942,17487.649491212578
Prkca,9510.180952809682,17487.547579167913
Prkca,9525.611665296541,17566.652876103442
Prkca,9525.067399287122,17565.613759628137
Prkca,9526.530346168956,17525.26744125653
Prkca,9549.525522397695,17486.38683765028
Prkca,9564.190818268244,17606.873645409734
Prkca,9561.52260999138,17630.334639291457
Prkca,9561.796351799434,17603.56506359672
Prkca,9600.26100862534,17557.95382468918
Prkca,9628.416952215988,17618.494259570518
Prkca,9631.707437765217,17625.3301349877
Prkca,9636.22336766352,17652.641655106316
Prkca,9640.685566270939,17499.0498589535
Prkca,9659.544068928833,17492.035812856928
Prkca,9645.36643758075,17517.534808865945
Prkca,9648.196323564869,17725.45187952299
Prkca,9679.23886648875,17724.412331567295
Prkca,9658.340396321802,17626.983135059134
Prkca,9684.130926468624,17553.349325143383
Prkca,9661.731691200474,17575.481375246847
Prkca,9701.829683551523,17731.13103201492
Prkca,9749.011027313996,17762.184604689835
Prkca,9742.370980485794,17745.9385937897
Prkca,9762.686458909355,17757.57213270874
Prkca,9745.601500205505,17672.213697987703
Prkca,9755.441316651793,17676.58568824913
Prkca,9759.700983690593,17620.38571556695
Prkca,9751.495560917383,17629.655701343567
Prkca,9758.086829651274,17624.4885913817
Prkca,9779.209797688414,17517.305695748702
Prkca,9768.838320743807,17509.712100241184
Prkca,9778.550082632919,17494.310130407397
Prkca,9790.17630830663,17607.01129524951
Prkca,9841.821796505954,17784.039693602153
Prkca,9821.850154252,17655.960431204432
Prkca,9859.55754752404,17632.976243076635
Prkca,9857.30801066658,17635.99258393492
Prkca,9882.981903029198,17634.425676516308
Prkca,9891.490740370074,17632.717742313354
Prkca,9924.851421127829,17637.811413403015
Prkca,9912.673622944683,17654.553608562448
Prkca,9927.417957557147,18082.86343359321
Prkca,9929.545278837393,17682.65989345297
Prkca,9921.253448274787,17675.015840443146
Prkca,9949.364006101074,17777.287487424157
Prkca,9969.527444848993,17675.477036586373
Prkca,9972.335207976561,17696.91135503931
Prkca,9991.985769152037,17770.48777642393
Prkca,9984.91306520707,17761.91137067796
Prkca,9999.357467437017,17754.02542480432
Prkca,9964.33457448698,17719.24643409384
Prkca,9986.255395562352,17716.819752511576
Prkca,9970.548239431639,17713.46732493055
Prkca,10016.170599998059,17659.11402869294
Prkca,10026.182139997964,17670.959299105692
Prkca,10012.028484898048,17660.85140380607
Prkca,10042.657557797995,17722.095408666697
Prkca,10040.532989945623,17729.76991734203
Prkca,10039.811619137965,17728.54379149243
Prkca,10039.743381275013,17787.764198167988
Prkca,10078.362754765714,17724.38786425734
Prkca,10112.770355583927,17713.432133288134
Prkca,10093.77770113286,17682.147509162438
Prkca,10090.440007167612,17668.03625896438
Prkca,10088.335652602416,17664.73724336449
Prkca,10117.422105751804,17779.376686141455
Prkca,10097.327987363416,17785.117663312147
Prkca,10103.162494337086,17788.81867801132
Prkca,10129.061965462739,17742.514271597913
Prkca,10113.63598536932,17755.673923447863
Prkca,10130.853449647757,17818.427642077208
Prkca,10139.937043004533,17785.86895678028
Prkca,10217.376830323257,17938.718437764746
Prkca,10210.531429440689,17945.98672048919
Prkca,10244.818600192119,17798.827760792457
Prkca,10247.026543615177,17846.555112438728
Prkca,10258.648143460181,17779.50446110271
Prkca,10260.839486922621,17777.593411220503
Prkca,10253.926950455656,17773.389601831233
Prkca,10273.10428979109,17890.39173648504
Prkca,10286.321072449477,17792.29057743438
Prkca,10293.0877573419,17808.065417072605
Prkca,10311.79558364968,17805.6585145608
Prkca,10334.968694923515,17812.250632569932
Prkca,10364.845879988046,17894.37158191189
Prkca,10362.38396786722,17575.163403819955
Prkca,10375.022732064745,17576.87771123635
Prkca,10392.613975763767,17583.333694906993
Prkca,10376.905783315284,17570.781478399214
Prkca,10409.257341924413,16956.239891707337
Prkca,10417.569132789276,17921.23846582054
Prkca,10424.272872329995,17934.625319004695
Prkca,10433.26226480415,17980.377198040776
Prkca,10427.11159369923,17812.17531099498
Prkca,10427.188349164631,17868.06841305081
Prkca,10439.223989057358,17965.58554408333
Prkca,10459.331956012902,17938.702186786544
Prkca,10502.151207966295,17834.958329698682
Prkca,10492.102544905878,17826.9115684894
Prkca,10477.304958038678,17848.11174292412
Prkca,10503.321471133238,17069.308402715964
Prkca,10481.665014909258,17063.37822777145
Prkca,10486.466865672506,17062.535076194683
Prkca,10515.193270054142,17917.263301926665
Prkca,10519.900585217583,17924.254592591606
Prkca,10557.23909537862,17828.43825065329
Prkca,10594.293123525462,17821.368334473165
Prkca,10589.14765088557,17828.917981843915
Prkca,10585.05327424848,17820.821658228073
Prkca,10577.135964583087,17875.761731434457
Prkca,10583.082782075857,17887.197398658613
Prkca,10582.730525177545,17928.22201644669
Prkca,10612.281499621158,17912.800454046883
Prkca,10612.025938519299,17882.233157102964
Prkca,10651.621144678564,17909.54225342563
Prkca,10656.862931928437,17910.718807266592
Prkca,10665.858753271059,17921.313760868663
Prkca,10681.384088880759,17879.32289213065
Prkca,10715.380162402453,18217.18499954322
Prkca,10689.14257751144,18229.132831868697
Prkca,10697.403164706508,18237.397912230677
Prkca,10702.03255334398,17932.241757395543
Prkca,10742.027966472011,17947.584078312746
Prkca,10757.135104363597,16522.866864569383
Prkca,10758.149696123946,16531.398151827798
Prkca,10757.89869219793,16527.57641754506
Prkca,10770.610919730076,18036.991384938887
Prkca,10765.039778287233,18029.289930943283
Prkca,10778.422418892706,17954.183150988167
Prkca,10780.64650320477,17959.623101354588
Prkca,10786.064218388794,17949.22929756042
Prkca,10790.85025406552,18015.25065734772
Prkca,10852.062649277606,17952.307604705795
Prkca,10841.86716835827,17902.26641687089
Prkca,10871.706692158974,17936.82464355697
Prkca,10859.220900362689,17940.842648197973
Prkca,10881.776027580185,17910.227004529283
Prkca,10891.335223568929,18185.282968111642
Prkca,10896.517132259574,17832.59117600733
Prkca,10980.457338856462,17974.491920264725
Prkca,10965.79582559024,17968.043940082196
Prkca,10982.943012819584,17951.164467124756
Prkca,11011.750896451615,17927.450273645514
Prkca,11011.585346203994,17921.555835508974
Prkca,11077.816757754248,17906.60884381911
Prkca,11094.639636477446,17834.475926105573
Prkca,11113.895447170504,17827.550579767503
Prkca,11111.85600683615,17822.606188328627
Prkca,11092.815650999393,17822.592220986207
Prkca,11096.619565305358,17831.30521563799
Prkca,11100.02766584701,17825.42502506452
Prkca,11128.834350008072,17880.34754262283
Prkca,11230.170041894753,18218.661233969167
Prkca,11255.463126118013,17880.877504831493
Prkca,11243.95008320551,17873.571235776424
Prkca,11259.155224156872,16673.287813879284
Prkca,11267.42217696161,17868.610640178158
Prkca,11260.231699344176,17854.515445223282
Prkca,11257.700157368683,17846.577536727815
Prkca,11251.974292118153,17751.976085739796
Prkca,11262.991030112276,17744.12117599261
Prkca,11280.367187268452,16942.31891970456
Prkca,11344.492265550643,16912.96040303324
Prkca,11329.25095429367,16892.7850282714
Prkca,11333.210818183457,16890.4452205956
Prkca,11360.713532523634,17720.72319983829
Prkca,11361.60674575104,17711.239464083366
Prkca,11359.983053073662,17708.9105497197
Prkca,11350.674207722775,17723.626716467188
Prkca,11363.669829158885,17717.069108330914
Prkca,11362.134928528812,17728.757623476795
Prkca,11345.017043650134,17710.049782418817
Prkca,11354.128983477713,17707.294880097197
Prkca,11343.128056284948,17713.686431785693
Prkca,11342.981577971983,18025.58953837944
Prkca,11354.588430007681,18011.838203649655
Prkca,11359.494886512357,18031.567444421107
Prkca,11391.880618486093,17759.927767713565
Prkca,11378.886471163862,17780.650823598135
Prkca,11398.610279397166,18144.35953964552
Prkca,11406.670735958452,17962.387330739195
Prkca,11418.29970211233,17828.233286588355
Prkca,11423.065644154702,17785.900802015938
Prkca,11417.773669047314,17783.59115266198
Prkca,11435.234007802028,17765.414585332717
Prkca,11430.227223187661,17740.822609632593
Prkca,11452.079800924552,17725.186530883933
Prkca,11454.557368637921,17735.0800110771
Prkca,11460.172840520092,17729.169946796737
Prkca,11483.37039578562,17703.85750795584
Prkca,11528.942124301457,18080.755877210297
Prkca,11539.38740277579,17774.220598369593
Prkca,11564.835149757433,17656.830053406185
Prkca,11564.686918230404,17662.430769957733
Prkca,11583.263722215841,17695.779228600008
Prkca,11603.987080332941,17704.7670124572
Prkca,11576.73912227383,17652.153613202696
Prkca,11616.975911591893,17765.496094999726
Prkca,11618.72436919729,17792.471346680468
Prkca,11625.02199624621,17689.097196613435
Prkca,11662.369758413037,17635.46354041354
Prkca,11660.866758868064,17683.98337178385
Prkca,11671.124442637534,17712.339532717935
Prkca,11650.302985334178,17711.643530333466
Prkca,11664.729103881067,17675.45797871059
Prkca,11712.135648743497,17725.223227548988
Prkca,11684.522326758495,17763.276128809666
Prkca,11712.62564947915,17750.661816028456
Prkca,11745.100790857125,17659.37957294544
Prkca,11742.009758520097,17633.250323795815
Prkca,11748.272815833325,17639.889749146616
Prkca,11738.952179611779,17764.2005027755
Prkca,11741.161870435288,17779.321992204703
Prkca,11755.44008412888,17754.574480310042
Prkca,11748.70144698178,17692.646969563124
Prkca,11786.34618740421,17620.648645751033
Prkca,11783.760987641595,17621.32600546654
Prkca,11791.12149693477,17802.720636518323
Prkca,11807.412771594101,17711.436511751323
Prkca,11778.19910235878,17706.024113157957
Prkca,11789.238777882505,17705.814730032223
Prkca,11821.334925838652,17589.83209858423
Prkca,11805.723661769416,17577.609670864833
Prkca,11791.792285740743,16888.498328213987
Prkca,11841.615157866556,17743.913036580878
Prkca,11839.126026464133,17741.970644890534
Prkca,11853.217893141013,17686.32142423459
Prkca,11857.095462760408,17670.97893709828
Prkca,11871.952977327464,17601.628496491212
Prkca,11862.343692941526,17582.0676076674
Prkca,11875.219403181409,17581.052607607744
Prkca,11861.160274374384,17614.817705647656
Prkca,11864.083963618903,17592.835188181747
Prkca,11863.270692164182,17590.279511908622
Prkca,11895.646696975547,17562.523567671393
Prkca,11878.689599214951,17544.584537327075
Prkca,11885.482305427566,17548.90095527203
Prkca,11886.402171821226,17553.6246176211
Prkca,11906.64037481234,17608.037909059178
Prkca,11896.33591396033,17607.31443175827
Prkca,11926.693395152985,17642.1061408908
Prkca,11915.024330553404,17622.762433585336
Prkca,11942.150690627479,17636.619879895326
Prkca,11961.935732538836,17568.306104888237
Prkca,11947.06007542417,17579.54807725381
Prkca,11962.14688391044,17588.850505481478
Prkca,11955.58591874082,17588.19556064299
Prkca,11964.231393579023,17508.134530551568
Prkca,11959.371573185852,17521.51536867688
Prkca,11986.9998940715,17668.36031120974
Prkca,11947.991029944831,17673.09207236274
Prkca,11964.944057908551,17678.80889953378
Prkca,11965.941816448469,17557.299707315207
Prkca,11979.953401519702,17614.730255183946
Prkca,11982.214265965702,17597.791990327856
Prkca,11994.397125332325,17616.399002438786
Prkca,11987.732151487715,17293.120515124763
Prkca,11992.492951610127,17643.839491882823
Prkca,12004.46216697632,17649.905693847868
Prkca,11990.866070741766,17648.763182142466
Prkca,12025.694841941924,17482.531690993772
Prkca,12017.750761575577,17518.838418056668
Prkca,12044.74627280706,17602.507799280807
Prkca,12073.09161230288,17423.816589241476
Prkca,12085.753900458736,17410.335766187807
Prkca,12071.66052213754,17411.732295689435
Prkca,12088.816894387508,17411.100685682453
Prkca,12104.056585141498,17420.191248687872
Prkca,12127.295587524186,17437.435292012775
Prkca,12119.492012838766,17419.20703717486
Prkca,12139.604832257366,17496.77374771298
Prkca,12151.359405601872,17494.803423216712
Prkca,12163.049423289374,17336.987703000596
Prkca,12181.276930797552,17822.564265946356
Prkca,12191.189496152889,17829.347619247088
Prkca,12192.59808886464,17816.984110630954
Prkca,12170.252250217782,17581.4522200976
Prkca,12185.656280119447,17578.022523101157
Prkca,12197.740591819544,17337.744908781347
Prkca,12216.86547495376,17367.23502431159
Prkca,12204.493562926618,17366.28433877408
Prkca,12204.664921262909,17463.450081177994
Prkca,12224.150524555314,17439.382168402488
Prkca,12221.288866497369,17306.913156190145
Prkca,12236.873070403119,17395.680337884973
Prkca,12223.687207747333,17395.30406777572
Prkca,12227.675023216601,17406.30114193528
Prkca,12223.888606777802,17402.441604566277
Prkca,12218.32277525403,17407.266569306572
Prkca,12261.569818799642,17288.141414543083
Prkca,12266.362018976535,17147.086413563367
Prkca,12250.557932087799,17174.017041484978
Prkca,12284.5843162776,17147.697896371286
Prkca,12256.385733896701,17161.01096759808
Prkca,12260.253468224835,17166.480464578883
Prkca,12253.160957795177,16290.523010160634
Prkca,12279.762185863094,16279.9765010712
Prkca,12299.860727878176,16417.499680311234
Prkca,12281.109659985848,16409.546736628654
Prkca,12298.53841534892,17234.75258474455
Prkca,12306.129004343065,17214.70778394523
Prkca,12324.92540233353,17540.4933173491
Prkca,12347.748937362148,17335.978841554504
Prkca,12367.093190110541,17254.172530941432
Prkca,12435.054988590138,17225.822891429918
Prkca,12464.359198376387,17210.693209780675
Prkca,12451.064045569105,17215.21365592272
Prkca,12428.776905442526,17159.436261935596
Prkca,12432.505577719427,17134.560939014136
Prkca,12496.41000655037,16948.378457698367
Prkca,12480.847192604864,16950.15371141766
Prkca,12489.128664138458,16972.27627175628
Prkca,12501.484467801347,16971.83991234488
Prkca,12492.859962291835,16956.484592978606
Prkca,12546.531270061683,17110.744225429
Prkca,12532.918573799663,17100.734681171325
Prkca,12537.909939987978,16970.001832528043
Prkca,12543.37990327664,16991.699665649954
Prkca,12533.093375867466,16992.107569885444
Prkca,12586.029572807813,17073.613413153267
Prkca,12562.045347181833,17063.256311969315
Prkca,12600.583122065053,16982.945198811907
Prkca,12612.737397362322,16924.925175217068
Prkca,12605.698131419615,16899.143379440542
Prkca,12608.117747846281,16925.29062163318
Prkca,12628.781334953932,16834.02821825037
Prkca,12643.228311696863,16875.124485121083
Prkca,12635.819941563095,16872.191906312197
Prkca,12617.687590195452,16860.915177603387
Prkca,12647.515296464706,17826.94772326239
Prkca,12630.161062642619,17845.43421584312
Prkca,12633.901951249762,17825.323116227268
Prkca,12648.281656268702,17131.798192643593
Prkca,12636.583498821105,17139.383805030997
Prkca,12643.094933353015,17126.966688239016
Prkca,12643.585091866318,17136.673352070364
Prkca,12647.33935821386,16813.42709217139
Prkca,12629.239207123384,16798.750336921854
Prkca,12660.076368599399,16764.69135888856
Prkca,12644.068235787461,16756.70087410674
Prkca,12656.483826557964,16812.432436508414
Prkca,12658.343598935428,16813.71504479602
Prkca,12686.044697353127,16868.692001570682
Prkca,12672.000668444118,16862.053795267293
Prkca,12684.039061016656,16870.242319819234
Prkca,12697.470756770033,16774.69996448527
Prkca,12676.222636008468,16743.76433688808
Prkca,12679.924551600563,16767.531857178572
Prkca,12679.957511077757,16763.454798902072
Prkca,12693.762140465227,16724.708858408765
Prkca,12681.041795375972,16722.722011235637
Prkca,12700.386182854863,16735.945688692835
Prkca,12710.90767872116,17211.129270484274
Prkca,12724.250247173344,17215.431367683836
Prkca,12742.550801745017,16740.33434136042
Prkca,12762.15163503511,16741.848302841736
Prkca,12765.422859723274,16660.657565827925
Prkca,12775.122676418774,16721.00326789024
Prkca,12788.646025214372,16697.365274141623
Prkca,12790.377761605681,16709.626405561597
Prkca,12770.37693068944,16701.390002463573
Prkca,12776.946851174374,16690.470484436166
Prkca,12767.833119956296,16697.755221398413
Prkca,12769.19180978068,15988.569043029614
Prkca,12781.291825434928,15982.962094395782
Prkca,12756.773240549728,16633.656144538825
Prkca,12789.063569822012,16765.67737968292
Prkca,12793.054450837455,16750.07233278655
Prkca,12856.976815114745,16535.875010962995
Prkca,12859.268262290834,16725.297256878443
Prkca,12854.167605136769,16703.976734804066
Prkca,12869.744680335132,16675.955227035873
Prkca,12849.17966702037,16678.244059439476
Prkca,12865.988988493338,17195.61422958909
Prkca,12860.518166123882,16575.62521904804
Prkca,12878.067107897838,16600.3904392799
Prkca,12892.464735398116,16782.504803634303
Prkca,12874.827188715,16797.69192251194
Prkca,12879.110621696154,16774.636164170824
Prkca,12893.446573400479,16567.874625306107
Prkca,12947.867468234475,16572.353486026463
Prkca,12925.105043109872,16552.986356392426
Prkca,12927.273024616157,16725.331874406806
Prkca,12949.159611935096,16718.60150620171
Prkca,12986.213442061508,16442.463362849245
Prkca,13009.126174740988,16652.404104570585
Prkca,13028.194527354806,16476.39409730571
Prkca,13026.914649247552,16474.739396549336
Prkca,13064.384307633547,16488.16854830729
Prkca,13074.19899761524,16471.96965453682
Prkca,13066.155542767674,16477.7068706089
Prkca,13070.630466170533,16402.169808191742
Prkca,13075.398120920854,16391.385758014065
Prkca,13071.359374075202,16530.56469734977
Prkca,13080.035248132184,16536.28038833593
Prkca,13090.990775411348,16539.090642261344
Prkca,13105.451360404422,16408.282188393587
Prkca,13113.211923667246,16503.68023168468
Prkca,13124.096029751014,16378.133409892072
Prkca,13126.31315921821,16373.100924576227
Prkca,13147.719514288934,16334.616315957943
Prkca,13136.707725793305,16335.909279264137
Prkca,13166.478471137469,16534.90278134975
Prkca,13173.52448211078,16882.8781419202
Prkca,13201.472743294205,16876.43136314721
Pthlh,6815.948207606023,14110.75593087583
Pthlh,6886.971295647747,13751.839412225136
Pthlh,6916.0810781368855,14831.919068098621
Pthlh,6957.668122802106,14501.366414408116
Pthlh,6967.592992357311,14460.288653928472
Pthlh,7066.850268781125,14188.10664265601
Pthlh,7167.163065062217,15353.27552240274
Pthlh,7352.518055241564,15383.435662379632
Pthlh,7434.080245078137,15694.724298225457
Pthlh,7977.029591855311,14601.673238375382
Pthlh,8168.504387721651,16595.32206165416
Pthlh,8286.87193295067,16826.14010931229
Pthlh,8332.055168491332,16808.426426084265
Pthlh,8442.346817766806,16918.341893758407
Pthlh,9543.190278464817,16735.859216188368
Pthlh,10400.400968900323,17850.361835542135
Pthlh,10732.976663109579,17963.521840769146
Pthlh,11582.750880260384,17705.602611185175
Pthlh,12121.751459746423,18054.65545493679
Pthlh,12262.669176209889,17433.22001893488
Pthlh,12362.869614900417,17440.63480544819
Pvalb,6571.894428665383,14162.066030892593
Pvalb,6611.3611655894565,14395.532898152494
Pvalb,6619.645931650894,14415.418409618282
Pvalb,6628.5406639285375,14423.91481386417
Pvalb,6638.66954968917,14408.670105956273
Pvalb,6604.388154002975,14417.671341776677
Pvalb,6615.5267695945195,14401.311755662153
Pvalb,6653.250280443382,14425.357520243911
Pvalb,6639.686396069968,14414.08097403456
Pvalb,6641.820175417865,14418.641078773335
Pvalb,6745.758646143092,15313.258153679706
Pvalb,6760.446465834281,15314.268150514017
Pvalb,6760.478851802246,15283.79563123152
Pvalb,6809.553832178893,14120.023554009467
Pvalb,6796.434989846294,14117.132914009233
Pvalb,6799.953563172683,14119.756053035546
Pvalb,6804.37292764098,14111.628585549535
Pvalb,6794.900475701257,14122.963006966978
Pvalb,6797.384245345736,14116.311512424858
Pvalb,6808.215653335775,14127.421952324596
Pvalb,6840.32550173057,14114.547554885039
Pvalb,6930.3859822333225,15406.146023812687
Pvalb,6904.73878851195,15385.60893001223
Pvalb,6902.490616462627,15399.451991044634
Pvalb,6921.446085041898,15398.235432967978
Pvalb,6913.223761454104,15381.269229035037
Pvalb,6915.212093807702,15380.95954560796
Pvalb,6910.929154085407,15379.602298409125
Pvalb,6926.465251747127,15399.74322770643
Pvalb,6915.493961821248,15386.063865125134
Pvalb,6977.767515652692,13838.007372057877
Pvalb,6989.417709428283,14738.719006793744
Pvalb,6989.70833192449,14721.31017859317
Pvalb,6969.534064232055,14739.930201133293
Pvalb,6978.803158519731,14721.526437739962
Pvalb,6983.484050983367,14755.514719023087
Pvalb,6984.392882638076,14722.508421922572
Pvalb,6977.369130431751,15181.978979727422
Pvalb,6973.028336236257,15167.658122786373
Pvalb,6961.830796801677,15178.906343532746
Pvalb,6982.653137012254,15190.605923664334
Pvalb,6989.592177915983,15649.46133008134
Pvalb,7005.581002703499,15643.29038885066
Pvalb,6997.953040769921,15634.6559334005
Pvalb,7008.304981179631,15639.447626106321
Pvalb,7013.368183745651,15652.14117285529
Pvalb,7015.804295938182,15652.985754380261
Pvalb,7030.093049081613,14516.795488980486
Pvalb,7031.118117803874,13981.681734879192
Pvalb,7036.490244267931,13975.61198154489
Pvalb,7036.03939878714,13981.818176000928
Pvalb,7056.919154663438,13964.693042029094
Pvalb,7049.010081884228,13980.79122235852
Pvalb,7043.662782112385,13980.35567707489
Pvalb,7038.21500452345,13987.357767929792
Pvalb,7035.748153102582,13980.160441686281
Pvalb,7042.174729026942,13975.373773425334
Pvalb,7047.0094102951525,13980.858095976524
Pvalb,7045.674839744067,13978.286473545719
Pvalb,7058.555997448022,15140.825027920715
Pvalb,7061.718691689048,15143.657926348562
Pvalb,7065.34833734561,15135.933292798212
Pvalb,7068.683717758028,15115.239471918441
Pvalb,7067.645841798383,15499.529675203572
Pvalb,7067.755999490454,15491.782299588654
Pvalb,7056.273381987661,15487.823538473725
Pvalb,7062.734369763796,15500.512054089373
Pvalb,7064.846037000346,15488.311963130407
Pvalb,7049.8843154455735,15500.460841056021
Pvalb,7069.949418096524,15483.660797683366
Pvalb,7052.450841821904,15498.322148213449
Pvalb,7069.707352065773,15485.876492840438
Pvalb,7053.3231906743495,15501.480545975604
Pvalb,7062.605690730858,15479.402317153743
Pvalb,7044.612055607692,15484.787023664236
Pvalb,7052.545109098741,15481.628670814875
Pvalb,7056.843702151376,15486.505226527299
Pvalb,7071.161000878136,15483.761799678232
Pvalb,7061.493276802174,15484.232134525366
Pvalb,7047.004124320194,15482.361004683697
Pvalb,7058.809334569206,15484.694536855432
Pvalb,7064.560012803575,14229.479129348465
Pvalb,7074.850014765968,14247.526631853443
Pvalb,7069.0903591324895,14248.176833160614
Pvalb,7057.171791323436,14231.767433826908
Pvalb,7081.344347412153,14233.011580269038
Pvalb,7054.939001282587,13770.06429715321
Pvalb,7089.339059080387,15144.302740771747
Pvalb,7076.536575825968,15136.31786878457
Pvalb,7091.355717212037,15158.87556845549
Pvalb,7078.8633242322285,15147.254693174347
Pvalb,7097.088332668665,15135.101762716438
Pvalb,7085.520877676779,15150.218830096243
Pvalb,7080.692584869805,15154.788449321704
Pvalb,7083.813745806981,15134.817714540464
Pvalb,7115.084364978829,15730.878455272737
Pvalb,7126.76264670556,15728.415019524922
Pvalb,7144.00721671119,15735.68880590675
Pvalb,7126.063978040371,15719.489203070036
Pvalb,7128.83834956446,15734.7761071192
Pvalb,7123.224997773333,15733.769802876504
Pvalb,7126.406624670174,15724.755755365055
Pvalb,7148.383691234612,15732.922596164777
Pvalb,7143.16782618528,15740.618774402725
Pvalb,7136.911657567123,15751.215334545052
Pvalb,7122.0762715742585,15747.266333516502
Pvalb,7135.45268743708,15722.107887238766
Pvalb,7139.040295107749,15723.528211788476
Pvalb,7111.355254981856,15731.286767140406
Pvalb,7159.2790787308695,15399.229317493775
Pvalb,7185.254344325807,15390.415613230865
Pvalb,7166.903555251095,15403.285283725949
Pvalb,7184.408751744732,15386.58574064276
Pvalb,7184.221634403131,15402.178744605597
Pvalb,7177.685800273129,15409.136157169829
Pvalb,7170.82538842887,15382.354068947361
Pvalb,7164.225387275634,15386.973940672991
Pvalb,7185.194316493262,15355.407846489998
Pvalb,7207.065274518475,15338.555130724648
Pvalb,7219.281025955263,15347.161057658801
Pvalb,7201.6575734402295,15354.631995006022
Pvalb,7244.146838369484,15472.879030171369
Pvalb,7234.937909153172,15466.994701652073
Pvalb,7241.386236988942,15463.824740521346
Pvalb,7239.131215144594,15462.410911407052
Pvalb,7246.1921350673965,15472.902824655464
Pvalb,7232.9313753437955,15467.866116679534
Pvalb,7226.076599132778,15460.180958214269
Pvalb,7238.373416842484,15470.770971757354
Pvalb,7242.603525465883,15464.576502874443
Pvalb,7248.375521104909,15474.473616019946
Pvalb,7246.195079689087,15456.705264002214
Pvalb,7241.135054381569,15472.647227761305
Pvalb,7244.954267773795,15474.804153849482
Pvalb,7276.625100081692,14972.224517789213
Pvalb,7271.390040931346,14981.959390217045
Pvalb,7276.1229441707,14965.765095698342
Pvalb,7282.5728846975,14964.003190557145
Pvalb,7285.5474712121495,14967.179959059908
Pvalb,7290.681572991078,14960.680913512755
Pvalb,7270.334302276209,14978.236397929784
Pvalb,7269.343794032215,14981.256662677359
Pvalb,7266.89891009548,14956.888278674454
Pvalb,7279.134441175924,14969.759585879112
Pvalb,7285.956459689214,14977.323963625764
Pvalb,7263.701827165295,14978.965953998977
Pvalb,7273.334958921459,14983.158821351912
Pvalb,7267.754608426354,14967.384259073438
Pvalb,7280.961721371929,14966.633030344967
Pvalb,7263.823256382941,14981.92538979702
Pvalb,7261.5904659904245,14964.38325115926
Pvalb,7273.879659936228,14968.532415739355
Pvalb,7260.567461890208,14991.775256790837
Pvalb,7276.744204225603,14979.405943425625
Pvalb,7341.356013829902,14276.661364100128
Pvalb,7326.858530986458,14288.871303468828
Pvalb,7342.422793925041,14297.561991277804
Pvalb,7330.904760847745,14293.30868060742
Pvalb,7343.360553420952,14283.835013973896
Pvalb,7343.072990951602,14274.101756081925
Pvalb,7341.692333670975,14292.835979494164
Pvalb,7347.517193982946,14291.932296608811
Pvalb,7368.381867751275,15388.598952934719
Pvalb,7372.1965353823925,16315.316358541175
Pvalb,7551.906127442241,16053.397146405321
Pvalb,7558.416709185886,16070.339409754926
Pvalb,7551.228197190724,16064.822547213005
Pvalb,7548.286178744258,16043.437211741493
Pvalb,7574.150928903688,16053.693841842718
Pvalb,7565.40944800279,16062.32065745706
Pvalb,7583.373452616113,16081.231673225257
Pvalb,7579.743059363729,16051.527128382026
Pvalb,7572.816542775478,16055.81479201509
Pvalb,7553.815287814094,16041.27885236164
Pvalb,7574.4414060473155,16056.6404980574
Pvalb,7580.010063837551,16053.493717843385
Pvalb,7630.574148117532,15887.886385156808
Pvalb,7640.478752456864,16377.540940233806
Pvalb,7625.954220514194,16373.235553428003
Pvalb,7623.194673659357,16382.49070621877
Pvalb,7626.251876771043,16372.499451681213
Pvalb,7629.5774023080085,16370.884494405282
Pvalb,7620.893097432944,16383.82596525702
Pvalb,7639.12386085364,16361.479081581389
Pvalb,7633.698821874013,16372.642984449862
Pvalb,7609.551534608396,16376.522846277301
Pvalb,7616.009858470146,16365.416845211295
Pvalb,7613.191116298597,16379.635787363706
Pvalb,7633.991171260781,16379.551676081825
Pvalb,7631.519962660452,16367.460907299588
Pvalb,7626.39374460542,16375.781816682365
Pvalb,7638.18591287124,16380.220315841569
Pvalb,7636.065718682283,16369.9396396461
Pvalb,7633.602611346324,16378.419995982724
Pvalb,7629.677572677271,16394.533435345427
Pvalb,7612.233793197514,16390.45095731834
Pvalb,7620.150827055085,16082.914865377927
Pvalb,7636.653144975586,16066.432785037467
Pvalb,7636.895995945977,16078.575825681191
Pvalb,7629.709881687533,16078.852955448272
Pvalb,7633.791507154961,16091.325798275326
Pvalb,7645.436633854226,16098.211505843288
Pvalb,7661.238144982382,16067.868817790528
Pvalb,7647.025466244905,16094.806826453063
Pvalb,7649.648318922229,16099.48631716278
Pvalb,7656.534966798916,16097.755960620003
Pvalb,7656.001162032099,16104.422553449122
Pvalb,7633.818238700708,16100.425295943704
Pvalb,7781.571925645684,16394.424968735853
Pvalb,7782.1542754261845,16377.423373150086
Pvalb,7761.724635756446,16415.797111590906
Pvalb,7773.624060731677,16400.042988252822
Pvalb,7775.584150372371,16390.222200270684
Pvalb,7791.228334857187,16404.633710491038
Pvalb,7773.632625368889,16397.19114816184
Pvalb,7769.835468119907,16398.806942468953
Pvalb,7782.054038333208,16411.044912884394
Pvalb,7767.7982233176945,16404.783614923934
Pvalb,7758.715733194134,16395.470879073397
Pvalb,7754.871163970717,16411.96922639825
Pvalb,7800.035269320763,16404.68141734808
Pvalb,7769.000023269515,16396.924154226763
Pvalb,7786.650914836163,16409.87102533186
Pvalb,7777.367491560494,16398.225753564468
Pvalb,7767.132126627538,16390.817457754405
Pvalb,7761.645354701032,16403.395439278134
Pvalb,7773.571430067703,16401.83894829546
Pvalb,7769.507845640068,16375.369487330874
Pvalb,7826.088740620246,16203.444137428376
Pvalb,8032.715447783603,16618.957798306445
Pvalb,8070.888015008939,15075.411481294972
Pvalb,8089.183494914775,16707.773451290075
Pvalb,8094.538171513293,16703.455860636936
Pvalb,8097.879398902531,16702.384882788134
Pvalb,8141.094858180786,16648.96308524587
Pvalb,8135.8449981379235,16650.077390415394
Pvalb,8124.872107574417,16656.655899862973
Pvalb,8118.272153845211,16646.982659950205
Pvalb,8106.742855549859,16656.57653027729
Pvalb,8119.185083558044,16657.03900100651
Pvalb,8126.73042795084,16639.854765894317
Pvalb,8124.608420874578,16636.17784068132
Pvalb,8128.969362547428,16654.127896843307
Pvalb,8135.131055832247,16637.188159154724
Pvalb,8556.961865626863,17044.772909596537
Pvalb,8575.11141685666,17037.466476983183
Pvalb,8562.88889231254,17041.973395615438
Pvalb,8573.231142054883,17020.350994042106
Pvalb,8563.538954231279,17023.773125068587
Pvalb,8555.495558218561,17019.610665252447
Pvalb,8557.913915110215,17042.00674955878
Pvalb,8595.950734943277,17075.654456161115
Pvalb,8588.160537835372,17068.888834280642
Pvalb,8598.34607350202,17079.08233981509
Pvalb,8611.251737578184,17068.954512312677
Pvalb,8605.828322497871,17078.43921963825
Pvalb,8608.797495562374,17063.81443278153
Pvalb,8598.241875897967,17081.86058359626
Pvalb,8590.021381219107,17101.849518777708
Pvalb,8590.741806006952,17065.107959425633
Pvalb,8589.05068801767,17093.31092044517
Pvalb,8586.63851686746,17090.212893301115
Pvalb,8590.03808707663,17067.507812574324
Pvalb,8780.08096927356,17309.124727048973
Pvalb,8797.065171476494,17254.28663320188
Pvalb,8798.917630453783,17258.171130376428
Pvalb,8792.105973481815,17255.25647729328
Pvalb,8786.376922085994,17250.987088904058
Pvalb,8782.126191295592,17264.035064221676
Pvalb,8805.068967104777,17252.065157284753
Pvalb,8786.466248455714,17268.14200749148
Pvalb,8803.24659545921,17263.573683411378
Pvalb,8804.570950279167,17261.857701205947
Pvalb,8787.978135761492,17254.448267647287
Pvalb,8791.44417188539,17264.995099564254
Pvalb,8788.579933147921,17262.558735898805
Pvalb,8797.790041520218,17265.391597322454
Pvalb,8793.851453073941,17256.788577073396
Pvalb,8792.202787163918,17265.434301920857
Pvalb,8789.746465235692,17266.317303121803
Pvalb,8803.667046315446,17269.263256514518
Pvalb,8980.058429540666,17228.4137969383
Pvalb,8961.697577219402,17239.38174567958
Pvalb,9075.413695951253,17466.973592591352
Pvalb,9268.560969607383,17497.59858151445
Pvalb,9256.936267016503,17487.733313603832
Pvalb,9267.347528019543,17483.14015458164
Pvalb,9263.315809804317,17488.635991315692
Pvalb,9268.060268639301,17505.991151140825
Pvalb,9255.59707517788,17488.31893376428
Pvalb,9275.381124789454,17758.08063390175
Pvalb,9305.041543473273,17750.585843951103
Pvalb,9292.381168550211,17766.013403115932
Pvalb,9302.41349160085,17764.720191621447
Pvalb,9313.6661548891,17750.786792453706
Pvalb,9287.1193523165,17757.027466537915
Pvalb,9295.192576526852,17759.578570503123
Pvalb,9281.596365267438,17752.949372026542
Pvalb,9297.92683220473,17743.407191366692
Pvalb,9315.62807266746,17748.544548159072
Pvalb,9303.10462539923,17759.908505840234
Pvalb,9298.857905881761,17732.790529803355
Pvalb,9299.968758821495,17736.37770727365
Pvalb,9303.937449924313,17760.442468414607
Pvalb,9303.853108633037,17761.921913457114
Pvalb,9544.030271804051,17480.802843603
Pvalb,9757.23802824137,18129.375113153194
Pvalb,9727.80775577899,18124.390844064754
Pvalb,9725.906208095372,18118.68869142018
Pvalb,9734.29716073685,18100.901201846198
Pvalb,9725.279024650756,18131.77033430485
Pvalb,9738.887142932806,18117.04159512273
Pvalb,9742.359797884463,18128.528921050063
Pvalb,9736.950515836563,18109.11299353658
Pvalb,9727.995252181761,18112.037075995297
Pvalb,9718.340493257947,18127.318857896575
Pvalb,9726.480834123047,18121.43915899062
Pvalb,9739.128013972233,18120.788093465337
Pvalb,9734.949344098639,18103.5873109391
Pvalb,9728.115222902989,18120.69765758598
Pvalb,9724.666142536442,18129.184029449905
Pvalb,9719.573143642423,18115.22751627844
Pvalb,9730.466876713386,18111.067062942
Pvalb,9734.930396165724,18120.671216658917
Pvalb,9763.89573909167,17615.87934721625
Pvalb,9900.15453933459,18071.717862812435
Pvalb,9919.287359765023,18079.21168902198
Pvalb,9921.083757792492,18068.334057648106
Pvalb,9929.784254994953,18071.813236467995
Pvalb,9927.489352963754,18066.67567999906
Pvalb,9936.386210391385,18065.516196349374
Pvalb,9928.831587767416,18062.05440547147
Pvalb,9936.541375394749,18070.992646645078
Pvalb,9932.571173100196,18075.5574218389
Pvalb,9917.266786104286,18070.081115916077
Pvalb,9927.176507693097,18079.293977624817
Pvalb,9926.944842123097,18078.29170084289
Pvalb,9912.759395358904,18058.37061523398
Pvalb,9926.536149016665,18055.53641067418
Pvalb,9946.958061253168,18069.68467387279
Pvalb,9934.44289402765,18054.2843472533
Pvalb,9936.522080089851,18074.891864549518
Pvalb,9930.702092826601,18089.262041339283
Pvalb,9935.774927396891,18080.70268083545
Pvalb,9933.074776090107,18055.23808946391
Pvalb,9927.502094385729,18070.88613085715
Pvalb,9921.300651610929,18080.812265641805
Pvalb,9929.50194110479,18071.678025263216
Pvalb,9928.900004724701,18068.10083084981
Pvalb,9920.520980202402,18069.711278612653
Pvalb,9933.304715862841,18082.52090259812
Pvalb,9907.576507172063,18062.873140086907
Pvalb,9931.869973944795,18051.688380534517
Pvalb,9925.642005387033,18083.981292842673
Pvalb,9923.664180331169,18058.09884309068
Pvalb,10406.345625070953,17859.234859260818
Pvalb,10462.506232015592,17845.095245442342
Pvalb,10957.395457396917,17875.102648890068
Pvalb,10937.045250572703,17857.02648761305
Pvalb,10964.575440489387,17867.11585626255
Pvalb,10962.913534277488,17870.36544149523
Pvalb,10946.346752651665,17856.089589398674
Pvalb,10953.716247760192,17849.314777524876
Pvalb,10940.754532215253,17838.438498824282
Pvalb,10934.527658356765,17827.843601536595
Pvalb,10949.097868140603,17838.812669461535
Pvalb,10948.810810637688,17823.92274930728
Pvalb,10935.876785502442,17831.219650954863
Pvalb,10949.883694929336,17833.7456478207
Pvalb,10935.29074446229,17837.09674817064
Pvalb,10931.099207493695,17838.117370079613
Pvalb,10943.357276770363,17847.252282324487
Pvalb,10937.214556009989,17835.245194302
Pvalb,10944.112669939173,17825.29633132172
Pvalb,11233.362393089863,18208.589162972596
Pvalb,11489.145732030785,17841.514242879402
Pvalb,11508.868126899197,17845.646168572064
Pvalb,11501.62260787773,17841.222274995413
Pvalb,11501.052699450476,17846.842351493033
Pvalb,11505.483000879085,17844.95774944744
Pvalb,11481.006365872869,17843.613700265676
Pvalb,11493.403791464294,17842.522506156813
Pvalb,11502.742928968653,17816.687788694777
Pvalb,11485.43760383545,17804.88315969801
Pvalb,11487.396952794714,17816.100933246154
Pvalb,11510.261320066316,17812.928252974798
Pvalb,11491.914701958249,17822.00641909185
Pvalb,11506.29472867885,17802.773079663824
Pvalb,11488.169636182143,17797.13588375996
Pvalb,11497.433571186632,17810.354006698217
Pvalb,11487.674688727282,17809.836268206607
Pvalb,11764.7072582843,17702.166324494417
Pvalb,11766.142891514299,17708.682294839626
Pvalb,11764.639546827171,17705.6292425121
Pvalb,11757.710209531208,17705.203859747406
Pvalb,11766.678249663446,17707.311437367207
Pvalb,11773.147224725337,17702.711004530764
Pvalb,11769.131165693278,17706.368998522732
Pvalb,11795.360731572491,17575.393109794608
Pvalb,12141.185289983308,17106.961952743015
Pvalb,12126.557214337001,17108.035729504547
Pvalb,12139.598236157688,17116.697779272035
Pvalb,12106.904377877363,17105.22553927404
Pvalb,12136.263313340813,17118.189801547513
Pvalb,12124.06659996922,17114.390297146085
Pvalb,12131.747649633013,17105.506845476473
Pvalb,12137.354015211511,17088.918148486937
Pvalb,12157.05579371298,17091.501871703073
Pvalb,12170.9142888116,17584.09138788971
Pvalb,12368.597109722026,17659.921410253693
Pvalb,12390.745040799498,17652.636627762524
Pvalb,12377.66207336077,17666.42065358396
Pvalb,12380.563510663686,17645.634989967642
Pvalb,12394.50267674888,17640.163653290325
Pvalb,12366.573769159868,17661.076345866215
Pvalb,12368.945078736015,17643.465536615215
Pvalb,12368.099398385784,17642.577948364247
Pvalb,12374.6882077262,17640.361387077155
Pvalb,12464.029478417513,16999.343109796337
Pvalb,12505.575645696861,17632.19343644597
Pvalb,12517.430192727219,16922.93379486875
Pvalb,12556.241583120218,17506.73769993793
Pvalb,12583.926261967956,17511.37354672062
Pvalb,12572.607161481572,17517.468381492556
Pvalb,12555.358217684838,17499.352859023533
Pvalb,12577.157014766017,17518.874616854413
Pvalb,12561.02843580814,17503.303363108444
Pvalb,12581.363067513488,17505.083990799
Pvalb,12974.494955804385,17048.998965508883
Pvalb,12973.063609193181,17055.706093417062
Pvalb,12975.266083964898,17048.969135083473
Pvalb,13305.811918288673,16782.26077285255
Pvalb,13286.72852903637,16753.329207121355
Pvalb,13299.202060614614,16760.88378576028
Pvalb,13279.46576054672,16771.801220067435
Pvalb,13294.054533079097,16783.3967488326
Pvalb,13302.239741532952,16769.624165199264
Pvalb,13283.351638926797,16771.93355729269
Pvalb,13291.362093256506,16770.544759070177
Pvalb,13292.837143058283,16793.628961789236
Pvalb,13277.778234116731,16784.121659626016
Pvalb,13307.426108006708,16768.824012040917
Pvrl3,7067.638866237887,14233.256649441897
Pvrl3,7071.693526411507,14719.086302559857
Pvrl3,7592.12123503051,16635.813606899275
Pvrl3,8154.491493967789,16670.472736640968
Pvrl3,8682.32378215925,15470.783561941313
Pvrl3,8682.883635846767,17207.318992634846
Pvrl3,9059.515899020396,17297.62039966392
Pvrl3,10047.332675869347,17729.019376663287
Pvrl3,11959.904973124505,17656.74571418814
Pvrl3,13178.85538935396,16372.786840272489
Qrfpr,6872.094925407833,14632.261537089867
Qrfpr,6897.384192772024,14560.884847384606
Qrfpr,7244.374538393193,16533.238254122065
Qrfpr,7274.481232902351,13904.876970218824
Qrfpr,7279.828745967592,15059.186560230484
Qrfpr,7375.240957313259,15637.43818559057
Qrfpr,7474.614171396113,15581.339887224229
Qrfpr,8332.309203927438,16737.09242969376
Qrfpr,8881.942263308736,16429.10378579113
Qrfpr,9139.154424065584,17468.604747231788
Qrfpr,9602.58499326485,17693.84826925822
Qrfpr,9704.236432026435,17533.81941550872
Qrfpr,10045.942507384176,17683.778892077753
Qrfpr,10032.918121036555,17689.79494886458
Qrfpr,10145.804647383844,17944.50823118929
Qrfpr,10715.913402984968,17834.65613301338
Qrfpr,10713.26416081403,17852.62283717562
Rab3c,6886.600877625091,14642.634196541409
Rab3c,6941.424873575092,14384.2145558896
Rab3c,6917.471156043741,14356.2262125315
Rab3c,6914.325928665675,14373.903182898324
Rab3c,7077.839854013484,14555.860215791308
Rab3c,7110.723563602122,13908.828546024271
Rab3c,7186.766770847281,15003.815193010973
Rab3c,7246.097670577327,15052.658705050138
Rab3c,7300.926455586967,15195.84172383773
Rab3c,7440.306059879489,15557.463811971873
Rab3c,8378.31255107293,16866.00613212732
Rab3c,8552.719729144515,17024.80724396041
Rab3c,8606.953779735939,16973.081017086362
Rab3c,8623.365533895294,16978.351454435582
Rab3c,9314.9810627993,17754.01277928118
Rab3c,9901.783794351002,17754.803079126246
Rab3c,10419.429084907451,16964.15494792378
Rab3c,11483.05227545539,17840.137979927666
Rab3c,13068.49190705904,16393.552356126955
Rasgrf2,6870.806299975536,14377.28738778538
Rasgrf2,6892.014252462589,14513.380642684397
Rasgrf2,6959.433649867646,14682.840222774801
Rasgrf2,6984.757404656964,13921.981106316962
Rasgrf2,7103.874716760625,14628.249973823733
Rasgrf2,7152.821690396054,15039.634590936601
Rasgrf2,7160.0361537376275,15075.839080128728
Rasgrf2,7363.187099419623,14284.278505705033
Rasgrf2,7366.5299022499275,14247.097634419299
Rasgrf2,7518.281758643517,15436.938647457551
Rasgrf2,8222.512513939584,16701.67137793171
Rasgrf2,8622.519677352037,17010.41892069949
Rasgrf2,8981.84737042441,17224.27063932162
Rasgrf2,9290.69048414033,17751.456594933607
Rasgrf2,9586.039349422901,16189.586479961605
Rasgrf2,10413.888007281676,17860.9447134302
Rasgrf2,10618.069584549869,18016.31221620679
Rasgrf2,11154.172231928676,17821.24367016179
Rasgrf2,12573.119802529336,17506.774799693943
Rasgrf2,13174.565969649168,16374.716762942822
Rasgrf2,13182.98478061244,16359.693968787038
Rbp4,6726.267782952084,15386.039831185606
Rbp4,7038.523710327913,13792.299138030727
Rbp4,7096.020596117437,14140.83952359306
Rbp4,7274.890674858198,14973.699660711573
Rbp4,7505.327949957262,15972.226036383387
Rbp4,8412.975773745939,16870.92953094163
Rbp4,8748.637529168813,17184.997920109825
Rbp4,8767.333187499347,17400.39727645482
Rbp4,8798.586671175419,17267.555357274556
Rbp4,8977.57383598252,17270.678789169204
Rbp4,9115.002135711675,17328.472339900538
Rbp4,9316.490165877036,17235.146160455664
Rbp4,9697.014113207519,18138.383496826442
Rbp4,9697.116458344999,18150.717892524666
Rbp4,9825.023718574335,18064.8750749841
Rbp4,10161.236609172214,18220.057922518936
Rbp4,10240.446337898335,17840.725482485475
Rbp4,11039.375297255841,17869.354678843505
Rbp4,11208.411497404017,17837.617187206335
Rbp4,11362.301111593359,18250.534414893245
Rbp4,11382.488336232034,18265.13426771972
Rbp4,12736.553699781403,16020.879531820376
Rbp4,12835.232443220613,17528.919834294447
Reln,6395.071314363639,14533.091498715436
Reln,6569.102787619376,14781.787877225388
Reln,6865.259910447428,14378.45571991225
Reln,6984.0925831727845,13770.931735249133
Reln,7001.047667583765,14010.691693785671
Reln,7081.711634939633,13718.019315097144
Reln,7186.562123628749,16072.720393918797
Reln,7183.816584462843,16080.193202250655
Reln,7187.008474657709,16074.36630675186
Reln,7214.760793988368,14985.99322407767
Reln,7465.16898814298,15042.217653813927
Reln,7551.165132475184,15834.633191756364
Reln,7602.020349067535,16620.505677263845
Reln,7596.91327828611,16636.79453083709
Reln,8208.828905663433,15185.209146263955
Reln,8659.298258639756,15474.261173801087
Reln,8679.021857771784,15473.251145912558
Reln,8663.503252174232,15462.54898813319
Reln,8998.227807067262,16092.285745652256
Reln,9034.600453342391,15649.192593913378
Reln,9307.903280703493,17205.16739906708
Reln,9456.53757944329,16442.362399978872
Reln,9578.341005990167,16175.389410615964
Reln,9582.364372576974,17934.645088451754
Reln,9582.709705751566,17970.89018632174
Reln,9581.923214485669,17957.313659777155
Reln,10178.437099513987,16846.45804663578
Reln,10184.236072597445,16853.232484203814
Reln,10319.300248324724,16885.008313028495
Reln,10459.772236003499,16934.267628907437
Reln,10609.290936052665,18027.585572583437
Reln,10622.495262445846,18023.140409682124
Reln,10620.379828184505,18015.578481000604
Reln,10649.336737516542,16586.304103045863
Reln,10638.68132240229,16582.770767924347
Reln,11193.569829535161,17887.05029402212
Reln,11289.079120503113,16929.779715265315
Reln,11319.59846686078,16821.172520712385
Reln,11610.37125773383,16644.65986058537
Reln,12965.224088277628,17088.037851113404
Reln,12971.626377420722,17082.88539618311
Reln,12941.890381950065,17171.353296301684
Reln,13121.841805458113,16957.363376625493
Reln,13317.267273188838,16867.346952792832
Reln,13390.18754727635,16805.665746694383
Reln,13392.486531215935,16789.85703574275
Rgs10,6882.806113844479,14129.015631193337
Rgs10,6958.468265092885,14467.738998513776
Rgs10,7070.308590338484,14351.442611992225
Rgs10,7078.125965345769,14377.344550038628
Rgs10,7162.213558564218,15182.936064141924
Rgs10,7219.666595802614,14975.282993526123
Rgs10,7743.79204574132,16140.59501338559
Rgs10,7838.249420673399,16265.422863944408
Rgs10,8604.745900548125,17138.782960769346
Rgs10,8589.018576467166,17150.12320935343
Rgs10,9260.352489190835,15926.56495684096
Rgs10,9261.339078560299,15926.494502778382
Rgs10,11997.703773883391,17579.015245475388
Rgs10,12047.362948265223,17487.323734359612
Rgs10,12440.836731349395,17273.18025791019
Rgs12,6899.963228785587,15815.588913693658
Rgs12,6986.840137109348,14848.244883538415
Rgs12,7029.483482344435,14871.976459510355
Rgs12,7045.662843316896,14215.225529656054
Rgs12,7043.457769566345,14224.040475124362
Rgs12,7035.842148343427,14228.565172714574
Rgs12,7570.550804732055,15999.826263536357
Rgs12,8008.315589251131,14856.9507547473
Rgs12,8145.307811661759,16516.964531076865
Rgs12,8225.866233317418,15193.73403429579
Rgs12,8379.87005225396,15323.895311045557
Rgs12,8950.120882618132,17991.437556895165
Rgs12,9495.146047996126,18140.971073913814
Rgs12,9475.671840710234,18132.4747384539
Rgs12,9911.751014679365,17670.674746481545
Rgs12,11330.609599284757,16912.324132303464
Rgs12,11924.919642162968,16603.792825018965
Rgs12,12201.84282659584,17826.488016853644
Rgs12,12326.67297198612,16361.17238031846
Rgs12,12893.525562648016,16556.122571116866
Rgs12,13024.700620466716,16410.840932646028
Rgs4,6840.630538424572,14101.662718002677
Rgs4,6841.681539399065,14246.882115852146
Rgs4,6846.8992495527045,14240.907977473611
Rgs4,6846.165775819421,14225.47190286476
Rgs4,6882.580973162659,14638.146871813162
Rgs4,6876.730059040271,14620.534070288748
Rgs4,6877.942006277323,14599.508611147683
Rgs4,6934.627080100265,14664.768484186905
Rgs4,6929.164270406204,14831.485514849977
Rgs4,6910.346937449327,14828.10101966732
Rgs4,6921.912933987157,14832.147960876155
Rgs4,6927.099200887919,14164.853823413525
Rgs4,6920.742225672183,14218.772755503482
Rgs4,6966.163713411534,14450.013351764057
Rgs4,6974.627162235044,14638.302315409468
Rgs4,6964.461788569553,14409.432099207395
Rgs4,6963.428240044557,14408.486836516193
Rgs4,6973.027173518548,14423.709936088419
Rgs4,6979.792720934623,14425.02726223276
Rgs4,6966.777753195366,14426.25240395698
Rgs4,6991.291078436252,14955.325910626887
Rgs4,7000.37510249181,13919.688135685892
Rgs4,6976.071737318585,14164.59319982008
Rgs4,7009.8887733313295,14189.5188329431
Rgs4,6993.206814068787,14038.468369895189
Rgs4,7024.477128867341,14333.488939235427
Rgs4,7038.527723275835,14627.324897803788
Rgs4,7034.923564501503,14561.40303205083
Rgs4,7019.672029954954,14882.168084047344
Rgs4,7029.5888300326005,14497.073581158056
Rgs4,7022.940974573704,13698.409901273666
Rgs4,7025.891718187103,13689.670441532951
Rgs4,7028.027533882771,13695.29297686824
Rgs4,7055.311909962889,14886.938388629433
Rgs4,7068.192889918577,14890.647128758314
Rgs4,7044.841712291097,13979.517425826492
Rgs4,7057.056677807515,14279.36466026001
Rgs4,7057.5892271208195,14293.764187447801
Rgs4,7035.947384853265,14766.638982785247
Rgs4,7056.100462239141,13913.276733813289
Rgs4,7057.321150497864,13796.979781401093
Rgs4,7077.2165304280625,14565.598926481345
Rgs4,7066.928257635953,14711.202137066628
Rgs4,7080.50551828109,13934.163407753855
Rgs4,7084.661299283593,14881.097527552025
Rgs4,7074.9620992159835,15002.1752583405
Rgs4,7094.124575370821,14951.246102649664
Rgs4,7089.639309643567,14819.83061467352
Rgs4,7097.208710143188,14837.830956746273
Rgs4,7087.590206585037,13881.06495351114
Rgs4,7085.187272796303,14781.85976565843
Rgs4,7094.37065729355,14427.301029773042
Rgs4,7126.511212949116,14939.4570360737
Rgs4,7117.478274309511,14686.461062888973
Rgs4,7114.651157137267,14692.165217270578
Rgs4,7113.810647298524,14690.885266026811
Rgs4,7123.610581540852,15734.716152435582
Rgs4,7130.613528748592,14827.670421181836
Rgs4,7139.571487237954,13983.083190290887
Rgs4,7139.749168397519,13966.045604686125
Rgs4,7131.37007050445,15163.441865939754
Rgs4,7119.29439572474,15159.940591379374
Rgs4,7141.904202430733,15037.782859528406
Rgs4,7166.880035398168,14406.448457063727
Rgs4,7184.890780850546,14763.078149320412
Rgs4,7188.617131028051,14770.685319170807
Rgs4,7191.137464688965,14770.588490886144
Rgs4,7179.925536619378,14778.219037683335
Rgs4,7190.826873135936,13814.978326282378
Rgs4,7197.99670362105,13806.038678445564
Rgs4,7205.741382461835,15455.606255688886
Rgs4,7182.712099618237,14987.124559897511
Rgs4,7212.338559727866,15150.510960886244
Rgs4,7207.890685257453,15135.654670920507
Rgs4,7206.297621501798,14841.053771942792
Rgs4,7213.914570430587,14983.802325342065
Rgs4,7232.058176164239,14975.209403749122
Rgs4,7259.0922506252855,15089.864881112717
Rgs4,7253.9298359386585,15036.594588463407
Rgs4,7254.329859528882,15041.386523903624
Rgs4,7285.217288417009,14973.461526458515
Rgs4,7273.611227061167,14978.672697437554
Rgs4,7285.947321940125,15178.588004600631
Rgs4,7290.436400780294,15345.583656423356
Rgs4,7294.698658997419,15504.254046288037
Rgs4,7341.7006477712475,15411.53233630884
Rgs4,7333.770374994862,15405.94856355073
Rgs4,7374.286087132989,15665.455833161495
Rgs4,7364.87323583539,15779.374951760947
Rgs4,7342.966347466582,15763.365623187858
Rgs4,7381.547675049197,15419.121093713506
Rgs4,7399.562211331686,15412.45563599753
Rgs4,7390.657076546417,15599.477797557834
Rgs4,7389.2829435304375,15689.08410124736
Rgs4,7404.685618635354,15470.357465969342
Rgs4,7420.120775755631,15758.033525949208
Rgs4,7443.498705725962,15541.262251899863
Rgs4,7434.31812276721,15553.406425093339
Rgs4,7457.489239159849,15745.84107549767
Rgs4,7464.1793908524105,15920.774372444272
Rgs4,7486.553993557782,15703.340403060065
Rgs4,7550.610130726847,15888.031855429308
Rgs4,7531.3603899323725,15882.121198720197
Rgs4,7573.416563667859,15950.151272216153
Rgs4,7601.755449146462,16117.986950049284
Rgs4,7620.770827008835,16981.9209690872
Rgs4,7648.081244764911,16970.84690480258
Rgs4,7623.010771200755,16974.844894014284
Rgs4,7628.841017531266,16994.665767710532
Rgs4,7624.428404150274,16968.75315986995
Rgs4,7659.655889402146,15886.742525582193
Rgs4,7687.6089751365225,16098.963761118499
Rgs4,7691.292897893727,16178.603720920957
Rgs4,7770.736336899148,16174.747835752041
Rgs4,7775.079727455944,16173.579937226996
Rgs4,7764.855256418764,16106.208453490852
Rgs4,7794.92672949042,16163.82103268181
Rgs4,7821.379343358644,16385.4818220832
Rgs4,7829.217652194068,16189.225577280113
Rgs4,7877.680266167323,16332.095264919111
Rgs4,7904.797524722683,16384.5263893222
Rgs4,7913.897333037903,16347.25490076089
Rgs4,7951.073609418849,16403.78997379668
Rgs4,7956.300143212305,16358.62245749223
Rgs4,7957.401032384935,16386.20680689357
Rgs4,7991.230607678238,16463.57586105425
Rgs4,7992.6320189861935,16467.038389293313
Rgs4,8001.9181135868685,16470.885486847088
Rgs4,7986.759332220986,16472.10545810253
Rgs4,8004.095114872556,16463.763458796973
Rgs4,8066.7955147863295,15066.318065774882
Rgs4,8144.456455313892,16681.882376041827
Rgs4,8148.181631865705,16668.239044772276
Rgs4,8177.624428046322,16717.893096592546
Rgs4,8188.552090739361,16733.4101963934
Rgs4,8210.458882618956,15199.014157602622
Rgs4,8235.993690460115,16866.37975596008
Rgs4,8238.363557679315,16876.77182331833
Rgs4,8262.494379735066,16802.939105771038
Rgs4,8258.057131283886,16796.835539988508
Rgs4,8263.847060755963,16797.96757867594
Rgs4,8298.081986333586,16854.731769646172
Rgs4,8329.789207870283,16648.590948198198
Rgs4,8330.659773220237,16650.110725604634
Rgs4,8333.959894331698,16756.46199963142
Rgs4,8395.3161512707,16933.184363853998
Rgs4,8411.750792995172,16872.812323249986
Rgs4,8403.395219355772,16818.855235945724
Rgs4,8459.564297816427,16800.906163187195
Rgs4,8527.8553784898,16949.602605354048
Rgs4,8541.488209007892,16964.16064965
Rgs4,8532.006995580618,16937.39557092565
Rgs4,8570.592099881627,17095.867065950395
Rgs4,8569.66881237542,17070.967077422407
Rgs4,8563.500860748674,17081.222256342324
Rgs4,8587.94416554605,16983.13462476555
Rgs4,8594.397460885322,17139.95137509532
Rgs4,8620.11014152623,17006.16567980512
Rgs4,8622.745203811888,17010.894768758
Rgs4,8661.035722659039,17055.201074609402
Rgs4,8631.783853592797,17059.878106319087
Rgs4,8658.513400482103,15475.86240458812
Rgs4,8847.194885330022,17178.216717820076
Rgs4,8906.165545000214,17299.757524822453
Rgs4,8880.515181828308,17303.664930661656
Rgs4,8917.294223755298,17289.75543050855
Rgs4,8921.702967539602,17362.11070910857
Rgs4,8918.801971356976,17255.496597433652
Rgs4,8930.764664762746,17248.320966502404
Rgs4,8921.440026512842,17248.662640477407
Rgs4,8958.3221596331,17374.61019707541
Rgs4,9061.36077198212,17235.037337137266
Rgs4,9061.944881489499,17332.8769628462
Rgs4,9046.094277620776,17347.74908723516
Rgs4,9138.833736111961,16239.327397885249
Rgs4,9150.373474772916,17446.5548480393
Rgs4,9199.07696829908,17347.472280121405
Rgs4,9292.987588229831,17447.32565143335
Rgs4,9459.021566624295,17489.477781402416
Rgs4,9474.537142564819,17511.30388493061
Rgs4,9460.66832830517,17480.803303012475
Rgs4,9557.18606278641,17538.467260237074
Rgs4,9572.922959443444,17530.984219339876
Rgs4,9586.873143824214,17489.53341474449
Rgs4,9609.087009844681,17685.255664660042
Rgs4,9711.90407432292,17697.345132758095
Rgs4,9738.59708119828,17704.500692534184
Rgs4,9757.084389186462,17643.917833317435
Rgs4,9823.564136074727,17642.975337072363
Rgs4,9852.40967784424,17747.998066855056
Rgs4,9866.101996652014,17749.98298343615
Rgs4,9846.533333167756,17764.84389939484
Rgs4,9911.148167928555,17685.593867024858
Rgs4,9934.845827598067,17695.475173136965
Rgs4,9919.195844007776,17675.493531912347
Rgs4,10080.944691476527,17744.12379125447
Rgs4,10158.698166046996,17648.472249631875
Rgs4,10159.397228400834,17934.914786613386
Rgs4,10275.778357750003,17830.986551564325
Rgs4,10308.186994760785,17767.159782347957
Rgs4,10314.352407852872,17777.53063782247
Rgs4,10380.405074330567,18350.49793913149
Rgs4,10379.786169870054,18355.74332197964
Rgs4,10373.757495606715,18032.10871652005
Rgs4,10387.482279639209,17794.505530292954
Rgs4,10415.587770628088,16911.765250338925
Rgs4,10523.704220469894,17862.014384292892
Rgs4,10555.758501089538,17967.52214677767
Rgs4,10552.570317287906,17810.427658778746
Rgs4,10567.546813714316,17818.42611173859
Rgs4,10609.405098410614,17879.340599676198
Rgs4,10609.205715200484,17887.413219058526
Rgs4,10625.10721722686,17941.47864579394
Rgs4,10649.357959614468,17885.827822212086
Rgs4,10634.59648075831,17894.407252881152
Rgs4,10706.652619800847,17839.571760662657
Rgs4,10739.070377641516,17915.953717362274
Rgs4,10787.859322181941,17949.16145583892
Rgs4,10791.374814170083,17900.091669015415
Rgs4,10815.013810808265,17887.426022876174
Rgs4,10862.403905410047,17942.666182751007
Rgs4,10892.681675652912,17961.582455658016
Rgs4,10921.24654633029,17931.464039573795
Rgs4,11004.94283244513,17857.36396067744
Rgs4,11053.448582052119,17834.43349638745
Rgs4,11083.989903790101,17909.918787288312
Rgs4,11088.117729434953,17914.702747917254
Rgs4,11082.125280110437,17898.910054873584
Rgs4,11106.922402121543,18364.620324915
Rgs4,11107.130209686668,17907.413312315577
Rgs4,11118.864633044852,17922.19278561882
Rgs4,11133.229812680898,17834.60453058311
Rgs4,11129.558776500871,17855.58700631176
Rgs4,11218.998271808548,18216.819022148356
Rgs4,11257.036385413869,17887.36306599264
Rgs4,11262.38660168856,17771.904469465135
Rgs4,11336.542160601135,17821.074902264703
Rgs4,11360.720421171465,18050.507479841344
Rgs4,11360.706646376479,18040.493038023276
Rgs4,11349.4899145687,18037.300061560993
Rgs4,11353.32738794336,18026.52192951152
Rgs4,11550.135040468169,17696.48619618372
Rgs4,11568.88857556071,17656.389952494763
Rgs4,11715.073041094854,17689.26004458346
Rgs4,11750.846772107261,17596.0543459345
Rgs4,11750.931451067094,17596.924220427845
Rgs4,11764.298803866985,17969.621802616464
Rgs4,11809.281624159315,17645.202644655375
Rgs4,11865.239669236076,17630.69989217739
Rgs4,11872.309999807303,17638.978785169165
Rgs4,12007.353036225237,17638.91225789511
Rgs4,11997.474656353847,17656.113687056928
Rgs4,12004.115588184219,17643.000351947383
Rgs4,12041.713490019823,17581.520720334567
Rgs4,12034.998727629838,17597.202364791858
Rgs4,12117.055262915877,17390.875403340557
Rgs4,12101.228960514469,17402.410589032537
Rgs4,12124.02842840192,17384.113232743206
Rgs4,12189.884119778926,17830.42754610529
Rgs4,12197.494063274078,17816.977213288217
Rgs4,12189.899877303516,17828.107977181084
Rgs4,12251.62763119409,17390.066148406844
Rgs4,12252.560996186872,17386.02420729179
Rgs4,12273.0152281873,17243.091949883205
Rgs4,12302.670045259345,17248.4529336598
Rgs4,12331.716390489793,16367.28310957417
Rgs4,12531.38614653893,16977.563113892535
Rgs4,12578.18710742891,17221.088301538995
Rgs4,12659.579704106694,17451.83999048545
Rgs4,12645.022241119636,17452.16459637529
Rgs4,12656.892738419278,17440.94344218461
Rgs4,12669.2515431084,16799.366970778246
Rgs4,12726.584177574694,16749.137809540425
Rgs4,12752.635177900298,16730.081138405174
Rgs4,13001.869957944313,16669.624850986216
Rgs4,13030.718274755744,16392.436965287165
Rgs4,13031.496336079981,17117.851499564873
Rgs4,13044.248425944574,17123.46817574232
Rgs4,13065.646679456633,17004.223569401704
Rgs4,13116.952319706154,16498.445687603133
Rgs4,13139.864563242809,16385.222545688455
Rgs4,13154.30745320378,16888.512733643598
Rgs4,13260.26991404739,16822.517292539465
Rgs4,13242.757640770373,16821.130736604926
Rgs4,13298.310949822862,16817.045375681857
Rgs4,13309.329000133892,16812.43793245362
Rgs4,13309.53492880255,16812.861361299994
Rgs4,13333.572523084249,16855.878066667752
Rgs4,13465.5210450552,17259.179910955878
Rgs4,13452.039455272745,17256.795580554426
Rgs4,13448.083779115757,17262.878995951636
Rorb,7007.689731789839,15007.082492449721
Rorb,7131.764050789001,13983.086242188003
Rorb,7160.4271302965235,15074.003757767292
Rorb,7954.930438252259,16355.173495630026
Rorb,8523.889175494429,17050.161696877498
Rorb,9585.333017039638,17374.885160326
Rorb,9951.10848468504,16774.254845884076
Rorb,10148.160099536912,17944.633250027655
Rorb,10200.871013821172,18300.353028419817
Rorb,10655.737896947941,16580.602151339444
Rorb,11871.614078426142,16704.370771500628
Rorb,13476.036871913388,16986.62205150646
Rprm,6981.099571033422,14841.90734945825
Rprm,7001.697697404488,14188.2859364736
Rprm,8792.442569643335,17134.14888880751
Rprm,9824.000118017717,18058.43184770844
Rprm,12141.980458906264,17398.037292102403
Rprm,13384.594631610817,16805.90196628068
Satb1,6371.037410596482,14435.962234710325
Satb1,6809.34469372248,14131.637537575432
Satb1,6808.324333316814,14125.545030740072
Satb1,6810.281380283447,14130.095653886488
Satb1,6800.714862892406,14108.997603337477
Satb1,6819.838166430276,14125.381306832034
Satb1,6923.615180411017,14623.868561403964
Satb1,6967.611148796365,15455.731874118273
Satb1,7022.366427045843,14326.400248411217
Satb1,7058.161926625205,14236.879901757384
Satb1,7052.681069667645,14251.642371921826
Satb1,7078.31633386605,14234.912693476168
Satb1,7062.034971306451,14249.590123490076
Satb1,7088.64937920792,15000.03271044036
Satb1,7086.922645640868,15004.055933794729
Satb1,7078.691602333219,15148.049553186249
Satb1,7101.489490177314,14770.54327084254
Satb1,7171.902357257463,14947.645345552246
Satb1,7185.721002885029,16125.507375469073
Satb1,7192.649341079225,13833.075142162324
Satb1,7206.608435541851,13837.844362223743
Satb1,7213.014493272483,13822.983252437383
Satb1,7229.726340480655,15200.573190049508
Satb1,7273.872423529911,13909.527415683517
Satb1,7551.792342004187,16052.058928481505
Satb1,7605.417422408396,16621.4998135257
Satb1,7605.39095754037,16610.9094602095
Satb1,7585.181575341092,16623.43257772829
Satb1,7943.8307391408825,16585.312516404934
Satb1,7948.427989324232,16513.989843602012
Satb1,8017.588256268068,16620.63711015624
Satb1,8669.035370853151,16899.02210738865
Satb1,8989.820185749042,16078.465883998568
Satb1,8989.72066053741,16074.782684957703
Satb1,9055.480218697616,18037.946679238023
Satb1,9059.531257511093,18017.579396144643
Satb1,9192.757908022237,18093.893710756758
Satb1,9197.915311811386,18081.543972650074
Satb1,9298.204232802678,17759.205153736137
Satb1,9308.717593014873,17753.600981779487
Satb1,9431.372335352991,17598.792184369882
Satb1,10411.224549765337,16966.07680052329
Satb1,10952.47982264134,17859.955776637173
Satb1,10940.463629991043,17873.305867539897
Satb1,11346.53090627513,18117.904162089682
Satb1,11327.182421088039,18133.7785921177
Satb1,11352.199326571596,18115.27549835494
Satb1,11345.97910290522,18127.007393517786
Satb1,11443.192657765745,17692.050333826588
Satb1,11496.488119551977,17833.764911521757
Satb1,11498.993790123852,17848.015567311104
Satb1,11495.704061842074,17851.937762676942
Satb1,11499.026771509078,17867.3242512219
Satb1,11497.536248335759,17842.644607508857
Satb1,11831.904065684443,18074.61467926408
Satb1,11959.515674132579,17995.837901872063
Satb1,11947.03695358218,17569.82483126875
Satb1,12019.014602207164,17555.9547347174
Satb1,12124.44455634959,17094.810526546
Satb1,12130.876428441063,17116.371730917308
Satb1,12179.398293853945,17401.741185454688
Satb1,12412.88109034161,17120.335109431646
Satb1,12511.340944143249,16929.473574176875
Satb1,12523.998863172923,16938.35256154175
Satb1,12629.655104259062,17524.82729525951
Satb1,12735.4664863071,16009.725106695148
Satb1,12751.552444398407,16009.75684564507
Satb1,12793.47132939155,16577.305352179035
Satb1,12819.96627089357,16690.768828932505
Satb1,12837.305319872192,16667.603619511916
Satb1,12907.582503921898,16607.09915310351
Satb1,12906.183477877583,16561.06697742259
Satb1,12892.110576906181,16572.399541247698
Satb1,12993.5893239902,17068.568334142336
Satb1,12989.469733906124,17088.909029959123
Satb1,13063.166560849619,16472.28195006018
Satb1,13124.744441115246,16960.572465321973
Satb1,13290.547952485234,16777.175139275903
Satb1,13328.031545945625,16856.502190550593
Satb1,13317.647951388733,16867.994021906587
Satb1,13325.490668102053,16871.15396054636
Scg2,6875.670394491484,14401.000675465542
Scg2,6912.1935247347,13899.235233799829
Scg2,6920.689430963147,14667.171506595847
Scg2,6968.510439439909,14506.330921718481
Scg2,6966.78306905761,14515.104079553144
Scg2,6984.8142879034895,14633.00366910243
Scg2,6966.33852657736,14659.086120522348
Scg2,6966.89159016141,14746.885817509139
Scg2,6964.125378650061,14721.585593655454
Scg2,6989.309170132614,14734.426031890935
Scg2,6966.184174608416,13879.747181314367
Scg2,6972.2899892283995,13883.506354089075
Scg2,6989.794371654819,13952.00595042936
Scg2,6991.031088414917,13684.281438674461
Scg2,6989.052558393861,13919.056773127577
Scg2,7009.856850485734,15652.215535073983
Scg2,7023.9159904966755,14637.059946256126
Scg2,7040.727989195419,14073.64970784393
Scg2,7068.386515812488,15500.925142992346
Scg2,7057.089157880816,14781.720994190106
Scg2,7053.790474764796,14814.332485855664
Scg2,7081.215471980516,14632.576957600493
Scg2,7078.65424127712,15136.79948712961
Scg2,7081.604091422098,15160.258972001744
Scg2,7148.589152874671,14888.022643871944
Scg2,7151.030123003753,13844.723188706803
Scg2,7151.378571579731,14812.208404197456
Scg2,7167.127358162838,14827.546190716897
Scg2,7154.783733467862,14820.722896806881
Scg2,7146.8308004273795,14806.888121455399
Scg2,7174.437589342639,14840.678815018247
Scg2,7167.181022395074,14861.183449079172
Scg2,7196.276014743865,15049.709485688416
Scg2,7191.253624340005,15046.516319262526
Scg2,7232.929393923146,15078.608370784516
Scg2,7237.827137692616,15071.107164612558
Scg2,7215.595883576364,14988.505247125408
Scg2,7239.7343565262445,15042.822908720413
Scg2,7257.466480372666,14987.68869458022
Scg2,7260.12388594715,14968.433785343695
Scg2,7285.477995599348,15194.647593775993
Scg2,7284.511815599729,15187.597972802232
Scg2,7290.987303923695,15462.306836990701
Scg2,7354.233875321279,15369.2481667728
Scg2,7353.660561056872,15290.40035951057
Scg2,7397.621833024147,15549.69805915149
Scg2,7410.5563609457795,15633.730429356248
Scg2,7425.628338441718,15504.716054607663
Scg2,7426.072998713934,15587.42921372197
Scg2,7418.341351415508,15591.662912868474
Scg2,7549.617525043971,15754.187795377802
Scg2,7573.201325842949,15957.42474150729
Scg2,7586.728978338488,16049.812583697618
Scg2,7587.185059433595,16615.860037007442
Scg2,7644.432093174504,15937.102917227276
Scg2,7757.072254517989,16166.26943640978
Scg2,7871.20357206814,16325.782725645302
Scg2,7900.980348284007,16296.328673164748
Scg2,7898.155307954553,16290.205878459135
Scg2,7988.618021291313,16390.645470090338
Scg2,7964.257014854509,16896.431527412
Scg2,7986.8050213078095,16893.68924531328
Scg2,7973.111616182681,16904.64720201548
Scg2,8015.529432796294,16599.107985541315
Scg2,7998.028600189521,15862.808334040117
Scg2,8002.276945449885,15884.505732688835
Scg2,8005.435268979848,15868.882628676929
Scg2,8004.671269533632,15876.670443767944
Scg2,8004.391619573977,15872.943883383898
Scg2,8010.291298126514,16404.30059196456
Scg2,8060.5231240604035,16464.63959300607
Scg2,8088.3131638098685,16698.86348091019
Scg2,8106.003371660536,16610.535696926887
Scg2,8318.559549079351,16787.23145512707
Scg2,8301.652918737873,16876.480726620783
Scg2,8578.952178959054,17025.17109945436
Scg2,8655.614267963221,16997.678380391044
Scg2,8651.047758989529,17011.22504040383
Scg2,8647.749519035537,17052.83802822833
Scg2,8661.588108244428,17122.978738939575
Scg2,8726.810424138717,17073.15819507517
Scg2,8773.42884041712,17088.77664065224
Scg2,8835.881850516565,17323.66063097739
Scg2,8843.285257216508,17243.777593987656
Scg2,8870.6006621372,17347.408770999846
Scg2,8892.188368574876,16433.32899554153
Scg2,8876.752714803686,16426.0673093283
Scg2,8889.901151057846,16432.52148865872
Scg2,8889.190322017472,16422.802534848302
Scg2,8912.890157534026,17302.73339842962
Scg2,8905.802085401698,17296.157207227465
Scg2,8904.845540119026,17293.21996226146
Scg2,8914.335647992328,17344.01969279419
Scg2,8984.65456220621,17256.980124121023
Scg2,9169.765992475941,17579.238945556586
Scg2,9179.346592174179,17461.199304949652
Scg2,9182.894241089072,17471.687245610083
Scg2,9280.164594621543,17498.896408467965
Scg2,9284.556893920131,18114.391819747176
Scg2,9291.386959678737,18104.905846139438
Scg2,9288.852561472722,18125.57236638002
Scg2,9310.176713453247,17265.366674855653
Scg2,9420.801363032793,17486.5700713523
Scg2,9490.358245015195,17607.00482442783
Scg2,9509.911390347845,17560.972301321468
Scg2,9504.65314995175,17540.207773316066
Scg2,9509.363711664722,17547.184913017532
Scg2,9693.774194750727,17597.876974485207
Scg2,9674.633172276472,17592.57525991163
Scg2,9729.866383306886,17631.476480104706
Scg2,9797.084668239218,17575.76977418266
Scg2,9856.097251095098,17759.097428094898
Scg2,9980.1640768529,17814.694901795592
Scg2,10041.312926896426,17687.361255306336
Scg2,10029.035650620981,17713.27017302013
Scg2,10159.960485217258,17813.591138359676
Scg2,10436.563949241887,17811.613784785495
Scg2,10633.269770165783,17840.971739529654
Scg2,10653.247273120882,16804.47581457799
Scg2,10683.189015439753,17956.72963602033
Scg2,10807.787432718158,17844.619604448464
Scg2,10807.32311379395,17833.563637710704
Scg2,10836.588096124775,18215.10022503506
Scg2,10841.069235153174,17905.722328493073
Scg2,10924.677872080687,17945.99144011154
Scg2,10911.065065651663,16973.4704657379
Scg2,10964.225884589368,17834.44924485843
Scg2,10999.661502948577,17917.793936568974
Scg2,11288.679550448694,16931.568843767567
Scg2,11280.074996848405,16925.660035421664
Scg2,11394.88444503318,17766.412503034924
Scg2,11469.824163457994,17752.291751011508
Scg2,11597.611205371635,17639.851197133718
Scg2,11651.923770682552,17637.471858447843
Scg2,11689.86934745658,17621.062552487972
Scg2,11771.148466264412,17596.467244738113
Scg2,11855.966874752272,17551.352390070886
Scg2,12200.207113406477,17330.935723270428
Scg2,12191.166702652714,17339.482059595433
Scg2,12261.871403394023,16545.897523284035
Scg2,12264.955107180269,17253.8427993345
Scg2,12280.29249509991,17250.13123714769
Scg2,12294.676800528892,17206.453606094743
Scg2,12334.96257968102,17244.09057276772
Scg2,12369.529551599082,17140.652547871752
Scg2,12406.259097319165,17159.631036401963
Scg2,12563.203207646815,17060.292097779962
Scg2,12736.10624315112,16017.906769088142
Scg2,12748.28163314538,15996.45271510554
Scg2,12933.610509080536,16573.001634709064
Scg2,12924.583153145864,16701.613787009202
Scg2,12937.5573467949,16722.504241865856
Scg2,12953.9821857236,16605.669762172944
Scg2,13102.566593992724,16585.275901019904
Scg2,13117.217147842213,16981.607239765457
Scg2,13094.195003919995,16965.023625265516
Scg2,13177.451227388989,16374.81015868286
Scg2,13325.645315076783,16859.865643164656
Scg2,13314.854488188075,17237.641395597402
Sema3c,6968.8499605491525,13831.154274583498
Sema3c,7109.071082861999,15035.83080053158
Sema3c,7194.001886841202,14929.563499508176
Sema3c,7438.351156716651,15408.160350731207
Sema3c,7563.8614330271885,16603.712536350286
Sema3c,7756.166830430015,16105.390856976584
Sema3c,8580.254981087015,16928.242090274256
Sema3c,8579.08262392221,17160.7263846553
Sema3c,9609.821478211368,17683.121263361143
Sema3c,9673.795951617712,17695.168081264288
Sema3c,10666.075922857608,17926.577802729014
Sema3c,10785.538496286612,16524.84409635726
Sema3c,10771.05026852984,16527.994156659635
Sema3c,11394.3318070496,17975.288384346502
Sema3c,12437.52492459637,17787.35008604996
Serpini1,6807.681259939734,14112.33709899111
Serpini1,6883.243382877584,14477.903933038078
Serpini1,6998.163386303316,13709.725538840445
Serpini1,7023.504464876781,15600.188494217142
Serpini1,7038.502796688537,14016.892834891894
Serpini1,7058.115554286389,14246.878754386518
Serpini1,7064.377320701053,14232.33189881882
Serpini1,7070.908189392537,14238.706366549399
Serpini1,7070.385200773778,14326.35341535835
Serpini1,7073.320698040299,14982.342855145795
Serpini1,7081.014002083804,14177.9680473136
Serpini1,7138.333959046129,13856.809338076067
Serpini1,7123.768756926014,14844.752459290832
Serpini1,7157.707321772897,15173.990160904565
Serpini1,7161.021924350194,14823.104799118137
Serpini1,7156.606950053526,14958.297204885639
Serpini1,7181.594933564985,15378.697257020876
Serpini1,7184.639790859952,15382.819695540771
Serpini1,7187.512371083754,15413.397288269724
Serpini1,7389.957364292652,15599.953536491406
Serpini1,7623.478176211359,16359.940051270054
Serpini1,7721.167637188564,16169.848872337818
Serpini1,7918.566857337376,16510.948308555195
Serpini1,7910.108862538562,16285.331721636132
Serpini1,7974.000069809766,16557.899426092317
Serpini1,8074.490532539258,15069.058300739629
Serpini1,8069.354352138885,15076.869512883299
Serpini1,8054.959330538632,15063.8058601807
Serpini1,8676.238407208755,17037.98754416101
Serpini1,8689.516651545153,17056.546339038305
Serpini1,8894.036621252297,17185.54332717077
Serpini1,8918.194657016304,15856.070814276718
Serpini1,9672.56342901969,17544.579661911728
Serpini1,9685.32678791344,17554.187583512703
Serpini1,9926.011982944015,18051.758612787762
Serpini1,10138.620230033508,17756.45293734227
Serpini1,11093.776444400975,17854.693988986226
Serpini1,11241.67227402902,18217.609492189025
Serpini1,11487.571367910978,17861.19091241116
Serpini1,11936.220186371438,17584.541693871302
Serpini1,12148.591494675418,17359.57132163147
Serpini1,12199.082090201191,17633.401658203242
Serpini1,12336.633552930905,17306.452339106607
Serpini1,12950.74137385891,17143.875359969363
Serpini1,13301.563637988533,16782.852072189307
Serpini1,13327.393244062228,16730.28023157035
Serpini1,13350.917974511203,16757.714255174666
Slc17a8,6585.86836405515,14686.652048650678
Slc17a8,8526.709137368176,15118.483258379778
Slc17a8,10020.71155045553,17656.943039104477
Slc17a8,10115.98516332834,17751.33827110405
Slc17a8,11213.479971318598,17856.710327733002
Slc17a8,11741.393710874445,17733.888043540337
Slc24a2,6381.642077606867,14452.484599834628
Slc24a2,6614.573342064667,14414.153661952821
Slc24a2,6619.037813882853,14390.51006242814
Slc24a2,6619.116924669731,14400.128044364956
Slc24a2,6654.396963681749,14440.240499466705
Slc24a2,6651.005045088742,14391.590432707526
Slc24a2,6634.945075181869,14400.499999181691
Slc24a2,6755.27307043493,15371.896904998126
Slc24a2,6862.548632463931,14102.914645532437
Slc24a2,6848.573148900948,14096.685740332643
Slc24a2,6847.366399844802,14236.161194114182
Slc24a2,6903.667091334588,13991.332159663134
Slc24a2,6881.02445372224,14132.544141572476
Slc24a2,6900.011645743004,14114.28998367813
Slc24a2,6897.800408592936,14125.279922366317
Slc24a2,6894.288235385827,13890.922312735674
Slc24a2,6915.6752848732995,13762.512458500896
Slc24a2,6912.183231344653,13738.461586637217
Slc24a2,6903.393101702153,13744.4686242341
Slc24a2,6905.376836176572,14249.212107266058
Slc24a2,6903.968392535206,14220.606581119497
Slc24a2,6893.890605110894,14231.813580942078
Slc24a2,6892.933447128754,14587.88345190179
Slc24a2,6903.286276137436,13778.923803688236
Slc24a2,6892.752955193392,14496.925223893706
Slc24a2,6919.365691204257,14682.690751709408
Slc24a2,6926.25483415474,13990.32099355331
Slc24a2,6924.214981007072,14371.406797908901
Slc24a2,6922.879497422773,14367.512142638165
Slc24a2,6948.457089749065,14357.36177082486
Slc24a2,6909.072543327259,14823.270837857923
Slc24a2,6937.621546779235,14639.613083811568
Slc24a2,6913.270555243965,14573.378410110572
Slc24a2,6914.305042169101,14530.983772920514
Slc24a2,6927.040537555706,14250.927617421929
Slc24a2,6922.381932367973,14222.509255328887
Slc24a2,6938.867316151744,14250.517643284566
Slc24a2,6940.279339541452,13681.013745348775
Slc24a2,6931.3147400684975,13751.559743189684
Slc24a2,6925.977882317735,14147.938292362234
Slc24a2,6957.866457709992,14156.75244942031
Slc24a2,6953.059011202287,14161.913727030673
Slc24a2,6963.367249469986,14690.73956098694
Slc24a2,6956.074789944889,14671.980171254378
Slc24a2,6964.9779714197275,14652.324934202885
Slc24a2,6979.7537441363065,14644.864228700279
Slc24a2,6969.503744532276,14653.591982798675
Slc24a2,6960.254777968118,14318.657135586443
Slc24a2,6993.90391832569,14286.487424174818
Slc24a2,6987.524288381272,14327.89443916928
Slc24a2,6977.155150636246,14300.316999765982
Slc24a2,6971.063577113869,13842.177943448542
Slc24a2,6959.700895520187,13835.558550909258
Slc24a2,6970.493666573043,14142.705486908812
Slc24a2,6961.049019345273,13870.40760831234
Slc24a2,6970.225228995715,13885.527401067717
Slc24a2,6979.2011788685695,13889.31820935599
Slc24a2,6974.111706318565,14412.025070439315
Slc24a2,6969.956334627593,14397.823364503723
Slc24a2,6982.923633959228,14400.725885133465
Slc24a2,6977.390884513381,14845.688858090047
Slc24a2,6987.203405638869,14843.95980565883
Slc24a2,6987.623147554492,15199.303948371755
Slc24a2,6983.307195879214,15198.22125344762
Slc24a2,6972.562320368809,15173.440985863248
Slc24a2,6982.314111346634,14822.053588487754
Slc24a2,7007.247411923139,14967.966123873332
Slc24a2,6986.13081742819,14980.35677960926
Slc24a2,6977.64906314468,14403.208931455934
Slc24a2,6999.121307095865,13871.92189051167
Slc24a2,6995.559024837808,13690.341267549235
Slc24a2,6976.17008523262,13663.207650878896
Slc24a2,7002.482894542303,13937.06824241929
Slc24a2,7008.52335409985,14355.713696572388
Slc24a2,7004.528741168848,15648.378827252374
Slc24a2,7024.772233938405,15636.25064898136
Slc24a2,6987.589354583676,15630.436183717185
Slc24a2,6997.132292254267,14197.021692976097
Slc24a2,7008.123843052638,14198.17265477983
Slc24a2,7010.123620293497,14210.796510815717
Slc24a2,6995.748366946791,14037.522858747781
Slc24a2,7014.736752911741,14028.577194396901
Slc24a2,7038.918087229623,14430.52253840725
Slc24a2,7033.04203774973,14445.572906942329
Slc24a2,7027.11560615793,14892.805254808834
Slc24a2,7039.079769875399,13872.594729517243
Slc24a2,7015.602795693865,13875.426288089824
Slc24a2,7045.04336335772,15574.000738802477
Slc24a2,7026.066546576013,14951.462790251471
Slc24a2,7024.746152047357,14947.098710831355
Slc24a2,7031.862248598918,14955.751789872578
Slc24a2,7036.861982325398,15046.46088858104
Slc24a2,7026.268061300675,15045.126235703841
Slc24a2,7040.287287510631,14509.492350079849
Slc24a2,7017.15773013731,14515.381718827271
Slc24a2,7054.503122657026,14248.087454230368
Slc24a2,7043.941610257408,14504.415020989276
Slc24a2,7032.300376569968,14500.140971852208
Slc24a2,7042.342347506653,13664.341759432733
Slc24a2,7042.93759448219,14002.34699850476
Slc24a2,7043.281459964955,13976.481231392518
Slc24a2,7053.058531915478,13825.554639752081
Slc24a2,7062.727896985514,13837.165795921277
Slc24a2,7059.131074575913,14190.101211234474
Slc24a2,7061.626331656048,14208.318503545015
Slc24a2,7051.426649079542,14186.553036439389
Slc24a2,7044.753175049957,14194.60391498976
Slc24a2,7054.01486075247,14180.077960446059
Slc24a2,7056.522430332183,14191.939254092
Slc24a2,7063.746590485857,14065.654439409795
Slc24a2,7064.256311234341,14053.224358029725
Slc24a2,7043.446182220442,14297.964949936311
Slc24a2,7043.757301034184,14262.679897477045
Slc24a2,7053.394277464,14926.971322275027
Slc24a2,7060.17062033211,14923.97869499147
Slc24a2,7058.8741818096905,14918.585727420059
Slc24a2,7046.78577473714,14793.514118957171
Slc24a2,7049.791957932792,14510.060509061737
Slc24a2,7078.492946893663,14539.583130985933
Slc24a2,7070.972032239592,14557.5374894933
Slc24a2,7076.412714895263,14557.03376889847
Slc24a2,7065.903971770628,14546.190624110435
Slc24a2,7072.3527931525705,14550.137486876021
Slc24a2,7061.326948120218,14413.410021812477
Slc24a2,7084.002379450348,13801.216265574045
Slc24a2,7079.541943977352,13990.156729598808
Slc24a2,7097.705777954525,14129.930351685794
Slc24a2,7080.111837786289,14134.174791547446
Slc24a2,7076.011978644203,14992.402064755164
Slc24a2,7086.992581952524,14984.2393850888
Slc24a2,7075.777027675635,14994.7386108077
Slc24a2,7084.266562185527,14985.715888893472
Slc24a2,7080.935670792675,15014.281738900509
Slc24a2,7064.857504416505,15009.592680830638
Slc24a2,7068.869221078667,14931.551762871699
Slc24a2,7070.186092376886,16024.259959775849
Slc24a2,7077.258635173682,14810.434839464231
Slc24a2,7077.623369522342,14827.32814503488
Slc24a2,7088.316584299863,14649.171490224788
Slc24a2,7095.075052031229,14645.777764503488
Slc24a2,7087.262626041591,14641.664684352156
Slc24a2,7105.087844047346,14625.402668169581
Slc24a2,7096.508576273701,14638.573293590965
Slc24a2,7094.811677220365,14640.508942156046
Slc24a2,7093.7202526904475,15147.82700683139
Slc24a2,7082.851771828262,15129.7805854805
Slc24a2,7110.749965411867,14163.870697808834
Slc24a2,7092.469088239333,14170.378463652964
Slc24a2,7109.205935558962,14175.294329498354
Slc24a2,7093.069537174804,13862.539819879954
Slc24a2,7082.615891489239,13862.200901798815
Slc24a2,7091.206905368397,13873.229690504502
Slc24a2,7105.872681795048,13814.49214252476
Slc24a2,7119.8940765151,13802.379461969229
Slc24a2,7110.007452598643,14509.65995335617
Slc24a2,7092.251593820343,14516.024417497949
Slc24a2,7095.708780903128,14511.267514108753
Slc24a2,7105.024196933881,14505.72232451191
Slc24a2,7104.81380036913,14507.746500141304
Slc24a2,7083.387186665403,14777.833703670129
Slc24a2,7096.57663931715,14769.941548431776
Slc24a2,7092.647264883621,14760.353320684786
Slc24a2,7096.566727830647,14919.188234620455
Slc24a2,7113.230903991537,14930.056106891356
Slc24a2,7125.166933248153,13750.724248731882
Slc24a2,7128.8329266023675,14939.522068027023
Slc24a2,7112.725428583648,14929.917040933897
Slc24a2,7135.40192087644,14943.677947373591
Slc24a2,7110.550482995157,13774.426313995218
Slc24a2,7102.186804638551,13781.00837805476
Slc24a2,7152.972289803373,13855.506785074882
Slc24a2,7151.371985515509,13864.285150040721
Slc24a2,7134.70167515677,13856.810687557181
Slc24a2,7130.390938662193,13858.991446846085
Slc24a2,7145.465036882242,13859.485392719767
Slc24a2,7141.048655277628,13850.642674549012
Slc24a2,7123.1538883764,15252.032431749501
Slc24a2,7123.770451425067,15256.831856744064
Slc24a2,7114.997749839456,15252.524260265052
Slc24a2,7155.8891703415,14913.40258277485
Slc24a2,7139.12282230695,15151.655509296172
Slc24a2,7157.612220546392,14738.922742592657
Slc24a2,7164.336782293479,15135.994742105586
Slc24a2,7152.854939045839,15147.061420242751
Slc24a2,7161.954106691847,15132.623313987648
Slc24a2,7173.953303208226,15272.237895421767
Slc24a2,7148.47563868605,15262.203821253344
Slc24a2,7157.283780887501,15262.740767110308
Slc24a2,7170.604219358555,15246.183839563408
Slc24a2,7167.52145362054,15266.12040754206
Slc24a2,7162.129218639467,15257.958664268803
Slc24a2,7162.73546205641,15254.903151220944
Slc24a2,7164.146612293702,15256.374946248126
Slc24a2,7159.420946048126,15255.782385239649
Slc24a2,7163.804523316822,13825.072785992532
Slc24a2,7159.249871332589,13835.684892059584
Slc24a2,7159.662130761046,14804.933779364026
Slc24a2,7144.281210501136,14814.545794805177
Slc24a2,7167.041235912144,14811.065347811307
Slc24a2,7155.8426227634345,14417.831567453131
Slc24a2,7192.7962768075695,13946.128449742002
Slc24a2,7174.104720114176,13959.559955260034
Slc24a2,7164.364830869046,13948.33831234648
Slc24a2,7173.932562867086,15382.34978833803
Slc24a2,7181.253665994955,15372.115335628538
Slc24a2,7183.570538960511,15407.608284401165
Slc24a2,7173.907310467718,14746.254007156147
Slc24a2,7195.046189317483,15049.489826416091
Slc24a2,7203.19855266947,15044.229015290248
Slc24a2,7184.598580171457,15049.44345809802
Slc24a2,7178.482518296273,16072.530185545604
Slc24a2,7185.9458112278435,16078.238820183476
Slc24a2,7185.437545362016,14130.70038635463
Slc24a2,7193.528434365769,14115.95578319234
Slc24a2,7198.965165513342,14750.575699112745
Slc24a2,7188.723892485967,13814.996822241244
Slc24a2,7208.742387420531,15092.759637852687
Slc24a2,7206.261008158537,14511.876793668718
Slc24a2,7223.29547061861,15152.536231549986
Slc24a2,7211.525043337074,14836.954798406407
Slc24a2,7207.202057779498,14852.413864975864
Slc24a2,7238.008044367232,14879.257787289478
Slc24a2,7216.407823360805,14903.788458474459
Slc24a2,7234.886613813182,15091.514891375651
Slc24a2,7241.197434429613,15070.302784557252
Slc24a2,7208.69297643304,14011.659637618193
Slc24a2,7249.712888776673,15374.499332410118
Slc24a2,7253.680358396385,15383.415886855366
Slc24a2,7244.112451025487,15374.55096332485
Slc24a2,7259.120391481297,15137.495129965218
Slc24a2,7254.513373766757,15133.23683369304
Slc24a2,7237.68301917672,15045.056641451569
Slc24a2,7255.9320120927905,15029.116625313778
Slc24a2,7255.239161498191,15041.683852481843
Slc24a2,7273.229804656223,15313.425417490693
Slc24a2,7273.87503884138,15300.60762714867
Slc24a2,7265.467068183736,15332.526069321793
Slc24a2,7260.716172578262,15202.4537613848
Slc24a2,7265.61338329289,15058.613266003025
Slc24a2,7280.736521219484,15332.569336257173
Slc24a2,7305.463243978518,15375.691135962768
Slc24a2,7311.691189522251,15435.71398066495
Slc24a2,7354.380622109494,15501.803023516246
Slc24a2,7321.853732436012,15553.821653066228
Slc24a2,7339.584757892756,15548.526969152044
Slc24a2,7349.934792204024,15356.30279342407
Slc24a2,7363.386481489366,15397.221624375094
Slc24a2,7344.633411690663,16326.503835504667
Slc24a2,7376.236875699938,15344.653635451143
Slc24a2,7365.8107139782305,15506.310121423412
Slc24a2,7366.682829744042,15717.06618861425
Slc24a2,7366.075490000008,15702.605276384587
Slc24a2,7343.715054347141,15731.446365197784
Slc24a2,7379.12584534223,15428.611199346353
Slc24a2,7383.465802788089,15422.596484731335
Slc24a2,7378.335791238252,15425.541734813742
Slc24a2,7368.730849446248,15326.886056300316
Slc24a2,7361.892467182109,15346.864577242783
Slc24a2,7384.702660487686,15650.08958272179
Slc24a2,7388.501243481676,15652.568829624834
Slc24a2,7407.825676312681,15557.10889165012
Slc24a2,7388.316205265774,15567.083710241779
Slc24a2,7420.680812293112,15287.194737958933
Slc24a2,7422.818669535888,15290.719741049434
Slc24a2,7410.430112634096,15806.29047505503
Slc24a2,7421.123083793929,15510.221766359919
Slc24a2,7428.081295286008,15505.37312297019
Slc24a2,7418.175951213205,15848.811020072306
Slc24a2,7442.809653723911,15561.199338431266
Slc24a2,7437.943013407315,15560.079796766071
Slc24a2,7453.823547295495,15553.922860784936
Slc24a2,7424.6260448410585,15580.246668565425
Slc24a2,7427.350540249712,15418.479951615594
Slc24a2,7427.242895070219,15418.042000320338
Slc24a2,7439.735912289119,15415.049534366579
Slc24a2,7473.605728315332,15689.368509805365
Slc24a2,7472.742711551899,15711.23581891329
Slc24a2,7448.947850989744,15778.803844756625
Slc24a2,7452.670777583378,15799.218455992896
Slc24a2,7463.681999478764,15872.337098028655
Slc24a2,7461.275836752526,15858.363395677505
Slc24a2,7456.869587149869,15837.216511154214
Slc24a2,7457.289655495659,15863.47963571569
Slc24a2,7489.732905766168,15733.700546325494
Slc24a2,7517.99034156961,15786.787321365828
Slc24a2,7536.4040332467985,15776.983719342868
Slc24a2,7511.578152821735,15789.027810444315
Slc24a2,7529.606830517791,15701.833499391125
Slc24a2,7523.954436776705,15750.847914213118
Slc24a2,7508.945200944448,15883.67145026645
Slc24a2,7526.617092184544,15883.274830471883
Slc24a2,7523.766463627346,15259.436996719101
Slc24a2,7537.447536280301,16060.372833398123
Slc24a2,7547.377208781992,16054.145689311257
Slc24a2,7576.7664545854595,15917.281793399234
Slc24a2,7612.91020496264,14497.766125462646
Slc24a2,7604.982163357914,14503.156936489057
Slc24a2,7595.095478746447,14500.746889870119
Slc24a2,7606.488697568783,15641.535246824915
Slc24a2,7599.508968075786,16079.430961611659
Slc24a2,7589.806253990644,16060.234741426428
Slc24a2,7584.569354832284,16619.59758130002
Slc24a2,7606.499919023231,15987.832499748187
Slc24a2,7599.051269151985,16002.850729411422
Slc24a2,7619.459076780434,15814.107420201792
Slc24a2,7607.134493545374,16132.231070511672
Slc24a2,7615.2377483768605,16380.680337600883
Slc24a2,7629.46959312526,16368.183169264847
Slc24a2,7624.593850423506,16075.846848123383
Slc24a2,7636.650435641823,16066.202569061874
Slc24a2,7610.160347127644,16064.890916656794
Slc24a2,7638.165350412719,15955.915842244402
Slc24a2,7638.796543088919,16102.904731252136
Slc24a2,7647.4175353033015,16212.169517114571
Slc24a2,7645.685166776456,15888.22124169072
Slc24a2,7647.073039149046,15886.147804927557
Slc24a2,7679.874965237804,16143.228989616982
Slc24a2,7680.777335653665,16132.714954153891
Slc24a2,7678.424567942218,16128.588672564563
Slc24a2,7687.628466489779,16078.623124166226
Slc24a2,7701.840557845394,16085.009192645943
Slc24a2,7687.675677335572,16151.18592170303
Slc24a2,7705.845207966599,16053.665719698964
Slc24a2,7709.412250867551,16059.210249453996
Slc24a2,7718.235134829392,16028.259816843842
Slc24a2,7720.871336387866,16114.228458652025
Slc24a2,7725.27288786352,16098.265411920798
Slc24a2,7739.8465002013645,16041.191982339
Slc24a2,7735.4878318592155,16054.037066384286
Slc24a2,7755.7070946552885,16182.772877658173
Slc24a2,7775.8136348752305,16181.29085628625
Slc24a2,7747.7106284701495,16244.709838995803
Slc24a2,7750.67506820898,16262.833119748351
Slc24a2,7755.125904285079,16260.964460180883
Slc24a2,7767.649617455852,16041.576281093287
Slc24a2,7768.752964121689,16394.4763501577
Slc24a2,7787.596478398625,16330.86845568094
Slc24a2,7786.366135409127,16319.302915300974
Slc24a2,7800.041970404004,16345.103128842014
Slc24a2,7797.712973098711,16127.4433192835
Slc24a2,7817.120903558526,16143.413610657011
Slc24a2,7796.358746814022,16163.123738459191
Slc24a2,7811.062871986311,16166.896553581226
Slc24a2,7831.948425154554,16274.713947516355
Slc24a2,7839.4109792707295,16410.66082988765
Slc24a2,7858.600908356318,16237.41582714621
Slc24a2,7865.272464945911,16243.39996230598
Slc24a2,7842.951925725184,16245.757600099245
Slc24a2,7862.6445109526285,16374.503846270707
Slc24a2,7864.894037866729,16371.658547373898
Slc24a2,7870.04228966538,16391.395110842182
Slc24a2,7856.715508791576,16371.108024012055
Slc24a2,7882.177216340939,16450.168746955373
Slc24a2,7884.464143549859,16249.671697031497
Slc24a2,7859.297537061081,16500.848024710536
Slc24a2,7898.906386301938,16403.109912041087
Slc24a2,7891.6962471728275,16386.03516580673
Slc24a2,7909.494270113359,16309.300596072811
Slc24a2,7897.5180267671585,16297.128753907053
Slc24a2,7895.911937061521,16287.912166871332
Slc24a2,7892.334019949963,16308.489471954885
Slc24a2,7928.3776253223605,16547.140602275467
Slc24a2,7914.72369224308,16530.841950550694
Slc24a2,7941.183435259596,16394.796426994308
Slc24a2,7939.57045322594,16405.730730365263
Slc24a2,8013.624162970239,16608.86053389382
Slc24a2,8020.771086500661,16609.585240269764
Slc24a2,8030.60592908892,16436.95464507093
Slc24a2,8037.620745758462,16410.678372160663
Slc24a2,8035.279718812123,16489.51612413933
Slc24a2,8062.203436928738,16516.806267681994
Slc24a2,8049.795062592218,16500.97327435794
Slc24a2,8092.866420364079,16497.88156197003
Slc24a2,8073.688520436172,16444.351904533778
Slc24a2,8068.753760968251,16704.37606174511
Slc24a2,8086.386958488696,16694.98109631915
Slc24a2,8067.138266462075,16712.28938876973
Slc24a2,8094.713989348402,16515.940334060368
Slc24a2,8125.074566459236,16535.706523163826
Slc24a2,8119.05104901449,16658.98375027745
Slc24a2,8139.989738321448,16646.911566810315
Slc24a2,8124.650415383729,16640.49901100632
Slc24a2,8154.230555675357,16796.67004624659
Slc24a2,8165.406437720501,16792.214881923264
Slc24a2,8148.282167003476,16798.6938926198
Slc24a2,8163.380364757269,15241.558724898145
Slc24a2,8183.3485674826425,16638.134840924205
Slc24a2,8172.6564090496995,16642.790741089848
Slc24a2,8172.700244039791,16721.001737344333
Slc24a2,8196.242058891821,16691.764756292952
Slc24a2,8199.538434739263,15189.155396441703
Slc24a2,8208.276129554797,15210.292522635757
Slc24a2,8206.891354434669,16719.39320321428
Slc24a2,8219.157191827078,16629.882976831363
Slc24a2,8217.921985553887,16672.08889666091
Slc24a2,8233.294164820803,16870.434122854687
Slc24a2,8240.951523686093,16857.801023538093
Slc24a2,8247.467530912185,16657.867162464798
Slc24a2,8241.101577943287,16660.18795291593
Slc24a2,8237.928618975906,16810.114012362817
Slc24a2,8260.152350235667,16692.439077674015
Slc24a2,8275.709318736852,16659.40201103271
Slc24a2,8281.685524853423,16682.537110376867
Slc24a2,8311.561590912479,16701.746142808373
Slc24a2,8293.327448016387,16700.544855303935
Slc24a2,8310.773907350529,16710.863270479793
Slc24a2,8338.484606692433,16804.151719833302
Slc24a2,8335.822194000024,16799.55718442941
Slc24a2,8326.823876007044,16767.910418904507
Slc24a2,8335.751874560754,16905.737196928076
Slc24a2,8378.723743475548,16795.923104535257
Slc24a2,8359.044792139783,16783.085575783636
Slc24a2,8388.102778116781,16769.409208031793
Slc24a2,8388.660635686976,17023.614564223237
Slc24a2,8423.746159437982,17017.55447951362
Slc24a2,8403.688527361977,16935.397787985425
Slc24a2,8406.551439868308,16932.11412314975
Slc24a2,8417.07127357723,16999.795517869046
Slc24a2,8423.920618334794,16958.895384342864
Slc24a2,8437.760103061988,16860.390534061175
Slc24a2,8472.142447709102,16918.626369482212
Slc24a2,8486.617828166241,16813.383746947013
Slc24a2,8464.137825603995,16804.844465921622
Slc24a2,8477.292408136773,16781.790484641388
Slc24a2,8477.463716471855,17044.305321821736
Slc24a2,8492.613457734768,17013.270872671244
Slc24a2,8494.176049532989,17010.896677682926
Slc24a2,8488.963481140643,17003.910285801303
Slc24a2,8511.616784680855,16933.312301877213
Slc24a2,8504.960387047651,16965.663258961395
Slc24a2,8503.19562868241,16938.47573164373
Slc24a2,8501.839484818762,16948.991891894126
Slc24a2,8507.024979755482,17082.596540245857
Slc24a2,8501.94719877837,17091.602190370373
Slc24a2,8510.62993708363,17090.032636809632
Slc24a2,8534.047639207507,16891.53703567638
Slc24a2,8558.603151961051,17115.3644757502
Slc24a2,8541.722854885906,16990.70942198831
Slc24a2,8565.420776427647,16984.496001485284
Slc24a2,8569.286696783654,16942.714517940185
Slc24a2,8548.927775951937,16958.047424033626
Slc24a2,8563.22662253849,16935.725766920303
Slc24a2,8571.274175391656,17023.753302024437
Slc24a2,8566.5681823809,17027.332233642184
Slc24a2,8584.535195309369,16894.80656342036
Slc24a2,8557.74857269254,16909.14150912696
Slc24a2,8573.70078375008,16907.496468391597
Slc24a2,8590.208660916529,16996.00766632228
Slc24a2,8601.463903619448,17077.379278198503
Slc24a2,8591.284977177384,17090.83121567229
Slc24a2,8597.883865943855,17057.659267286457
Slc24a2,8610.193200780575,17082.359039683284
Slc24a2,8586.589841410376,17065.05521731134
Slc24a2,8611.993328202934,17011.85738104463
Slc24a2,8595.194765460132,17013.2378415696
Slc24a2,8608.819802911083,16944.243191762827
Slc24a2,8633.468165515256,16955.573090027006
Slc24a2,8617.113466558543,16949.501878319123
Slc24a2,8616.752812712159,17009.5395075095
Slc24a2,8631.047265638408,17098.220470432272
Slc24a2,8658.927121537601,17065.971909311465
Slc24a2,8666.713566660173,17062.22159867389
Slc24a2,8656.635710236304,17063.8752988171
Slc24a2,8675.126866832523,17147.660305089583
Slc24a2,8646.091141098235,17140.540296625757
Slc24a2,8660.583858567916,17137.219947053527
Slc24a2,8660.70354843016,17130.80100780549
Slc24a2,8680.989307124164,17052.130781149124
Slc24a2,8669.264418103898,16904.391025218334
Slc24a2,8666.61509547177,17221.49558260798
Slc24a2,8673.910575368205,17223.534266538572
Slc24a2,8673.090070305456,17135.07513059137
Slc24a2,8732.153989709033,17043.914712378624
Slc24a2,8732.627175562518,17063.560406559427
Slc24a2,8733.481881386288,17063.878274888324
Slc24a2,8748.305798969506,17239.365340805794
Slc24a2,8756.433824994197,17120.738623261208
Slc24a2,8777.656466785915,17124.15528822581
Slc24a2,8779.54061086858,17120.266235271836
Slc24a2,8759.708809215903,17419.40805899932
Slc24a2,8768.946636183884,17424.8023036391
Slc24a2,8751.333937394844,17170.703216084636
Slc24a2,8782.517074166795,17303.18713451408
Slc24a2,8759.139079739138,17296.391063253537
Slc24a2,8773.696975934012,17303.855685217844
Slc24a2,8759.39003341983,17291.0221973796
Slc24a2,8780.615242225076,17299.421550490108
Slc24a2,8784.80622959557,17313.19647896463
Slc24a2,8783.035043268463,17298.94494389302
Slc24a2,8782.111352175289,17304.222663720848
Slc24a2,8765.322889501585,17306.261440971313
Slc24a2,8770.348427773155,17310.692951838533
Slc24a2,8776.908264055679,17247.15317096952
Slc24a2,8806.790018676815,17143.530142474658
Slc24a2,8786.693312388154,17128.65588150199
Slc24a2,8806.21786590858,17194.750515125263
Slc24a2,8772.907674750422,17193.321189762584
Slc24a2,8834.539175898713,17328.428718658764
Slc24a2,8824.105617438101,17143.97829373437
Slc24a2,8830.545046438017,17133.81147478614
Slc24a2,8818.33249377411,17129.814021156606
Slc24a2,8826.121031180193,17131.51078303365
Slc24a2,8852.623475454155,17380.230755407243
Slc24a2,8849.145198090291,17372.388935000614
Slc24a2,8865.031773845014,17329.875769593844
Slc24a2,8865.288368415117,17265.886159153357
Slc24a2,8879.547403466891,17267.077817326004
Slc24a2,8865.071015629508,17264.0971969163
Slc24a2,8891.220726401812,17164.728077424603
Slc24a2,8898.971193015714,17299.79330554316
Slc24a2,8897.506593401022,17374.843156678562
Slc24a2,8898.164258061946,17330.638009788847
Slc24a2,8912.590245277834,17337.75711585225
Slc24a2,8932.922974218442,17185.111237683323
Slc24a2,8925.312031318823,17201.373612372798
Slc24a2,8934.3765575363,17194.70379795034
Slc24a2,8947.774779914424,17262.021268803474
Slc24a2,8947.733525708563,17258.379703632756
Slc24a2,8951.109504935019,17249.360346598292
Slc24a2,8957.76696149572,17257.924139054114
Slc24a2,8948.197551629139,17295.738255911743
Slc24a2,8955.544638656369,17317.70470133942
Slc24a2,9000.783301073805,17438.888613513744
Slc24a2,9016.00912459196,17237.317285400564
Slc24a2,9023.916083689935,17338.262082275003
Slc24a2,9017.935782546494,17252.14242943526
Slc24a2,9022.934231588473,17284.37875766187
Slc24a2,9055.970495842656,17369.877355699988
Slc24a2,9083.203221321397,17286.781894352334
Slc24a2,9097.216706223882,17395.53301746575
Slc24a2,9106.298798941973,17419.597209031424
Slc24a2,9121.411969858696,17473.4811466036
Slc24a2,9107.80177597885,17462.583852582145
Slc24a2,9180.440403631283,17409.978448875343
Slc24a2,9178.652641752462,17412.777305361345
Slc24a2,9192.55997873548,17409.827887089294
Slc24a2,9236.931159749416,17401.51925369399
Slc24a2,9211.239385443756,17389.111424637384
Slc24a2,9229.112828266896,17375.51644300356
Slc24a2,9225.769310421309,17406.314634328763
Slc24a2,9229.61398854836,17410.90520893881
Slc24a2,9242.884407830295,17424.07377832069
Slc24a2,9287.842282179046,17445.357163496734
Slc24a2,9282.85336379259,17443.807013427868
Slc24a2,9273.5843499062,17457.290847590397
Slc24a2,9269.695521842119,16618.05060038753
Slc24a2,9283.507129336627,16617.350959421634
Slc24a2,9264.599471739099,16601.711209924688
Slc24a2,9277.101025965334,17533.79010495384
Slc24a2,9290.609308500789,17751.96118946648
Slc24a2,9299.839361341108,17751.264135910416
Slc24a2,9299.412729224108,17748.258335992286
Slc24a2,9307.309855815192,17375.77224478176
Slc24a2,9313.872096603363,17366.934599637018
Slc24a2,9351.274682984555,17490.682589309865
Slc24a2,9370.180340082923,17550.006668384605
Slc24a2,9363.785180850518,17450.172339612138
Slc24a2,9373.495624040088,17439.281001837826
Slc24a2,9395.066004319682,17513.979115648803
Slc24a2,9418.332342097188,17536.792709539317
Slc24a2,9419.369560541518,17512.601358802356
Slc24a2,9400.693193271713,17537.427186165372
Slc24a2,9430.323732498719,17586.009384597593
Slc24a2,9428.959474882593,17615.69526840844
Slc24a2,9426.711275460539,17586.119562102438
Slc24a2,9418.603285825006,17605.331369702868
Slc24a2,9434.482816573694,17398.340857455874
Slc24a2,9448.614599535624,17552.513651649315
Slc24a2,9455.405648749278,17543.46615205062
Slc24a2,9460.878039957754,17549.42302093885
Slc24a2,9459.16760918507,17536.141811509257
Slc24a2,9457.404214116936,17542.0113644614
Slc24a2,9451.404976664264,16901.951444050075
Slc24a2,9448.515053817986,16885.558402004248
Slc24a2,9459.106026450643,16881.362857442808
Slc24a2,9460.632860259817,17506.327264904616
Slc24a2,9474.04623125605,17456.898565479612
Slc24a2,9516.428882181603,17500.144868245603
Slc24a2,9509.148576895193,17476.092167156832
Slc24a2,9531.391397903833,17470.122070562724
Slc24a2,9497.725755723202,17597.46107205649
Slc24a2,9520.364755401899,17538.5160387813
Slc24a2,9522.015339936264,17651.71066520198
Slc24a2,9547.914468381929,17623.310479683776
Slc24a2,9542.72767964179,17494.81935866856
Slc24a2,9560.39714704852,17622.290934289977
Slc24a2,9576.67297039501,17548.81715209712
Slc24a2,9619.519958013887,17626.547490086858
Slc24a2,9641.539301464974,17666.21827898882
Slc24a2,9640.717143961885,17658.279050687517
Slc24a2,9641.068757691566,17534.633282987084
Slc24a2,9649.963135842529,17711.8615909151
Slc24a2,9710.727622430875,17594.835639465393
Slc24a2,9720.766828874363,17590.880807697413
Slc24a2,9711.4786685566,17564.57538354472
Slc24a2,9740.764226966465,18115.976882904703
Slc24a2,9710.234459534291,18119.457143505435
Slc24a2,9745.270652868845,17539.331072108907
Slc24a2,9712.34584903945,17539.163130885936
Slc24a2,9739.495323898542,17748.26215820967
Slc24a2,9725.39252306952,17757.559484657944
Slc24a2,9740.665306241815,17762.413247611268
Slc24a2,9741.608392129163,17773.632935014735
Slc24a2,9759.845535029248,17703.913185951085
Slc24a2,9744.370155708511,17704.35482511457
Slc24a2,9789.403438203564,17664.277632889738
Slc24a2,9809.598372708479,17637.77403763363
Slc24a2,9814.935081229296,17631.358880629617
Slc24a2,9832.91693277496,17781.246135504265
Slc24a2,9845.319686858807,17726.168510741234
Slc24a2,9840.035811619164,17717.010688803646
Slc24a2,9824.911740901334,17707.197994818704
Slc24a2,9839.227561285436,17736.216812259365
Slc24a2,9856.415779195835,17711.88054572928
Slc24a2,9913.903156001259,17716.285243489874
Slc24a2,9910.876019601505,17719.668932358418
Slc24a2,9928.389638993816,17708.146889998163
Slc24a2,9926.654020811337,17737.443771588787
Slc24a2,9921.985814922313,18083.21593786316
Slc24a2,9945.948485525249,17773.9681367807
Slc24a2,9960.829156765165,17718.96085203001
Slc24a2,9965.645439040158,17719.039782023687
Slc24a2,9973.203982308576,16748.02271698567
Slc24a2,9995.66098978862,17768.561055648246
Slc24a2,9987.848380918138,17794.09960255059
Slc24a2,9981.823197540083,17796.404842050648
Slc24a2,10022.879362382568,17745.423460277245
Slc24a2,10016.595056099643,17768.13218107421
Slc24a2,10018.334455854381,17761.99545946954
Slc24a2,10029.933017902486,17854.516987329418
Slc24a2,10027.446884339937,17843.638622565464
Slc24a2,10078.91264943273,17859.497464316955
Slc24a2,10083.79770653003,17842.205936891714
Slc24a2,10073.113679428125,17853.71922800072
Slc24a2,10077.74892099934,17806.589955154475
Slc24a2,10106.54374389824,17817.199728049687
Slc24a2,10084.408634131716,17830.959944462662
Slc24a2,10101.99335619944,17695.887015883218
Slc24a2,10121.63621978436,17747.657591700623
Slc24a2,10139.517624203867,17696.514397487383
Slc24a2,10167.917944433682,18199.94856095028
Slc24a2,10183.58915031295,17743.596025153267
Slc24a2,10166.898621274757,17722.303085421012
Slc24a2,10174.946438065785,17708.353280113522
Slc24a2,10196.464119757065,17706.176365525786
Slc24a2,10183.455427293933,17723.392268933283
Slc24a2,10189.809219378918,17701.458294476335
Slc24a2,10174.376494475855,17705.17740570253
Slc24a2,10185.688950280131,17717.63937095014
Slc24a2,10155.624520763487,17718.172888180176
Slc24a2,10193.970782074734,17903.02170096804
Slc24a2,10191.283318015527,17888.08745377377
Slc24a2,10206.246496604164,17763.186706197965
Slc24a2,10198.042225762183,17776.95672635402
Slc24a2,10210.653497209812,17775.209231141685
Slc24a2,10208.588261012614,17828.42306000713
Slc24a2,10210.68180753598,17937.083576078072
Slc24a2,10211.846068466304,17714.239160785168
Slc24a2,10222.412563435977,17727.518457419177
Slc24a2,10285.068983074972,17881.393740176354
Slc24a2,10294.568350605274,17784.25371755442
Slc24a2,10324.031977398354,17818.856322775628
Slc24a2,10359.058441342766,17896.818206969703
Slc24a2,10372.693037019759,17579.08656600425
Slc24a2,10373.600320294161,17790.009148277608
Slc24a2,10384.26853588842,17788.83838812448
Slc24a2,10385.566630958623,17780.910904540557
Slc24a2,10433.267597505454,17855.877842640813
Slc24a2,10462.369658786401,17837.279109822375
Slc24a2,10490.722040429117,17082.19527007815
Slc24a2,10495.289209375262,17950.562972575804
Slc24a2,10525.531271012529,17859.031364313327
Slc24a2,10515.536200771894,17853.23234954554
Slc24a2,10512.505986340453,17813.315673221365
Slc24a2,10532.279098541596,17831.765150556388
Slc24a2,10540.313428694157,17877.4676281173
Slc24a2,10551.61137755425,17882.101447912504
Slc24a2,10590.053635325448,17845.0792013843
Slc24a2,10580.843670103619,17840.269061548475
Slc24a2,10581.938812246026,17836.8795443397
Slc24a2,10609.164713611386,17918.591216627865
Slc24a2,10614.116873795718,17919.508703217663
Slc24a2,10604.256947609607,18018.45681106043
Slc24a2,10634.902581466984,17826.04673333517
Slc24a2,10622.761897854409,17835.274568658966
Slc24a2,10658.214325006575,17880.990790277523
Slc24a2,10656.547872930147,17867.679878073093
Slc24a2,10673.552980449287,17921.8115206938
Slc24a2,10670.528827832733,17927.841278477765
Slc24a2,10666.301171165002,17915.816279801504
Slc24a2,10651.486895778384,17938.206003246683
Slc24a2,10680.594789660121,17839.979148628547
Slc24a2,10671.19255941543,17830.14493033523
Slc24a2,10675.36878776242,17851.054416978775
Slc24a2,10657.783391475074,18030.36130468097
Slc24a2,10708.902263773638,17867.99374694302
Slc24a2,10693.280630079289,17888.262248101102
Slc24a2,10712.240221830632,17878.354599010723
Slc24a2,10737.501554067356,17930.895293843383
Slc24a2,10773.829030016568,17854.814281783332
Slc24a2,10782.59080837696,17940.76383836876
Slc24a2,10768.380439219525,17819.314574623622
Slc24a2,10777.436590064524,17835.520925456327
Slc24a2,10783.843313805553,17901.47869381829
Slc24a2,10798.22438744273,17880.25131108879
Slc24a2,10791.90449391247,17885.944179890248
Slc24a2,10795.354430441157,17844.97833916282
Slc24a2,10838.141294461828,17847.009513368437
Slc24a2,10839.710966808538,17849.536168580922
Slc24a2,10835.08193579554,18230.65166161692
Slc24a2,10867.389264029985,17849.623211990827
Slc24a2,10876.72366324977,17945.2190087882
Slc24a2,10877.749053656764,17935.179485456534
Slc24a2,10864.801139790425,17938.35730868034
Slc24a2,10881.717467502203,17940.39465191978
Slc24a2,10901.636541613301,17984.699933989366
Slc24a2,10913.509164384654,17967.25669392984
Slc24a2,10933.874375738033,17917.339611237905
Slc24a2,10937.345335825705,17918.87959823445
Slc24a2,10933.36892370518,17847.04904514926
Slc24a2,10941.94322996909,17929.956393783927
Slc24a2,10958.643927291394,17939.591193949265
Slc24a2,11004.207148090809,17990.21351933286
Slc24a2,11005.907668641938,17974.80529810462
Slc24a2,11056.036315420857,17837.22805905905
Slc24a2,11056.844214638148,17828.333180811864
Slc24a2,11047.364358778806,17879.611055018242
Slc24a2,11093.498062462635,17902.14123515702
Slc24a2,11081.536214632762,17869.851510774195
Slc24a2,11102.852118789155,17882.10479257759
Slc24a2,11176.773647873808,17811.97289098512
Slc24a2,11185.099819600382,17897.655023511943
Slc24a2,11194.94255529485,17882.439150776438
Slc24a2,11196.244917604688,17886.169591035617
Slc24a2,11198.271183168852,17793.05125792183
Slc24a2,11198.006609230171,17794.66089715026
Slc24a2,11218.863824366665,18217.087694811635
Slc24a2,11206.883817573498,18226.626662866645
Slc24a2,11214.064581674753,18203.16088810019
Slc24a2,11228.029444955251,18219.805569476055
Slc24a2,11201.011165465932,16923.005248465066
Slc24a2,11230.782441421985,17790.300560171396
Slc24a2,11227.039496525647,17772.905084224472
Slc24a2,11237.795606958836,17891.538474894984
Slc24a2,11234.764571577642,17866.780028881407
Slc24a2,11257.72815308613,17788.382443354378
Slc24a2,11255.572448187042,17786.45826542329
Slc24a2,11259.01976817205,17795.79351702523
Slc24a2,11286.311366171629,17765.04325092268
Slc24a2,11286.213975857003,17761.699909707455
Slc24a2,11259.031140600773,17817.636052953952
Slc24a2,11278.057982450362,17816.951428017608
Slc24a2,11281.405243607966,16920.609647023422
Slc24a2,11265.233520992893,16935.61363196569
Slc24a2,11262.950485944471,16933.97723311429
Slc24a2,11299.006755121849,16944.135054836046
Slc24a2,11283.02915507301,17891.079295632026
Slc24a2,11333.767423106461,17799.63852231603
Slc24a2,11315.38923652946,17806.779644311475
Slc24a2,11301.320304207353,17786.34971999069
Slc24a2,11366.99679301894,17854.79644895934
Slc24a2,11349.725908562064,17869.442557853385
Slc24a2,11367.03476967612,17915.942950352168
Slc24a2,11378.179302489996,17898.495550773925
Slc24a2,11381.121050817987,18261.364437416312
Slc24a2,11384.180160540142,18248.466852387504
Slc24a2,11386.342744606065,18253.4470924653
Slc24a2,11384.68554624892,17818.938170691887
Slc24a2,11432.507079320636,17719.658124231883
Slc24a2,11412.464313514572,17708.911000748096
Slc24a2,11447.010806054619,17724.499170815885
Slc24a2,11464.478948624215,17726.784855808528
Slc24a2,11462.771533122921,17729.512048914698
Slc24a2,11466.919690483759,17785.400368538263
Slc24a2,11510.899131423537,17751.62194061829
Slc24a2,11510.713071280405,17671.611187740687
Slc24a2,11522.931000675293,17665.83273595723
Slc24a2,11512.823235944034,17689.9869839231
Slc24a2,11516.751801569793,17664.759750125417
Slc24a2,11573.302948180606,17648.482568986365
Slc24a2,11548.099335663535,17711.281587890524
Slc24a2,11603.63859136131,17678.799313292893
Slc24a2,11593.296632751237,17769.275426424443
Slc24a2,11585.657313888594,17777.1144961512
Slc24a2,11587.209530034706,17767.61065158356
Slc24a2,11619.14286319258,17646.374925759916
Slc24a2,11598.926832603418,17661.188235741454
Slc24a2,11648.06926522137,17648.99185334337
Slc24a2,11650.688500403741,17645.80617213273
Slc24a2,11657.38289246131,17650.44309891863
Slc24a2,11671.654299489295,17697.086070488607
Slc24a2,11685.789701631415,17623.44917416921
Slc24a2,11680.01647525447,17646.78515817111
Slc24a2,11691.639496343225,17571.158059352627
Slc24a2,11708.348533106122,17610.018936775698
Slc24a2,11749.383657956037,17649.201586520616
Slc24a2,11756.870740545828,17762.019155039303
Slc24a2,11769.740020197514,17632.13792881287
Slc24a2,11778.149729990168,17678.937682357617
Slc24a2,11792.205472047583,17675.10510033026
Slc24a2,11777.745947762402,17671.73153478273
Slc24a2,11814.77455177895,17712.84973001156
Slc24a2,11798.573918196073,17579.901651033208
Slc24a2,11822.968988438794,18065.737440705565
Slc24a2,11809.825065402323,18088.43284997492
Slc24a2,11817.307880380678,18070.843475189115
Slc24a2,11829.018692223202,18086.30632133874
Slc24a2,11822.656123687671,18085.285564550355
Slc24a2,11826.151290160202,18072.317236787003
Slc24a2,11829.088869365569,17728.34273870978
Slc24a2,11847.253749757832,17664.707848858237
Slc24a2,11872.357975914689,17685.17802450581
Slc24a2,11901.979032680058,17475.904755215608
Slc24a2,11891.315477404709,17493.78044640054
Slc24a2,11886.544194601614,17478.05466770276
Slc24a2,11894.087366042322,17617.876683614722
Slc24a2,11931.63349802528,17565.234882793913
Slc24a2,11916.840758551434,17647.670455526975
Slc24a2,11925.200563609938,17629.50064578637
Slc24a2,11914.568414727399,17642.351498547894
Slc24a2,11944.591086943521,18001.748625460274
Slc24a2,11939.377579598035,18004.182826786662
Slc24a2,11929.158598931688,17994.116533173692
Slc24a2,11948.743702944526,17577.862955771987
Slc24a2,11970.963497755154,17575.499193475265
Slc24a2,11957.57759120346,17585.469444665792
Slc24a2,11967.60397963613,17637.3116916761
Slc24a2,11958.335922482715,17524.740234787132
Slc24a2,11976.51160696752,17510.8630405914
Slc24a2,12006.16780565828,17499.427493601648
Slc24a2,11990.785577728127,17492.588659375317
Slc24a2,11994.061427672134,17430.89121956234
Slc24a2,12002.272297856623,17446.941717815687
Slc24a2,12007.074956304812,17442.763354615396
Slc24a2,12013.765426923243,17668.026226035894
Slc24a2,12018.737723719605,17553.226056470477
Slc24a2,12028.785952621021,17537.3624881194
Slc24a2,12020.22394758999,17543.688185267576
Slc24a2,12023.116909292705,17447.166411609913
Slc24a2,12037.711366933792,17583.862542412437
Slc24a2,12030.810952206033,17590.807244250445
Slc24a2,12030.327966008312,17586.226958950247
Slc24a2,12054.692956875317,17484.271724369086
Slc24a2,12085.708115582891,17461.44215265056
Slc24a2,12072.586676640683,17457.639587910453
Slc24a2,12085.616915267312,17451.402998564503
Slc24a2,12115.7142200186,17379.000022939512
Slc24a2,12093.84681773996,17376.551417741703
Slc24a2,12107.969299327202,17376.267259596385
Slc24a2,12091.125081584449,17525.74619537604
Slc24a2,12112.596275199568,17556.583596715132
Slc24a2,12115.634189541779,17604.57030659523
Slc24a2,12107.381862994891,17116.064859803264
Slc24a2,12123.516075259266,17101.13654450893
Slc24a2,12155.797488168919,17432.082483987015
Slc24a2,12169.117651498094,17352.39922137522
Slc24a2,12145.479919738153,17350.617367614133
Slc24a2,12175.26619539906,17345.218223921336
Slc24a2,12198.051031298734,17470.32259831811
Slc24a2,12200.658473181067,17466.61955586603
Slc24a2,12252.325838585459,17150.33395324347
Slc24a2,12260.784793456824,17170.012679241398
Slc24a2,12263.618167180843,17155.58011757102
Slc24a2,12268.265873331322,17242.07674086174
Slc24a2,12254.499537902671,17235.39812153142
Slc24a2,12264.231102861664,17231.917367862552
Slc24a2,12280.635546185194,17458.652888793444
Slc24a2,12267.625886803156,17469.313333823928
Slc24a2,12293.433621191949,17362.424770334183
Slc24a2,12297.289324593787,17333.83202443465
Slc24a2,12314.681128478467,17240.43670848609
Slc24a2,12299.035227018909,17244.55069358248
Slc24a2,12306.740011356947,17721.780658507538
Slc24a2,12304.137735176146,17718.519283558788
Slc24a2,12310.278967430655,17143.22422065084
Slc24a2,12302.960473262901,17156.46501821435
Slc24a2,12315.326202807937,17154.20403280533
Slc24a2,12312.090800255271,17376.69007056831
Slc24a2,12335.993289619253,17393.691739364414
Slc24a2,12332.403443202134,17197.306754032674
Slc24a2,12342.824748937444,17177.180958473222
Slc24a2,12324.811011049642,17446.463004444973
Slc24a2,12338.526207750954,17433.511104807272
Slc24a2,12335.564149863676,17430.175356469892
Slc24a2,12334.893629333177,17302.28535063438
Slc24a2,12377.156340547132,17238.56007418104
Slc24a2,12408.576485156955,17219.120366815732
Slc24a2,12398.147399874486,17231.834048092318
Slc24a2,12385.307645803216,17213.202882227455
Slc24a2,12393.770135987914,17140.68285528544
Slc24a2,12411.221011381442,17152.451356018802
Slc24a2,12416.309313651387,17151.81706994782
Slc24a2,12400.847692105126,17056.85361345732
Slc24a2,12404.908696874207,17058.085227820462
Slc24a2,12417.81638022787,17072.96332021826
Slc24a2,12413.155940719347,17061.700201321142
Slc24a2,12428.655940932771,17062.853941236608
Slc24a2,12424.725064784627,17057.131126254695
Slc24a2,12445.261736788994,17226.438291356684
Slc24a2,12442.60242736439,17201.234675197757
Slc24a2,12433.948864068228,17208.91648021674
Slc24a2,12444.262421543875,17151.613783744215
Slc24a2,12431.264133516168,17131.596127819917
Slc24a2,12484.846954964403,17000.106058229074
Slc24a2,12489.583212938836,17003.61607249542
Slc24a2,12471.313175027379,17003.589943920626
Slc24a2,12476.65380942677,17092.58174827223
Slc24a2,12475.885992099114,17074.15861937732
Slc24a2,12468.779503233509,17135.636825682945
Slc24a2,12481.10698926335,17130.650340340784
Slc24a2,12499.576417337064,16953.194058589306
Slc24a2,12486.367516772149,17096.603464742602
Slc24a2,12495.668923855575,17090.341817080327
Slc24a2,12529.748924259591,17034.902227734165
Slc24a2,12517.386729570537,17014.97978163141
Slc24a2,12516.536287174207,17068.278702950207
Slc24a2,12525.41770852141,17070.82793972132
Slc24a2,12559.699514931819,16058.318095510836
Slc24a2,12547.354974524735,17071.075011054894
Slc24a2,12570.240163171455,17497.8825034264
Slc24a2,12583.600240593842,17504.583117008013
Slc24a2,12571.677673784694,16928.621475164557
Slc24a2,12570.888515867966,16933.270783910943
Slc24a2,12590.420993127485,17007.009747176086
Slc24a2,12586.252718356145,17006.63998094711
Slc24a2,12633.54067283279,16888.2615773085
Slc24a2,12639.274116146084,16873.716627253838
Slc24a2,12626.636931296549,16885.18763687832
Slc24a2,12658.230832599866,17443.0190900914
Slc24a2,12668.840028858112,17443.86466529124
Slc24a2,12647.092511539367,17440.997561950462
Slc24a2,12660.488330070984,17429.89804862345
Slc24a2,12661.510320503787,16806.01989416256
Slc24a2,12646.748346007655,16816.170353235044
Slc24a2,12646.097996598632,16836.17337494617
Slc24a2,12676.80174095868,16895.864798623108
Slc24a2,12681.514657186466,16976.084331338585
Slc24a2,12690.293313898008,16875.535259100496
Slc24a2,12713.090823474247,17424.38235950435
Slc24a2,12698.393304947167,16838.90952174653
Slc24a2,12712.241258610704,16828.453044728856
Slc24a2,12717.130210805208,16795.26944973936
Slc24a2,12729.128599541853,16799.134916140472
Slc24a2,12713.062768821004,16794.112568904584
Slc24a2,12739.42161961299,16735.116178695935
Slc24a2,12750.6465741478,16736.17077399514
Slc24a2,12753.1865822527,16729.318595210152
Slc24a2,12772.77379295535,16705.12729344558
Slc24a2,12778.187475854224,16707.02389489819
Slc24a2,12775.57284928966,16712.32151344439
Slc24a2,12775.679669745949,17077.17360432803
Slc24a2,12785.913145823139,16968.2352060826
Slc24a2,12825.594096671302,16672.37266575191
Slc24a2,12816.830955892945,17333.841879864336
Slc24a2,12829.343964054036,17318.888727779296
Slc24a2,12854.001463998082,16722.71937428663
Slc24a2,12855.893408205264,16681.234077760477
Slc24a2,12861.926887419933,16674.76387430689
Slc24a2,12848.558722162348,16659.000255326133
Slc24a2,12860.074130801886,17181.475097187325
Slc24a2,12846.451548590765,17199.97828286816
Slc24a2,12871.58392405243,17205.37677287284
Slc24a2,12887.456337694613,16781.685942628108
Slc24a2,12895.328097981683,16549.802519545803
Slc24a2,12903.218357457083,17136.708587566834
Slc24a2,12913.695501025762,17135.472809615567
Slc24a2,12937.753208798233,16562.143010618205
Slc24a2,12943.211630100022,16574.68553816251
Slc24a2,12933.154196362826,16573.381373605116
Slc24a2,12947.079833029185,16722.384092235916
Slc24a2,12951.370080628007,16526.054889895055
Slc24a2,12942.849937997138,16523.084753825795
Slc24a2,12942.016219775274,16542.608292583864
Slc24a2,12950.460743409998,16513.494612236947
Slc24a2,12944.18423067813,17164.14171979087
Slc24a2,12961.141102789781,16487.03658355972
Slc24a2,12969.22663053307,16505.706501209985
Slc24a2,12972.022896303022,16470.495778741766
Slc24a2,12994.545774954187,17027.758101713393
Slc24a2,12977.82736322372,17099.15607493031
Slc24a2,12996.459053347991,16509.810734002873
Slc24a2,12983.600909709701,16525.545898071414
Slc24a2,12996.74171181492,16516.000404671737
Slc24a2,12999.66545179381,16664.937844603555
Slc24a2,13003.939898889032,16462.84112067832
Slc24a2,13036.977372964395,16516.63061955627
Slc24a2,13036.953180144303,16518.57171230081
Slc24a2,13064.6070211086,17003.849205459792
Slc24a2,13070.855308810425,17014.84566872536
Slc24a2,13090.516935473812,16469.955340618963
Slc24a2,13051.609855010007,16467.101311491213
Slc24a2,13079.7782458401,16399.311417470708
Slc24a2,13095.741477316076,16618.972394899552
Slc24a2,13085.927631382727,16616.969684397816
Slc24a2,13091.307529523945,16602.858206471
Slc24a2,13116.793588780072,16403.58758555136
Slc24a2,13088.303053613734,16415.072363111532
Slc24a2,13100.572991857673,16453.53665264952
Slc24a2,13101.452681839432,16441.694183845444
Slc24a2,13106.95162432373,16436.607915433924
Slc24a2,13103.159085075713,16451.79453776043
Slc24a2,13115.003380373832,16503.794483344936
Slc24a2,13131.976778426297,16339.562462190348
Slc24a2,13172.38490722839,16527.374627132693
Slc24a2,13218.514448936457,17413.491224178055
Slc24a2,13296.360107523638,16782.09732715274
Slc24a2,13318.925866613681,16871.59310426937
Slc24a2,13325.693556877855,16862.430163096793
Slc24a2,13378.894444117454,16806.12349967701
Slc24a2,13372.562512603386,16791.056758957817
Slc24a2,13411.262437051779,16755.379600719054
Slc24a2,13406.979110706905,16743.293937020666
Slc6a1,6606.407436478537,14686.59556138517
Slc6a1,6617.641439540903,14678.781012744088
Slc6a1,6617.953658546919,14677.920364743504
Slc6a1,6607.428356437825,14410.381315844246
Slc6a1,6639.527447816933,14409.363832661686
Slc6a1,6655.268184900453,14420.030829591982
Slc6a1,6661.053389313392,13782.684998566876
Slc6a1,6655.675038723784,13780.777525666981
Slc6a1,6709.132400461847,15405.399004822948
Slc6a1,6747.119837865052,15438.647624655396
Slc6a1,6776.840503079121,15376.642684165698
Slc6a1,6765.391656480671,15386.016148558636
Slc6a1,6778.135896105547,15375.051682937034
Slc6a1,6837.3532376160465,13528.512817273288
Slc6a1,6921.734609609985,15381.75435388518
Slc6a1,6924.9763424425255,15396.283308296242
Slc6a1,6966.078627448012,15485.16809858523
Slc6a1,6975.5686632703955,14734.352236395463
Slc6a1,6999.461076839381,14742.029193343287
Slc6a1,6971.171780787365,15176.306176596305
Slc6a1,7002.53886327591,14760.606596762067
Slc6a1,7015.543301669851,14743.07394873948
Slc6a1,7012.749651758409,14736.23784440155
Slc6a1,7057.89456994013,15138.343516710442
Slc6a1,7077.314536712319,15125.809655055426
Slc6a1,7054.634646075912,15126.612441526377
Slc6a1,7059.07716170765,15487.662398268942
Slc6a1,7062.917855885248,15498.731242200882
Slc6a1,7065.725907399223,14232.798220704071
Slc6a1,7072.781205661402,14228.060223185672
Slc6a1,7064.119241526957,14224.575232577117
Slc6a1,7091.803754278034,14236.794133067573
Slc6a1,7060.466386270536,13925.965136991956
Slc6a1,7112.122162630936,14493.445402979074
Slc6a1,7102.075242126536,14515.90695809828
Slc6a1,7124.3458006584815,15729.04652258737
Slc6a1,7128.466111122139,15739.247633305415
Slc6a1,7133.584711255094,15136.077195024696
Slc6a1,7135.331805869957,15152.073657295514
Slc6a1,7147.977925444463,15174.76833272624
Slc6a1,7166.445925697496,15174.366809475798
Slc6a1,7143.25615976254,15171.554720950293
Slc6a1,7155.989097974516,13835.361584738594
Slc6a1,7176.910530518236,15068.827552343348
Slc6a1,7187.7362995162,15389.058480542591
Slc6a1,7183.5306663668025,15403.528865581478
Slc6a1,7184.229057676546,15389.583155709683
Slc6a1,7215.3647619221165,15142.546175529857
Slc6a1,7215.538797085697,15123.973234266648
Slc6a1,7205.144350020562,15143.058441236959
Slc6a1,7314.996716833759,14267.51885547939
Slc6a1,7375.984515200099,14243.924548603887
Slc6a1,7366.876929762273,14260.90824186445
Slc6a1,7356.195196133623,14254.29956217598
Slc6a1,7448.604940115711,15747.008504519477
Slc6a1,7510.183557974904,16878.294794718648
Slc6a1,7595.41593983491,16066.68368333398
Slc6a1,7601.162347977416,16032.14808864306
Slc6a1,7627.996919493859,16397.631326970495
Slc6a1,7611.502527516757,16363.649899439584
Slc6a1,7655.665718903549,16107.3472634833
Slc6a1,7773.709739762836,16410.210310530994
Slc6a1,7770.063417258709,16410.064747672594
Slc6a1,7978.480705800277,16901.175641870755
Slc6a1,7992.320641252858,16934.15074134908
Slc6a1,8195.43028361017,15182.118091080405
Slc6a1,8201.980796341111,14941.06736610575
Slc6a1,8204.944977554656,16535.652342512072
Slc6a1,8198.258113602085,15196.225504352742
Slc6a1,8216.228898821038,15200.010979695557
Slc6a1,8611.653919479462,17098.121706682017
Slc6a1,8594.929389671188,17073.692121999415
Slc6a1,8604.251046944411,17064.835571440017
Slc6a1,8901.747659450863,17164.755172776993
Slc6a1,8915.818690224312,16025.661389077417
Slc6a1,8934.001655509821,15843.128862856884
Slc6a1,9145.044310451554,16239.49054661185
Slc6a1,9166.085125701724,16237.333997330039
Slc6a1,9266.285487149871,16618.03760016582
Slc6a1,9270.116733006753,17476.67998897167
Slc6a1,9260.959044092715,17495.459363227033
Slc6a1,9271.159392622772,17487.26423119071
Slc6a1,9391.227513840278,17457.341802132556
Slc6a1,9591.336250435517,16182.606321620271
Slc6a1,9693.694593687276,18121.289138799104
Slc6a1,9727.692237125648,18130.320991525663
Slc6a1,9872.247587945036,17820.78136477583
Slc6a1,9906.378039395942,17595.391104210594
Slc6a1,9987.052493855816,16762.408914726242
Slc6a1,9973.929843994034,16756.848672061384
Slc6a1,10022.188856560131,17661.897971086266
Slc6a1,10319.946689766686,16876.59547294627
Slc6a1,10328.563203758207,16509.56794192862
Slc6a1,10391.3385672058,17576.894760926396
Slc6a1,10369.377764203347,17586.82105748705
Slc6a1,10387.76052507592,17578.863605807775
Slc6a1,10377.13633924475,17569.416160719196
Slc6a1,10367.912988410368,17576.09781715903
Slc6a1,10384.188864594862,17845.71438014313
Slc6a1,10425.229260030152,16912.708374212725
Slc6a1,10475.983301044585,17073.890868124206
Slc6a1,10632.59181615941,18018.728696300932
Slc6a1,10678.132247124617,17843.87677211462
Slc6a1,10753.074529760275,16510.27189485588
Slc6a1,10770.13521373494,16518.47701168751
Slc6a1,10791.284089532222,17991.972470322005
Slc6a1,10952.151804364863,17869.415658294703
Slc6a1,11187.204831798526,16917.061595454423
Slc6a1,11175.074655584558,16925.721036489274
Slc6a1,11212.373117137424,18209.96829633269
Slc6a1,11236.319341650722,18215.86101108622
Slc6a1,11212.070507706296,18222.124611458432
Slc6a1,11287.840958197208,18378.63183320174
Slc6a1,11337.77285549244,16906.27347136123
Slc6a1,11322.571745287325,16901.81259675958
Slc6a1,11353.587695769027,17716.541911348373
Slc6a1,11368.330905888663,17713.41562355464
Slc6a1,11377.186429237769,17866.058627814222
Slc6a1,11350.328777413457,17865.93913583031
Slc6a1,11411.38182774015,18134.33663359285
Slc6a1,11468.713208558265,16645.935537880247
Slc6a1,11532.26079002738,18086.574279486216
Slc6a1,11525.756318290309,18087.985672390012
Slc6a1,11625.298852585853,16645.941982427583
Slc6a1,11669.57925836463,17706.307446925508
Slc6a1,11765.82333698425,17979.362195737784
Slc6a1,11818.471604346509,18080.414157582887
Slc6a1,11963.973058193991,17549.672755406318
Slc6a1,11969.11343375928,17611.813136915644
Slc6a1,12123.36455053479,17116.58060017804
Slc6a1,12116.811572290324,17101.29526020831
Slc6a1,12128.900865617945,17110.905510130262
Slc6a1,12177.460514809856,17841.303094028917
Slc6a1,12195.440900525113,17830.914086004763
Slc6a1,12186.066379917893,17835.72557765554
Slc6a1,12286.578886397194,16414.98147049712
Slc6a1,12437.304276821389,17144.51643612821
Slc6a1,12505.268666401498,15867.779109967698
Slc6a1,12514.642085067244,15848.68580961733
Slc6a1,12489.758527773221,15838.120217858033
Slc6a1,12568.118411541314,17507.59469843126
Slc6a1,12601.052673888385,17566.11795200041
Slc6a1,12596.472505568745,17569.97952218672
Slc6a1,12728.976038740211,17232.10632822503
Slc6a1,12711.413481331721,17190.517227581437
Slc6a1,12722.791914241043,17219.74498953125
Slc6a1,12734.572130661547,16000.687434932366
Slc6a1,12739.460869938948,16013.742573166579
Slc6a1,12767.509126171257,15979.328583234483
Slc6a1,12762.15215507215,15987.02289245857
Slc6a1,12771.356534351518,15975.2802655441
Slc6a1,12963.769865035207,17163.657478076446
Slc6a1,13026.464859747106,17097.395203147444
Slc6a1,13183.53668467035,16366.895371904498
Slc6a1,13172.131104554877,16374.401858924897
Slc6a1,13159.631380015624,16376.360986024616
Slc6a1,13323.41444334567,16826.765815997063
Slc6a1,13304.103307179132,16814.466685904168
Slc6a1,13298.268234002308,16792.39458362881
Snca,6490.514429377017,15094.412926732608
Snca,6505.654028219736,15078.845296699834
Snca,6492.735020420177,15091.172806187571
Snca,6625.8078342729195,14106.157302020894
Snca,6764.61815375556,15391.620604669251
Snca,6809.417009240106,14113.48148967134
Snca,6810.206310583838,14119.54149289532
Snca,6803.196865008271,14117.460440207013
Snca,6831.783872318775,14104.945660200423
Snca,6841.000219494458,14106.776629554757
Snca,6862.071012024998,15761.059835253773
Snca,6862.527481182768,14478.674413846365
Snca,6873.257504415709,14400.444316561481
Snca,6897.612820346488,14637.113396883882
Snca,6882.526745040289,14630.645028497252
Snca,6886.569561072545,14623.294700260287
Snca,6861.559179638822,14417.944136152417
Snca,6881.608655506026,14404.001174484538
Snca,6876.125763707384,14400.73446145474
Snca,6868.337297985591,14407.739722841061
Snca,6875.845080048254,13981.995136688656
Snca,6891.250501710952,13689.100892567263
Snca,6908.815287433023,13766.687601891505
Snca,6906.166828847421,16003.568538005213
Snca,6892.352337338949,16005.798236027775
Snca,6928.101648558453,13775.555251500156
Snca,6915.628311904717,14671.616808037528
Snca,6915.671865576298,14650.134013602868
Snca,6914.94454094173,14685.241808820152
Snca,6930.975382737708,14373.619825294703
Snca,6933.591703084754,14258.031356508396
Snca,6932.507606011804,14238.459056654436
Snca,6922.689018668725,14251.775726345593
Snca,6940.192159418666,13675.684431380096
Snca,6943.436240384424,13752.349019296274
Snca,6946.271847847238,14146.67372572434
Snca,6964.273368845452,14246.252768812928
Snca,6947.339515784463,14254.350425826076
Snca,6949.002275640347,14252.14819726117
Snca,6964.69291454371,14693.04411347273
Snca,6958.218788952374,14662.930681498206
Snca,6965.594333058951,14679.434284879639
Snca,6962.832260608221,14677.784953515453
Snca,6960.937083464583,14712.89653675681
Snca,6959.645399327899,14681.87127044235
Snca,6972.486109148385,14646.716246293368
Snca,6969.804953412981,14652.734991936319
Snca,6973.477799253058,14650.303529491333
Snca,6971.211848695077,14651.170535944446
Snca,6982.794993532897,14294.495531379567
Snca,6983.581230849702,14313.691999608547
Snca,6979.871444109678,13762.269464691553
Snca,6971.226269911701,14726.853276339438
Snca,6985.7403084122625,14753.142495957982
Snca,6962.769719623002,14399.543087250246
Snca,6973.215341511101,14403.87553246879
Snca,6988.792077143923,14415.824605949962
Snca,6966.783632370177,14403.792900700888
Snca,6987.3627980274205,14403.781316935401
Snca,6976.885906396147,13942.654941320901
Snca,6999.694719687126,14978.447957276912
Snca,6993.468199855125,13935.421449214144
Snca,7000.831312590764,13918.853414073697
Snca,6984.17981593908,14567.138842395783
Snca,6991.594730500191,14877.550306252031
Snca,6995.818632594003,14823.182918378743
Snca,7002.619593616176,14805.065707972479
Snca,6986.531977242521,14359.946919334716
Snca,7011.398115050154,14369.699776812713
Snca,7007.755152099782,14363.643391305031
Snca,6991.060778733044,14358.134721445187
Snca,7006.248730696997,14198.68351763494
Snca,7006.306511625434,13704.671814391068
Snca,7012.282172596429,15010.747286350908
Snca,7014.06008780188,14995.161925614366
Snca,7022.252921770633,15019.11006879632
Snca,7032.523394043399,14013.6256445161
Snca,7032.063295934368,14003.86591256092
Snca,7006.761993867719,14017.133711596642
Snca,7015.481579113199,14013.207009498223
Snca,7027.087986473856,14440.143712358835
Snca,7036.420487148012,14045.560647564
Snca,7024.851252814985,14632.839828427564
Snca,7018.2812778385105,14092.866191062585
Snca,7035.259281549525,15567.733235746351
Snca,7035.660804805841,14946.014982737186
Snca,7035.547898775549,14252.940442026491
Snca,7014.744088533109,13670.556753227462
Snca,7060.31992419172,14118.94396842196
Snca,7058.908453366265,14105.886532794915
Snca,7044.567497572275,13733.195596615436
Snca,7052.914096656967,13733.89524985472
Snca,7052.629506416191,13734.34483400747
Snca,7052.6670942259725,14044.762281956548
Snca,7043.165106975433,14293.335110738231
Snca,7036.308784154495,14288.20027040008
Snca,7059.317710866283,14931.810378515687
Snca,7054.691537374574,14922.681721456633
Snca,7064.374416492492,14931.039389297333
Snca,7045.58597643257,14778.798659574162
Snca,7042.164381347292,14763.642331279332
Snca,7091.604011498946,14318.886301450713
Snca,7094.27737092329,14720.43742972746
Snca,7073.148087415852,14719.605721666383
Snca,7083.230294304359,14719.387365986693
Snca,7090.707393724291,14706.016871483931
Snca,7079.5383234604415,14719.888755639606
Snca,7083.410386662106,14710.6465936597
Snca,7080.462488276738,13969.806166781818
Snca,7091.073060471505,13980.016058957208
Snca,7076.176402282452,13972.913354203783
Snca,7077.599860496801,13941.057289113105
Snca,7070.656217541326,13930.084569815032
Snca,7085.493158868749,14131.651323297034
Snca,7078.761507489436,14929.671150917187
Snca,7106.816056012431,14500.411709062386
Snca,7100.13076765299,14502.573003836562
Snca,7112.113661098386,14526.337968029113
Snca,7098.7821484674205,13895.586051067065
Snca,7108.666515665633,13879.596200724627
Snca,7118.094267174623,13902.742392786293
Snca,7109.453274860636,13886.25531260184
Snca,7117.196465354586,14418.227778239681
Snca,7113.035799727513,14409.721195857477
Snca,7102.595134561104,14415.699471792743
Snca,7119.209031927246,14675.73834148192
Snca,7131.652716374939,14698.584883240015
Snca,7117.57953219357,14974.757280491378
Snca,7111.995693731733,15023.713849251559
Snca,7145.785044772766,15060.136072661666
Snca,7134.10549022073,15065.766495711854
Snca,7144.457865960023,15069.668108617248
Snca,7127.848816442787,14843.010258109827
Snca,7142.734637578356,13987.124746069629
Snca,7165.402447071951,14903.32373464142
Snca,7138.497301738092,15162.257460800183
Snca,7120.9636776826155,15154.901495823011
Snca,7140.667014466919,15153.594751621462
Snca,7146.143731961239,14708.924882388215
Snca,7157.0443700835895,15133.906480162012
Snca,7142.673151495375,15038.918239382612
Snca,7164.294448550085,15268.77318031345
Snca,7160.667783586395,15262.843710963538
Snca,7165.638191847827,15263.987455345621
Snca,7147.248154862609,15245.386952237162
Snca,7154.81989104859,15270.066600198781
Snca,7165.356934227749,15241.234922178335
Snca,7162.313647258834,15357.95042112024
Snca,7159.265243762793,14954.797088819038
Snca,7182.229174907478,14759.159545051021
Snca,7202.201287511137,14949.528101411017
Snca,7181.734426245282,14963.7756293011
Snca,7190.952287673266,14956.96979021473
Snca,7189.351409832866,14804.945271503371
Snca,7202.043530694575,14828.984284838709
Snca,7178.878333167227,14138.315670296583
Snca,7195.074260659953,14114.008668046406
Snca,7187.679359354545,14781.78904656729
Snca,7208.853802359949,15277.099556755846
Snca,7195.493117784153,15287.9710045195
Snca,7194.478509307625,15285.634215736152
Snca,7209.344850556488,13823.109401404632
Snca,7211.603161367148,13827.908335413074
Snca,7181.756259773969,13816.783744823051
Snca,7192.295057372742,15118.241594510504
Snca,7218.20599004194,15248.627771955033
Snca,7212.354976711495,15120.76740422187
Snca,7216.717716772457,15151.409967475316
Snca,7223.6115432679735,15151.21587367779
Snca,7209.112035772076,15175.417746190058
Snca,7220.686414609498,15192.039867205383
Snca,7209.565657714941,15209.502385711077
Snca,7204.609965452181,14963.115516890908
Snca,7245.404085127168,14909.335374474078
Snca,7245.711232366605,14932.252740782347
Snca,7257.802829683254,14925.26298196176
Snca,7247.519174787098,14921.932904348016
Snca,7244.355206606584,14934.184645403277
Snca,7258.1444942987455,14906.791148159893
Snca,7255.728235523483,15521.434155973386
Snca,7250.165081261264,15516.422945673938
Snca,7249.435942235477,15531.35855468976
Snca,7251.999792824321,16494.484160153006
Snca,7240.87240106297,16497.82498862472
Snca,7266.719736647104,16485.175609523834
Snca,7241.458718114869,15119.94059363993
Snca,7255.895941928047,16537.951661493003
Snca,7255.932885636808,16552.212690092594
Snca,7272.1455130547265,16526.750616361493
Snca,7274.692949978398,15269.744945053513
Snca,7251.418298964449,15192.239940922202
Snca,7291.106009161204,15231.147371177009
Snca,7272.633808682908,15235.685752307218
Snca,7281.526465600148,15068.394463863357
Snca,7277.7674033292615,15194.220173421723
Snca,7293.341083947762,14022.923000867404
Snca,7284.3961398656065,14018.371401898705
Snca,7288.393252157644,14018.641000470077
Snca,7296.243106085493,15526.246403019193
Snca,7302.608410820757,15270.201100954497
Snca,7323.535714540255,15569.32296749816
Snca,7306.130124350447,15575.286478093194
Snca,7313.216557224197,15048.782272852442
Snca,7329.283201233012,15050.63946008628
Snca,7322.477549962476,15641.95644567828
Snca,7319.225395488382,15658.364730623116
Snca,7330.472937373921,15274.293106258818
Snca,7346.866010634338,15422.49979272951
Snca,7348.468029420358,15377.310351624496
Snca,7363.3017168880315,15626.765611911911
Snca,7363.185644375598,15617.957476431653
Snca,7360.922400877215,15611.907083997252
Snca,7359.300699113561,15503.85949845352
Snca,7363.396869671378,14815.419737408247
Snca,7384.869033662135,15248.21526924987
Snca,7373.213094647312,15126.64857481151
Snca,7434.89887530357,15290.998957758795
Snca,7412.969496729581,15369.747675423841
Snca,7435.701379592187,15345.652039186614
Snca,7416.871769977491,15370.906376747076
Snca,7439.911316358495,15517.605990744738
Snca,7425.360990933127,15843.205669378334
Snca,7414.421444303085,15594.077760346465
Snca,7436.745459748808,15474.3203066234
Snca,7452.992251735382,15696.915763813715
Snca,7444.9323449662015,15876.229695208613
Snca,7458.457675668139,15577.503653477397
Snca,7488.534441644611,15944.236065016941
Snca,7479.187923908939,15935.227934678092
Snca,7513.340287808864,15788.075700046811
Snca,7505.164377796666,15863.947387611097
Snca,7525.979902750948,15933.102454543514
Snca,7536.772929027697,15919.017518933812
Snca,7521.263405006888,15928.77297220651
Snca,7548.555989725182,15868.042024939066
Snca,7544.434773532763,15870.989748860804
Snca,7595.248578115189,16643.424986414095
Snca,7572.802523979438,15891.03469110561
Snca,7596.6139084456345,15905.769215503316
Snca,7620.741254722535,14503.555147160552
Snca,7604.692484910517,14499.55086960687
Snca,7627.859911796108,15900.733858643704
Snca,7620.093335493917,15936.077808687833
Snca,7638.637816024343,15939.368845325762
Snca,7640.406750099309,16918.62729724846
Snca,7675.8297657326575,16129.493126849526
Snca,7683.867480780274,16017.221263929236
Snca,7681.452817990386,15976.521284309338
Snca,7673.932758279885,16086.094102264145
Snca,7689.0230870616915,16222.624410939918
Snca,7681.954254538261,16224.694044840373
Snca,7705.028539106789,16050.702931374151
Snca,7703.623614878289,16067.817399309699
Snca,7707.486194021441,16056.888681642002
Snca,7723.188246807878,16267.008374550787
Snca,7710.4647754860935,16263.682256822984
Snca,7720.8999761574405,16252.656025460525
Snca,7716.224697763358,16154.925875976069
Snca,7718.00226754622,16114.679404620601
Snca,7735.994233052032,16125.386991259702
Snca,7720.341651691666,16205.387347946984
Snca,7733.664283628368,16210.482983817534
Snca,7772.449501211383,16115.454096980367
Snca,7759.630940725472,16343.751826556965
Snca,7770.340481149648,16332.969274513347
Snca,7747.236926577571,16336.555476576787
Snca,7765.639272806,16070.3640538546
Snca,7774.986965194284,16080.066220709818
Snca,7820.7331737907525,16300.711537007961
Snca,7833.3560083594475,16303.798069742421
Snca,7854.233907552241,17255.545630593137
Snca,7850.952849021968,17267.49429870651
Snca,7848.990075898528,16285.038626776852
Snca,7854.915079341799,16276.0692492168
Snca,7881.912409059742,17224.807042876186
Snca,7955.824670009762,17273.009815795373
Snca,7957.326670528055,16355.13022185939
Snca,7974.475433290622,16567.079502179713
Snca,7952.808482772584,16553.589410734214
Snca,7970.541610072191,16417.868765018673
Snca,7971.259277862628,16407.34511028736
Snca,8001.711482728928,16560.335605179713
Snca,8014.897774558011,15885.227562636243
Snca,7993.682038879989,14871.060438852875
Snca,8004.462026357428,14860.677648551915
Snca,7989.801027961083,16404.921887314722
Snca,8019.9405840052295,16512.414324206966
Snca,8062.9695762345655,16587.021913742414
Snca,8082.850664715107,16596.77932530179
Snca,8149.773842949048,16788.34406090172
Snca,8191.989509964253,16613.317603513497
Snca,8191.071740365646,16755.47759206331
Snca,8197.302070279376,16762.495089536995
Snca,8214.028566752757,16735.81515309009
Snca,8226.627860880255,16828.88280031005
Snca,8232.742874539168,16838.105874704765
Snca,8216.320571564715,16810.444389290737
Snca,8260.745589632434,16764.56768658883
Snca,8282.60644190863,16778.787348564514
Snca,8334.143209305446,16654.221833647032
Snca,8344.13876259211,16765.183109105626
Snca,8354.554441968121,16919.814569638245
Snca,8351.092852614096,16742.821757285485
Snca,8376.14021106076,16742.490453065784
Snca,8380.974565930119,16748.857042624157
Snca,8377.920574356951,16825.662267015858
Snca,8391.183483126526,16823.562288047717
Snca,8365.11131569809,16820.429118258467
Snca,8392.319122180083,15337.893489486347
Snca,8381.756345575084,15340.964006265325
Snca,8381.974200229957,15334.180566269639
Snca,8405.698045445188,16864.022018820535
Snca,8412.909305070263,16827.9320248889
Snca,8417.53373510529,16821.319415152917
Snca,8414.128491432584,16909.59937182729
Snca,8414.255091221665,16897.60394115325
Snca,8418.719635611553,16893.605719083684
Snca,8450.04653651668,16917.72859781567
Snca,8450.911070562075,16920.333176953558
Snca,8445.360242781124,16918.342576992673
Snca,8460.90532832384,16905.427994531336
Snca,8457.30603664373,16861.772686874483
Snca,8446.746796913038,16854.38256426696
Snca,8467.838265590823,16987.81584286827
Snca,8501.706037685562,16894.45679291615
Snca,8519.595480610356,16887.606338731435
Snca,8535.746648284507,16973.943647673517
Snca,8523.739428692217,16977.394324701174
Snca,8534.348511392518,16935.08712863953
Snca,8546.71448397236,16900.33575163273
Snca,8546.1482260654,16896.464493616102
Snca,8542.510168569186,16879.452792592292
Snca,8558.424845362646,17101.56749920392
Snca,8568.577479438054,17062.489201792727
Snca,8562.566424105044,16938.758899795488
Snca,8581.632592436365,16929.80333465964
Snca,8569.906508322108,16993.544352580637
Snca,8578.838753472635,16986.393109952067
Snca,8616.282328605368,17009.052337491357
Snca,8624.141674935052,17006.241962622047
Snca,8633.053498019624,17155.494990561634
Snca,8630.754300772145,17118.503615094134
Snca,8648.117826123482,17087.578431866346
Snca,8656.434082596883,17132.485143206955
Snca,8667.826483856667,17041.185893600414
Snca,8677.748874260189,17028.43707391797
Snca,8678.590963530432,17189.03438201947
Snca,8682.524497750625,17175.337565241123
Snca,8681.101042843706,17193.211193211857
Snca,8696.013779034676,17161.71999615163
Snca,8696.543979317392,16990.905479825768
Snca,8702.619697213362,17228.573224749434
Snca,8734.177677003929,17062.692510281617
Snca,8730.359776487596,17059.547401671196
Snca,8729.552673466664,17182.117126654197
Snca,8773.584235284503,17220.110541783153
Snca,8796.669874382047,17144.057898567902
Snca,8784.845547450077,17137.2088791247
Snca,8832.639218558921,17132.307783637985
Snca,8840.16403076903,17275.028540665975
Snca,8849.777707695994,17857.318215974898
Snca,8858.876964524039,17133.11063934391
Snca,8877.123389061066,17208.541769459975
Snca,8906.923858273836,17241.1252889009
Snca,8880.675304714816,16425.01013291998
Snca,8903.243827589882,16425.83493568256
Snca,8884.328094903927,16438.121960885535
Snca,8893.538222545647,17231.958806145103
Snca,8973.537255105315,17984.75353370716
Snca,8975.758237451795,17339.57652746335
Snca,9009.512400396296,17275.766938623587
Snca,9014.19789663086,17356.879979405694
Snca,9038.10484174978,17272.87089620443
Snca,9030.632392459085,17321.211127517585
Snca,9016.696217495177,17307.24221035443
Snca,9026.518349434897,17302.41966520536
Snca,9033.501769309796,17300.733083840976
Snca,9050.148531205115,17411.190590072023
Snca,9084.478852619724,17298.548822810382
Snca,9075.663117600032,17311.19791764897
Snca,9083.191644791197,17362.344348402563
Snca,9074.055115445237,17368.535792044644
Snca,9093.997986812185,17244.82860600094
Snca,9095.0536371518,17275.14526837209
Snca,9107.732745347763,17324.608672697967
Snca,9120.842837685894,17365.20930647888
Snca,9121.05072751557,17378.281405237245
Snca,9138.750355269243,17351.891060613056
Snca,9149.4633518593,17437.410063946267
Snca,9160.285400172534,17459.067731217117
Snca,9158.372078962808,17369.685608933167
Snca,9168.244054737765,17331.4886268062
Snca,9163.942057513283,17371.932478631137
Snca,9192.538701741094,17564.192991287677
Snca,9181.724286614417,17586.259675618516
Snca,9178.952486223825,17464.23892233978
Snca,9176.888137653712,17446.035941546517
Snca,9183.458655955737,17479.98511627383
Snca,9206.05717692173,17471.559560792095
Snca,9231.181217586787,17372.067988374045
Snca,9241.205588603869,17995.84024010072
Snca,9224.52012247315,18005.387163684976
Snca,9248.04654639819,18093.89616805564
Snca,9283.814125087116,17439.801170430703
Snca,9310.310361971267,17458.58358694224
Snca,9320.672043587976,17413.883518105795
Snca,9345.73376421157,17486.013014998436
Snca,9351.05227984522,17539.85602556207
Snca,9376.122883019203,17579.739705104697
Snca,9397.393920327386,17578.14220156497
Snca,9423.013667721469,18127.76296768997
Snca,9437.351769271003,18134.95119495657
Snca,9422.24747469243,18149.009862455085
Snca,9400.855112344318,18067.15010314448
Snca,9402.743219379214,18063.13277091146
Snca,9397.042838241574,18067.130885074184
Snca,9398.76062434954,17533.18857486911
Snca,9407.796401272819,17536.366680910833
Snca,9396.372885673181,17439.687273582367
Snca,9432.849107390133,17566.95827285217
Snca,9432.86575372485,17430.1462146898
Snca,9459.377139314764,17531.449368887104
Snca,9470.260833934544,17502.582578165257
Snca,9505.968651186044,17532.00692958421
Snca,9531.234003478661,16740.058672540625
Snca,9533.106808693168,17554.023840419526
Snca,9564.874984907998,17653.284431229138
Snca,9581.528470512054,17660.55611340782
Snca,9575.125198494641,17658.412274432314
Snca,9584.79857812374,17463.129096638357
Snca,9590.806970815836,17492.350679074956
Snca,9585.969019902606,17567.06275730601
Snca,9613.160480542201,17690.56059290658
Snca,9625.580163929919,17698.276799417694
Snca,9607.13389738041,17692.802465292487
Snca,9591.379981162734,17698.65243550299
Snca,9649.643704356513,17617.087128565512
Snca,9702.176193089203,17542.45099541466
Snca,9715.64306533442,17629.347742078633
Snca,9720.372370634568,17630.847956333804
Snca,9727.49789333395,17633.107700147542
Snca,9767.50883252011,17567.55920962468
Snca,9735.528097983883,17568.941111516946
Snca,9834.2394120206,17597.16432304472
Snca,9816.58797779809,17769.590791786908
Snca,9805.64958768604,17788.01784097051
Snca,9857.901046148272,17820.813902329453
Snca,9869.919231019856,17793.142212681538
Snca,9850.774192548783,17805.504530729682
Snca,9969.760365634105,17688.09908653388
Snca,9975.199992115584,17670.436149400553
Snca,9983.253689635798,17691.68846688353
Snca,9985.722242493806,17826.165502900367
Snca,9977.864612599038,17809.616419035305
Snca,10021.13849409197,17657.06270408942
Snca,10016.585735181729,17657.039663206575
Snca,10024.221361189246,17652.64885478258
Snca,10004.976254586189,17699.012668653882
Snca,10005.699435918243,17709.929768584792
Snca,10064.898887630738,17682.007233210334
Snca,10029.309567298547,17702.087033895354
Snca,10048.337885464147,17667.45965242942
Snca,10085.258937082985,17833.441867369937
Snca,10051.69381113853,17811.229513513277
Snca,10116.632232353157,17717.046321701164
Snca,10111.882300900637,17779.599963051896
Snca,10109.951290563335,17800.598492560814
Snca,10150.178922961262,17709.836580442534
Snca,10164.649335200571,17810.083246785907
Snca,10169.082534339293,17796.36469798873
Snca,10191.440045840143,17768.662841768182
Snca,10201.492588460875,17862.945788699042
Snca,10217.717059386658,17804.95540834446
Snca,10259.33108903728,17841.121106671657
Snca,10240.76545995156,17854.838740149487
Snca,10262.774177191399,17760.7166829717
Snca,10323.212387489108,17896.45516593152
Snca,10312.026605165742,17906.363430416142
Snca,10335.602278890974,17832.07734230384
Snca,10369.282022284064,17802.457664093225
Snca,10370.06654727822,17807.94717808151
Snca,10380.601512535328,17800.980739577706
Snca,10370.287587411714,18334.476774071278
Snca,10386.219895102256,18348.962324123448
Snca,10378.374432238059,18334.11267872277
Snca,10386.49506704045,18023.981202890107
Snca,10390.857899075108,18032.327397502464
Snca,10436.890435791973,17828.936713009
Snca,10429.84626734237,17792.678116269137
Snca,10432.29328534119,17869.158543152924
Snca,10458.706127340376,17881.084682294713
Snca,10429.332972471158,17870.09604752443
Snca,10476.706379884969,17897.514909542177
Snca,10494.757686707862,17877.236337129983
Snca,10508.70768129084,17887.87426898414
Snca,10512.792657271943,17881.506431083882
Snca,10582.627901452997,17902.126332602635
Snca,10561.902429356742,17889.488942951833
Snca,10602.38067417535,17915.042412683662
Snca,10635.098581658342,16576.331921012053
Snca,10653.319835118367,16591.35294865891
Snca,10646.065903588073,16806.595833260777
Snca,10658.797081232218,16815.729480840324
Snca,10663.776761866471,17926.901057734693
Snca,10716.309731388019,17923.671295908196
Snca,10773.29185324219,18032.889240679553
Snca,10764.270170446085,17864.93973675034
Snca,10785.608366908278,17823.57481902512
Snca,10848.038028017902,17836.975385369075
Snca,10839.616433077425,17836.66511633179
Snca,10856.091896238617,18004.61736033225
Snca,10851.055758909555,18002.626939384292
Snca,10910.547729157419,17849.612865573938
Snca,10896.736568585318,17845.637577740694
Snca,10896.868668203368,17857.491812643315
Snca,10912.805016223016,17875.956137174264
Snca,10917.434737026257,17929.042304990122
Snca,10952.866138927875,17911.00331058526
Snca,10995.694117109639,17957.587269514534
Snca,10999.7036944346,17951.39980214521
Snca,11001.449288477355,17958.865018354085
Snca,11010.291919809035,17856.872813433616
Snca,11102.536057379091,18379.04768960512
Snca,11109.310463596736,18371.264869658244
Snca,11091.299230905224,17829.35013064965
Snca,11160.454166579151,17802.74305214563
Snca,11157.672871449044,17818.58141399383
Snca,11179.920158226947,17776.404846086767
Snca,11172.515202396678,17787.794331475525
Snca,11173.986269244213,17811.389879853003
Snca,11212.912378902001,17827.7430339814
Snca,11207.372859171917,17854.07337219217
Snca,11203.225989978231,17836.6905231968
Snca,11205.34086010692,17800.802071466398
Snca,11222.765291181704,16910.466207401365
Snca,11270.099091986547,17942.686257483496
Snca,11304.856389486866,16514.81900918858
Snca,11327.505283525732,17738.915909913278
Snca,11306.193459139711,17744.012343169285
Snca,11280.70122774353,17839.661939125668
Snca,11367.537659485593,17864.54933392347
Snca,11351.698523047458,18234.459773442148
Snca,11366.84864656369,18227.069142733842
Snca,11358.449931052844,18223.247460756495
Snca,11393.864814896226,17761.41562298086
Snca,11423.027154128129,17830.55150664884
Snca,11421.694877198435,17825.3301649574
Snca,11454.276351725453,17705.58934769811
Snca,11477.146290614437,17759.72238022217
Snca,11494.249618912028,17748.80065349549
Snca,11505.783787052715,17753.188939957436
Snca,11552.570390165949,17703.972222101176
Snca,11582.039286358153,17722.9392929018
Snca,11592.240878387634,17781.55797013267
Snca,11644.406982337689,17699.619364028586
Snca,11636.58301789286,17654.71940601375
Snca,11691.585334755808,17818.360076906978
Snca,11699.553947107674,17709.761372066576
Snca,11698.554346421623,17714.10684595506
Snca,11700.631622990486,17717.24431284286
Snca,11707.651436052156,17617.28282955295
Snca,11715.896443451735,17609.225685229456
Snca,11713.295422145595,17610.35641381946
Snca,11758.699859600083,17698.042987241966
Snca,11788.151969421924,17680.44758749214
Snca,11779.126867718252,17677.934012066446
Snca,11786.593856522679,16876.4350930307
Snca,11824.611397396862,17653.53861414851
Snca,11824.872684949654,17656.8792519921
Snca,11821.904631066633,17555.963963999962
Snca,11839.177190848704,17604.21497007619
Snca,11847.766288628913,17577.26601446519
Snca,11848.043075343978,17548.611878289637
Snca,11861.214353488514,17591.914303658337
Snca,11905.647588985925,17598.22946768849
Snca,11942.790555422189,17644.16680983266
Snca,12016.85694712659,17693.55089009764
Snca,12024.944532040432,17541.890558290652
Snca,12027.432753274154,17598.647031413107
Snca,12048.609231958331,17606.29710862925
Snca,12059.329586525044,17505.180769623144
Snca,12071.055892426335,17520.19371545179
Snca,12064.880406158694,17518.722964290453
Snca,12053.138594182432,17533.957989401257
Snca,12064.97851266961,17520.572947522014
Snca,12077.639145688912,17415.33115524524
Snca,12084.52400927784,17418.454250076815
Snca,12110.626746505284,17383.968059250175
Snca,12089.910794475212,17554.095236453068
Snca,12119.755215500312,17425.61987179063
Snca,12116.004744439899,17476.156940860616
Snca,12135.116080619428,17112.50890995807
Snca,12152.914806141245,17499.901501714878
Snca,12140.105052597999,17503.320846564682
Snca,12151.98142468831,17389.580665940313
Snca,12172.224657239198,17505.449821775095
Snca,12156.523076749838,17355.555073755182
Snca,12151.891118358686,17352.6773141089
Snca,12173.692398475989,17360.876591722426
Snca,12194.909104804812,16384.027880368478
Snca,12181.473184845805,16400.883999925303
Snca,12180.416377041362,16387.87242102962
Snca,12201.309154158205,16383.123612209158
Snca,12185.977374177266,16389.73826404793
Snca,12190.248247588295,17436.043958200964
Snca,12203.827419853927,17312.246425390793
Snca,12205.321676909993,17314.171740830192
Snca,12212.648051271579,17328.763092005454
Snca,12205.041575912608,17281.001919268634
Snca,12255.359612235765,17279.72176941664
Snca,12260.413996524618,17247.375180740415
Snca,12272.226711184852,16408.76367545682
Snca,12290.312618610145,17721.32964977564
Snca,12297.008043332911,17716.637769997586
Snca,12326.620353496211,17270.873238063366
Snca,12341.953948601962,17266.84521744369
Snca,12317.590954068026,17209.821512361887
Snca,12335.532024346709,17345.40597893222
Snca,12374.952767081475,16309.761799307978
Snca,12386.803937664283,17213.709719921346
Snca,12393.651165608266,17092.83917714519
Snca,12381.948851712092,17103.30589589989
Snca,12405.913875697712,17264.989852001207
Snca,12402.194677527175,17270.923629082416
Snca,12469.13105712558,17061.887925228242
Snca,12457.116665718277,17085.64393033606
Snca,12522.066569917051,17066.408094890972
Snca,12542.63249097379,16068.190464449917
Snca,12547.311565089822,16089.482128423138
Snca,12557.846207815392,16924.17135277257
Snca,12603.521250156746,16963.47014606938
Snca,12628.073224372616,16883.079243313907
Snca,12625.388331939437,16882.131919954856
Snca,12629.417809188322,16875.4957087481
Snca,12636.67451638773,17542.235839022476
Snca,12629.904441587787,17546.437808279705
Snca,12630.268361410348,17510.542639160056
Snca,12629.353761994033,17482.99693497312
Snca,12628.58088600676,17485.43790882684
Snca,12640.48143557184,16979.363369446837
Snca,12665.041051227548,16853.562913706057
Snca,12705.214927012317,16766.45596081623
Snca,12712.633818824619,16804.498358605895
Snca,12731.67758479938,16905.173607792232
Snca,12740.829166988531,16915.9797861973
Snca,12766.539783292514,16661.623965235238
Snca,12809.04159853468,16659.35460088287
Snca,12838.9456585896,17797.72068148917
Snca,12838.245855909609,17785.104447063746
Snca,12840.568635571666,17786.560803003766
Snca,12833.538712781308,16616.216640091297
Snca,12839.776105389976,16753.5039264044
Snca,12868.831713105543,16561.11475899037
Snca,12854.955976487505,16561.24837669016
Snca,12851.710601478766,16643.634666714566
Snca,12848.33549754798,16721.020093731582
Snca,12855.914290052297,16847.797537860188
Snca,12845.283659451641,16666.20731412281
Snca,12877.670686486728,17173.402237517323
Snca,12867.85334496927,16630.846306376712
Snca,12879.619569822018,16789.13672188235
Snca,12876.01786694816,16771.889809155058
Snca,12950.961104520133,17102.79477760199
Snca,12992.582269083663,16457.69418215711
Snca,12991.941580100281,16505.442516520827
Snca,12993.524441104984,16517.855593308006
Snca,13023.488215472062,16472.337752778178
Snca,13023.900203679836,16491.94709926007
Snca,13030.848890886455,16400.36642480223
Snca,13041.822601026475,16402.850940208504
Snca,13031.644286328206,17098.331024074956
Snca,13027.091979442559,17126.3280616621
Snca,13037.89172978069,17126.851928343567
Snca,13062.727789945127,16968.626295813334
Snca,13070.028182481756,16446.093903743702
Snca,13102.350199532131,16973.410907922425
Snca,13127.742737249559,16958.235946661775
Snca,13123.330686178451,16418.763446895944
Snca,13173.756406105087,16475.635550737115
Snca,13205.918015337063,16619.92035938913
Snca,13206.59740594609,16609.592276521355
Snca,13299.26767596708,16817.13807120763
Snca,13457.286759784138,17258.99906556234
Snca,13446.376647956527,17253.303326523364
Snca,13429.701990942001,17269.737433829978
Snca,13441.260920367258,17258.92443207226
Snca,13444.812375369413,17245.826804040556
Snca,13464.514482007095,16969.18279821001
Sncg,7788.830935980839,16245.00052396704
Sncg,7904.662076275176,16405.8686789162
Sncg,9834.515934192328,17728.184288359353
Sncg,10426.639733915388,16912.423395523194
Sncg,11229.594178452628,17893.186234433066
Sst,6378.081984760996,14424.474531016098
Sst,6389.520170804789,14438.787132684696
Sst,6382.6683975545475,14436.41197296894
Sst,6374.887852849643,14451.169904478933
Sst,6372.600283984832,14459.694712913746
Sst,6383.318559597997,14458.768684974151
Sst,6363.776931121489,14442.104806802537
Sst,6381.076837656609,14441.182029235006
Sst,6385.955520786286,14437.550545617356
Sst,6558.537259682136,14138.18748440886
Sst,6561.726464249239,14145.076820076189
Sst,6577.77772088945,14161.304225220692
Sst,6574.195188513622,14156.496907527828
Sst,6565.934155496498,14150.777929839222
Sst,6562.3796721853205,14152.710279128447
Sst,6568.781656344711,14152.906826164111
Sst,6552.476129551839,14151.088608179494
Sst,6564.484787523742,14149.054715076192
Sst,6567.048265619045,14152.449716647612
Sst,6574.683779255377,14146.403564161124
Sst,6571.562224053944,14140.781642455593
Sst,6558.345616158121,14144.149282728853
Sst,6568.782177052746,14147.115567467143
Sst,6557.052378601867,14155.895809460873
Sst,6560.358467945784,14157.02286326715
Sst,6575.493735430904,14151.550348090288
Sst,6588.671730651526,14773.936879250406
Sst,6584.875834761005,14789.153688424318
Sst,6568.8983018911795,14784.125136409819
Sst,6575.949044825544,14782.968495428126
Sst,6572.916309225937,14765.302607720985
Sst,6578.757717599573,14761.55373437272
Sst,6576.642236618521,14787.294036410223
Sst,6584.749720456253,14759.22903617532
Sst,6582.554933913516,14762.031145955558
Sst,6568.590745411071,14767.815102434732
Sst,6586.021904969098,14782.283661636202
Sst,6577.189355528166,14781.36333428589
Sst,6618.911391039964,14691.748546634983
Sst,6601.52345274365,14685.68207469778
Sst,6606.600589751162,14687.940800018263
Sst,6610.105646358151,14697.722539289356
Sst,6582.951468269447,14692.883406453031
Sst,6587.882551510891,14690.027713318057
Sst,6608.581628334747,14701.575014666161
Sst,6612.888433177552,14696.411010583644
Sst,6610.58567776624,14707.575425025763
Sst,6593.2325756274695,14701.136215560868
Sst,6607.555320997748,14689.562136903096
Sst,6602.029721057138,14712.395623674709
Sst,6611.054615621473,14702.53634297955
Sst,6608.067696184075,14697.43023739037
Sst,6602.604054924518,14703.149829109067
Sst,6606.838771494521,14703.857691053889
Sst,6597.9198727084795,14679.859850128769
Sst,6596.095256628851,14681.95708225894
Sst,6599.9457818349865,14706.995641458312
Sst,6604.341020925255,14694.633459601922
Sst,6601.379331327135,14693.800244761182
Sst,6596.099333059254,14685.778168251343
Sst,6593.4869208538885,14684.611164615077
Sst,6801.646528960322,14135.127793604379
Sst,6812.463842062104,14132.96562200063
Sst,6801.367442034661,14123.445212989462
Sst,6822.019137139809,14107.298304287047
Sst,6807.305007108811,14134.171823298924
Sst,6803.635738107969,14119.26998109922
Sst,6806.202659784736,14128.907605592249
Sst,6814.319890876355,14121.682991644962
Sst,6968.733086967451,15466.713298297655
Sst,6955.262926872899,15452.50762537009
Sst,6947.031865382891,15454.773765621012
Sst,6943.193459069606,15463.927611082609
Sst,6964.4120982680615,15459.877314753046
Sst,6975.15653246892,15476.109901699874
Sst,6959.488086679299,15473.482880789357
Sst,6969.89090102339,15467.631437709404
Sst,6957.540376152148,15479.409203272908
Sst,6958.788711270315,15472.289323540075
Sst,6952.952770340948,15458.674046363185
Sst,6953.006847491261,15487.484981754573
Sst,6958.146953343811,15471.931121328953
Sst,6950.069963252338,15479.118947697514
Sst,6954.992931528866,15463.429294060677
Sst,6972.37775883852,15477.707923750739
Sst,6965.317310753322,15468.234552008478
Sst,6958.909281625626,15464.101086172472
Sst,6956.526146013041,15467.666922058419
Sst,6948.048000755719,15457.531871424871
Sst,6953.3623962098245,15468.145083371386
Sst,6946.463068792297,15487.341303274725
Sst,6961.343928235291,15467.56096279166
Sst,6959.627841277547,15461.461347511946
Sst,6958.257989368748,15464.671277961468
Sst,6962.0754712177995,15469.366264528264
Sst,6977.689227158647,15469.154220620158
Sst,6959.158336757281,15465.273806323037
Sst,6955.397838092879,15470.989632602099
Sst,6945.124565910805,15475.312325253015
Sst,6964.543199534631,15481.247889161681
Sst,6948.391083336089,15477.895572013904
Sst,6939.951973641009,15457.736108038775
Sst,6970.380715595838,14624.673870838516
Sst,7006.007815228123,15636.364691689843
Sst,7027.531068075214,15639.14860824199
Sst,6993.604060106434,15647.487095604567
Sst,7016.687322817393,15639.882202962563
Sst,7014.922594354462,15659.818188446936
Sst,7034.215646091692,13992.709763236417
Sst,7044.422395500679,14003.006719745415
Sst,7049.652611969301,13981.694332246598
Sst,7057.476185563779,14913.430955446087
Sst,7070.153335668508,16015.069171003855
Sst,7075.241028344542,15997.174718046585
Sst,7083.713899425335,16017.028964272327
Sst,7078.606731344676,16007.292489086907
Sst,7092.6509278841095,16004.362095936487
Sst,7086.521397830082,16000.435517478094
Sst,7078.97085121754,16004.473750231065
Sst,7073.5312946654885,16014.078213433333
Sst,7080.892746079437,16020.326632710907
Sst,7072.457361941425,15993.792610063638
Sst,7077.68973845413,16017.566741085757
Sst,7073.945316392419,16006.914704471774
Sst,7076.43979185952,16002.855635679076
Sst,7098.437535705062,15985.55003388917
Sst,7082.254735176638,16013.08353520707
Sst,7090.304457496789,16007.453297707178
Sst,7082.794333936941,16010.774943193988
Sst,7071.732712185523,16021.127200262536
Sst,7148.984944263178,15060.351240517157
Sst,7139.851921550298,15726.578018753346
Sst,7156.637759308663,15181.593755744914
Sst,7149.076576750297,15175.019261746887
Sst,7162.098986751568,15164.364258218951
Sst,7164.734196452517,15252.021683793946
Sst,7190.038457105973,16125.804351499133
Sst,7192.361212554659,16111.415652796675
Sst,7177.549597626374,16113.256719382825
Sst,7184.566582696824,16110.39925029815
Sst,7183.0060946217245,16119.534862668625
Sst,7196.5348194808885,16126.643987431784
Sst,7187.628083610251,16125.453914916665
Sst,7203.801359485458,16138.126542068889
Sst,7184.005233587849,16132.329987176458
Sst,7192.118671750737,16129.915945261198
Sst,7185.568843137836,16132.67782099063
Sst,7190.572717685334,16125.335504884943
Sst,7181.75906722769,16124.490254387249
Sst,7174.620147074627,16132.821226953853
Sst,7190.4472597048525,16114.485990514155
Sst,7191.118108796607,16089.556680628835
Sst,7181.536511721254,16087.373932830358
Sst,7185.289561839457,16077.497984971777
Sst,7185.837744947516,16084.327106521496
Sst,7164.559766824114,16080.922149005783
Sst,7181.629875424858,16068.8215234875
Sst,7185.639067978745,16082.831643752523
Sst,7184.6895129760305,16077.04615830349
Sst,7184.868047828716,16085.409044785725
Sst,7171.468807880315,16066.417930826883
Sst,7190.846870136959,16092.049008561105
Sst,7195.167857279062,16085.632049909238
Sst,7175.998606711952,16080.879103472927
Sst,7177.914595676315,16067.347384741131
Sst,7180.422294066487,16062.668043994292
Sst,7189.931025563621,16084.179533327917
Sst,7189.610561434425,16064.204102279462
Sst,7177.977300855328,16074.461969216793
Sst,7186.139654789742,16085.112096950259
Sst,7179.314155946605,16090.50470681328
Sst,7169.3927574194795,16068.178111322479
Sst,7199.750540815888,16075.907230964554
Sst,7184.736337750698,16085.189801002865
Sst,7186.82791254533,16078.490986452452
Sst,7184.663385508314,16059.832914011942
Sst,7184.33498413684,16062.910180296953
Sst,7193.284773202607,16076.823598172066
Sst,7338.786051043617,14284.292982553687
Sst,7361.1359803891455,14296.971380672318
Sst,7358.58939630076,14283.668088733963
Sst,7354.846029310552,16316.532039923195
Sst,7353.417772034954,16292.567822229164
Sst,7362.567747691426,16307.433038988094
Sst,7353.439149832735,16305.815673132169
Sst,7356.535230881392,16304.639486208076
Sst,7362.014081716897,16306.344933544176
Sst,7362.347795561448,16306.187067703866
Sst,7349.060052548718,16301.950639837776
Sst,7347.669127065866,16297.99124562299
Sst,7535.63680485152,16525.957345508057
Sst,7570.281191513079,16621.330059711545
Sst,7602.371926257679,16641.920785253897
Sst,7584.398261071043,16632.522590912922
Sst,7585.129143540273,16643.67709323365
Sst,7595.24333526934,16635.248686063445
Sst,7602.078504622091,16606.898279584882
Sst,7586.74569530055,16622.6254250666
Sst,7587.920743079977,16640.64904608555
Sst,7593.743840577038,16635.979811354806
Sst,7592.951720262062,16616.87585139481
Sst,7587.0512882563935,16624.468294183698
Sst,7600.232782615808,16648.67551433869
Sst,7585.689686485319,16629.969298889482
Sst,7603.5856439057015,16634.93161405284
Sst,7575.948946184047,16637.047704881
Sst,7584.825808614299,16635.65867899399
Sst,7588.5859648570295,16614.441620693608
Sst,8013.574906866522,16511.76981295011
Sst,7996.599258560614,16497.79706141201
Sst,8018.930878829276,16512.366466307427
Sst,8003.090327400495,16497.038263002418
Sst,8000.546428274818,16496.80375301102
Sst,8006.483828213792,16504.090083390918
Sst,8000.111486404644,16507.93575348723
Sst,8000.557426349234,16490.71913926613
Sst,8012.311835581736,16499.041785327157
Sst,8001.40774597956,16514.943555715578
Sst,8005.442965046141,16499.873812869846
Sst,8031.085717475379,16488.790455508773
Sst,8595.96143326491,17808.474206795967
Sst,8634.501906947115,17183.16955045892
Sst,8629.375102697222,17131.335066311134
Sst,8709.931721295217,17660.021392655108
Sst,8699.578510641695,17628.305500606533
Sst,8711.01296476517,17645.663509940267
Sst,8710.588919897466,17643.164447584553
Sst,8713.459707082808,17639.262387450228
Sst,8714.932744808559,17640.282629116722
Sst,8700.065549058414,17642.92053379239
Sst,8697.457487210435,17648.067624932482
Sst,8719.658987494036,17645.155577224366
Sst,8713.307667708388,17643.30842860213
Sst,8694.836233358164,17648.914416087497
Sst,8708.675773156441,17651.854430817526
Sst,8707.377256505724,17636.18289243734
Sst,8707.880091273273,17641.110968887373
Sst,8696.454638278747,17643.033471821385
Sst,8715.58240327241,17648.157335275122
Sst,8706.672326401987,17649.850302439005
Sst,8715.164587006102,17646.553899761773
Sst,8727.910878759869,17643.658372479298
Sst,8704.00113085813,17648.25213116966
Sst,8718.911564517832,17638.83306676932
Sst,8693.4886355576,17645.947259504268
Sst,8697.314807267281,17645.040623490302
Sst,8700.440046161671,17644.806967891487
Sst,8692.723103489434,17649.634251580406
Sst,8722.742298136682,17640.750381635884
Sst,8711.87879769407,17640.82701118564
Sst,8698.275469609178,17647.537139004253
Sst,8713.081669722475,17654.549644368395
Sst,8712.818707478384,17649.809831279108
Sst,8695.557404715402,17644.832628450218
Sst,8697.84191153622,17641.08588637948
Sst,8707.99912317226,17645.25515116259
Sst,8703.415702528122,17635.60187598973
Sst,8728.543297849303,17639.43614755766
Sst,8694.3172926076,17635.285020571522
Sst,8692.983162611676,17645.466303844627
Sst,8700.969279205305,17641.818297640737
Sst,8720.8704644025,17628.992044056147
Sst,8774.596946979007,17441.04084672634
Sst,8758.149094442162,17419.415458564257
Sst,8776.94783114172,17437.010827283113
Sst,8742.685231058444,17420.78407163909
Sst,8746.790388527568,17418.49611268112
Sst,8762.383369301537,17417.29939986343
Sst,8753.426153026572,17431.20610739881
Sst,8747.728986793762,17408.672326370837
Sst,8753.239836176224,17411.304870481592
Sst,8773.438943026496,17423.43993804439
Sst,8747.124250716335,17425.875288463445
Sst,8769.949876520157,17424.19616018343
Sst,8756.61282974169,17421.435668744147
Sst,8769.868236501114,17459.775077849634
Sst,8763.353220371084,17420.222086969643
Sst,8751.832530869766,17415.22622398917
Sst,8760.776480846866,17414.01437939954
Sst,8806.987647923255,17187.57285238021
Sst,8823.110301480227,17749.762501345125
Sst,8801.620882805857,17747.337494868978
Sst,8831.919792131808,17745.772814679087
Sst,8816.01665841481,17743.394765860852
Sst,8844.138970948252,17762.06100650938
Sst,8824.672131501762,17759.324353947664
Sst,8835.801935961126,17743.756976230725
Sst,8843.887775234216,17739.911191149153
Sst,8831.961778715124,17753.85836395501
Sst,8830.69545224139,17760.547137690788
Sst,8830.286949610263,17751.679786825156
Sst,8830.435008557286,17745.852722081447
Sst,8825.606615420897,17743.908967581978
Sst,8834.560683226662,17742.393160285108
Sst,8826.053848603742,17762.983220273316
Sst,8824.080686486235,17754.40237929122
Sst,8821.063109606246,17749.0575368467
Sst,8810.854741116049,17765.20497740375
Sst,8841.824517563673,17734.69530639147
Sst,8845.115506381802,17742.48707623352
Sst,8836.616485191578,17744.32546983957
Sst,8833.74501989086,17748.474815957907
Sst,8830.012480266476,17758.64485654614
Sst,8821.712916178338,17744.963648338617
Sst,8821.460630128833,17748.58395986929
Sst,8831.779317438408,17739.456800052925
Sst,8838.7424384714,17751.192747873167
Sst,8859.876766222176,17184.422959216274
Sst,8861.930457218663,17744.876281744844
Sst,8863.768774704386,17748.208071334386
Sst,8844.26748061301,17776.780621216647
Sst,8849.852886616858,17750.223553041084
Sst,8863.524885187353,17767.84399137979
Sst,8851.564877747462,17751.638915122232
Sst,9089.014403456507,17416.387824269117
Sst,9100.635368092944,17400.398605835442
Sst,9310.216592667939,17242.607285110655
Sst,9304.10451830765,17253.820910735667
Sst,9303.372143736404,17266.601164527114
Sst,9296.469872759975,17265.131650642197
Sst,9295.80988215831,17249.12144125308
Sst,9305.15626724874,17249.078514222358
Sst,9297.7791450016,17258.181114131945
Sst,9323.8293257793,17235.930533810257
Sst,9306.75905809667,17231.526860897193
Sst,9314.535811434118,17214.746425911428
Sst,9309.922742655728,17203.58208466307
Sst,9311.842651747656,17219.881731722973
Sst,9306.790100270855,17213.57860834609
Sst,9306.522795835552,17204.27440797819
Sst,9300.651638396857,17206.339174258508
Sst,9315.787425531922,17204.303549650922
Sst,9311.143767360098,17203.69571076574
Sst,9306.878374403992,17216.835882612937
Sst,9300.699445613507,17209.304035957277
Sst,9303.235488339464,17198.36421616586
Sst,9305.316151595753,17219.361063284654
Sst,9304.420552696636,17219.04165234126
Sst,9307.334464790336,17204.395051065334
Sst,9302.932085606582,17198.16100877215
Sst,9307.607685554898,17215.99770900277
Sst,9309.823427453175,17201.585387752577
Sst,9311.16230212799,17220.647072294032
Sst,9302.596767489398,17193.365012265764
Sst,9308.89389947563,17222.516913516105
Sst,9401.866429844165,17481.350623419894
Sst,9592.86315521132,17362.817019453043
Sst,9578.680764837382,17363.38448861621
Sst,9579.016006327689,17365.707558621467
Sst,9588.871652961747,17371.429249798966
Sst,9580.31171949885,17372.705760406716
Sst,9585.811571283548,17383.602325536853
Sst,9584.95469028251,17380.584163586394
Sst,9584.178662500779,17375.39431532316
Sst,9597.46279523679,17387.73761918735
Sst,9583.339555988985,17377.51267306842
Sst,9589.720794769899,17378.339696082832
Sst,9591.787679266126,17387.76763526151
Sst,9592.209713309616,17385.48386793294
Sst,9585.934167841664,17383.84430741229
Sst,9589.496077093563,17375.52041893833
Sst,9576.429954635454,17374.442203083152
Sst,9586.725838479008,17392.74083013665
Sst,9585.927987047591,17360.28170703458
Sst,9602.249963835488,17386.391981823752
Sst,9594.466621751038,17398.36589257691
Sst,9590.759836502897,17365.6108998465
Sst,9584.038189461298,17371.703448244672
Sst,9590.058428539729,17384.217714523053
Sst,9583.367484499615,17377.84595418937
Sst,9597.859866116256,17377.09798770248
Sst,9576.782668063708,17381.634648841624
Sst,9580.806481272546,17377.31582944769
Sst,9578.478041501585,17406.33564788882
Sst,9591.93807795675,17373.82923156109
Sst,9577.12758989226,17361.010142885447
Sst,9587.928967690399,17396.947846248935
Sst,9578.638511889305,17361.947988436015
Sst,9582.362634265075,17387.736932558568
Sst,9590.179558309737,17376.26207987519
Sst,9573.909221990532,17381.884926244657
Sst,9586.539594335803,17380.29804315482
Sst,9589.090916883302,17382.372045375967
Sst,9593.282781626005,17393.634017885215
Sst,9607.656906249165,17392.15271441673
Sst,9599.460336390843,17384.214896021236
Sst,9588.577025874914,17387.903232352164
Sst,9590.569070330144,17377.282827593135
Sst,9588.690188375227,17384.800034730553
Sst,9593.132078566927,17380.03095943423
Sst,9591.185909712527,17374.973653241024
Sst,9593.22909300217,17368.603123270666
Sst,9605.767024549099,17381.610412660997
Sst,9586.375867387234,17366.2572114855
Sst,9605.835408630182,17950.620636490723
Sst,9597.037659124871,17948.135163259005
Sst,9588.692744350534,17959.644765553352
Sst,9593.319141465914,17958.44651391827
Sst,9590.397377868905,17961.623316594174
Sst,9582.654062624932,17966.059168864314
Sst,9599.357218893108,17963.722258564874
Sst,9582.843426579964,17943.080779450935
Sst,9596.734742463555,17948.17192112357
Sst,9597.761085942511,17961.56919107592
Sst,9601.588554203727,17955.998967033058
Sst,9587.26928779001,17952.88432721722
Sst,9597.315870715292,17942.118560626124
Sst,9588.559171999572,17936.74754422878
Sst,9599.783181930343,17938.600422684594
Sst,9596.83339256032,17954.076836269407
Sst,9583.929751245792,17949.805638926024
Sst,9576.7539308039,17960.996473764673
Sst,9571.115104357375,17961.0391452163
Sst,9576.894720890408,17944.95247014901
Sst,9594.021776894688,17953.513784345603
Sst,9580.061547235395,17967.635437076573
Sst,9583.586854313726,17961.971412449908
Sst,9589.802115857168,17950.235813829106
Sst,9599.401145544976,17957.875692755653
Sst,9579.154804210584,17939.46362492129
Sst,9593.654327614042,17962.25103874948
Sst,9581.97798528997,17958.850003665237
Sst,9583.031995209738,17976.361516559406
Sst,9603.980986056124,17969.36617313739
Sst,9699.588731860318,18111.177617050897
Sst,9699.639557906936,18115.333910420322
Sst,9667.886613204177,18108.63444759745
Sst,9696.166812927058,18112.56804266173
Sst,9704.509895690651,18146.16128195596
Sst,9699.669576587106,18159.007203094585
Sst,9699.866036418898,18150.59525933309
Sst,9823.21071849794,18044.938427398854
Sst,9814.837170536115,18049.77613719285
Sst,9804.645735350421,18049.746702193115
Sst,9812.78492937775,18062.773480511663
Sst,9830.237565481144,18061.686024420418
Sst,9830.588819372995,18077.56907213703
Sst,9806.90559284188,18061.18637799077
Sst,9829.723366992122,18060.04907075407
Sst,9836.359838976945,18053.2828968047
Sst,9831.669352913874,18052.422049961286
Sst,9824.654963586898,18061.276326549876
Sst,9813.322275020115,18056.62041009408
Sst,9832.005963522046,18065.315141285613
Sst,9833.66904571451,18051.48405823875
Sst,9833.205570195505,18060.996262119046
Sst,9831.592412838152,18061.239791390344
Sst,9824.487689627917,18051.87494104731
Sst,9824.245906922652,18056.34088974317
Sst,9838.957384180463,18053.170682753607
Sst,9828.564481863266,18084.440062221413
Sst,9836.842854820554,18045.11992535589
Sst,9828.667643959769,18071.306577200485
Sst,9826.521451409688,18052.07249963062
Sst,9830.885008838246,18064.777538935174
Sst,9825.945038048509,18067.84802171953
Sst,9832.435349023113,18059.8453038444
Sst,9838.987157228119,18056.826641296575
Sst,9820.791534034084,18048.3336828958
Sst,9825.250965010075,18065.314617645694
Sst,9823.802171529464,17778.586823202168
Sst,9977.660754223523,17676.065002361716
Sst,9997.24660354049,17339.519520199934
Sst,10121.670313934263,17877.458769488712
Sst,10178.507595462394,18199.230564949765
Sst,10164.317603462545,18201.805926702913
Sst,10161.710016946048,18202.57658702276
Sst,10158.78742739576,18197.273891468496
Sst,10655.710510568999,18041.834550579148
Sst,10664.928624712444,18036.958791127538
Sst,10671.719089699482,18037.579350171534
Sst,10663.11033379668,18041.053265939627
Sst,10654.451471821349,18057.330942567085
Sst,10681.490295114198,18057.03416437271
Sst,10665.728611789627,18042.05352496214
Sst,10685.400837532588,18052.334676772116
Sst,10661.112851902286,18036.938077583432
Sst,10670.864559770578,18049.644092485316
Sst,10652.11270649243,18032.694247758773
Sst,10658.09603935738,18051.724842083062
Sst,10673.920099320043,18033.177034759803
Sst,10654.013876608435,18045.46571031824
Sst,10665.270405328954,18047.709115830192
Sst,10681.254770177624,18065.596556760036
Sst,10670.708696026362,18030.973676001602
Sst,10667.16050062072,18041.385364129696
Sst,10667.444178310188,18044.899899537544
Sst,10655.136043036742,18038.90700029181
Sst,10658.88471067787,18043.523807183683
Sst,10672.058871813631,18046.96204378683
Sst,10678.131359231791,18050.281688387426
Sst,10670.750608388922,18052.73524539579
Sst,10686.241345448354,18037.3029095369
Sst,10648.37510845865,18040.05427019382
Sst,10652.308723960068,18042.701506692432
Sst,10647.680917097356,18052.482263020836
Sst,10673.940984386463,18061.727245983617
Sst,10672.292109503713,18056.405587781424
Sst,10674.268035633453,18047.52204370583
Sst,10672.82632491854,18036.482487861416
Sst,10660.691851954509,18046.65561487333
Sst,10690.245856978609,18336.05985289143
Sst,10709.92760354879,18219.149660569503
Sst,10692.969380599805,18231.55182596077
Sst,10703.607063114763,18236.87162260164
Sst,10703.826952188458,18211.184217924983
Sst,10687.633799274385,18213.616194179187
Sst,10701.727171500432,18223.417177349504
Sst,10870.27188094293,17850.515540934633
Sst,11236.359002732492,18203.00581518077
Sst,11232.132424041965,18211.389038997524
Sst,11238.243740837794,18215.49650010519
Sst,11383.735022545121,18254.769757464117
Sst,11387.849140679577,18263.53786862197
Sst,11383.835393877405,18273.68980175056
Sst,11388.803877993241,18257.187772577494
Sst,11395.893857853596,18141.38853853527
Sst,11394.127384780702,18117.837324933495
Sst,11409.327698047162,18131.636318009954
Sst,11404.550537882957,18136.61872167606
Sst,11419.827629912621,18151.63909590923
Sst,11406.271962120265,18126.626235329717
Sst,11393.738392541549,18158.167575052317
Sst,11403.084227754925,18137.044756781568
Sst,11394.57791540646,18146.152363014862
Sst,11414.802531548348,18133.11197943924
Sst,11384.813629861637,18128.182077078985
Sst,11415.888578293323,18133.9127517409
Sst,11412.274167899974,18127.619671914006
Sst,11388.915257516775,18138.75306020743
Sst,11397.137096159198,18142.70369983641
Sst,11384.850429357268,18143.069451922296
Sst,11422.526028273398,18136.62164368961
Sst,11402.815345856141,18140.961292946617
Sst,11410.75084458672,18135.72434399415
Sst,11396.987949007544,18142.560444292678
Sst,11398.155440396795,18146.63759597287
Sst,11396.285401952495,18140.15205956624
Sst,11400.569864566762,18147.230203551528
Sst,11400.186383453518,18136.6959647005
Sst,11405.29048947882,18130.34739775654
Sst,11409.313686263562,18135.997774353644
Sst,11400.440061840887,18129.996890047703
Sst,11396.547455555203,18144.540808326572
Sst,11408.241343805501,18141.446434445337
Sst,11396.433064993409,18131.590743210345
Sst,11387.348422770163,18148.323872881487
Sst,11398.134628628228,18136.877732401987
Sst,11404.359264998093,18126.680051373725
Sst,11385.378069960192,18145.55140820541
Sst,11399.14146937859,18141.13724982251
Sst,11395.089293383679,18138.83981082978
Sst,11405.470011862502,18116.809381623814
Sst,11411.163143397698,18139.397876691462
Sst,11410.229365419476,18131.532671488494
Sst,11535.052946101217,17741.601343986935
Sst,11760.909120736438,17962.881135928368
Sst,11760.488139331146,17980.014841403263
Sst,11750.397957561136,17962.891779206493
Sst,11751.328550466225,17955.916304642
Sst,11753.923259712694,17971.685219128005
Sst,11754.591529320296,17981.37676684852
Sst,11747.715841470539,17956.308832980772
Sst,11744.05534427231,17939.937911931996
Sst,11747.591566389076,17967.37548486133
Sst,11745.203746705578,17962.99268286681
Sst,11762.510871895112,17963.402976634454
Sst,11747.755637040946,17988.051029435093
Sst,11740.746094880216,17957.59430663125
Sst,11751.735573389387,17975.134370108823
Sst,11778.94827062168,17953.165310174503
Sst,11767.42791149763,17738.58899357425
Sst,11767.706318397251,17945.90742182984
Sst,11761.563599206587,17952.603965664257
Sst,11769.43533400547,17938.326329863896
Sst,11761.398618813864,17959.201517359255
Sst,11763.148267988618,17953.026866255215
Sst,11755.729850894104,17953.900941779073
Sst,11764.09319752349,17933.844541643142
Sst,11753.697691268242,17940.13373340798
Sst,11815.320124324855,18074.440784803617
Sst,11810.681897118515,18089.266618628306
Sst,11810.140840231541,18083.857979781948
Sst,11824.896376428727,18091.279138343398
Sst,11804.328975311602,18087.789925634144
Sst,11808.974107266027,18097.122756051198
Sst,11802.254616516515,18072.284893669457
Sst,11806.522962865889,18083.28126109373
Sst,11805.31881033903,18092.026646747174
Sst,11831.907168327798,18081.498521962818
Sst,11821.485400018611,18071.35534628481
Sst,11938.60768190211,17996.49226320346
Sst,11948.406455099292,18006.43060692315
Sst,11952.877724093885,17997.71516306576
Sst,11954.39215497619,17991.431763914134
Sst,11932.580409232223,17995.394502271014
Sst,11931.898576682432,17984.66923919384
Sst,11936.437754199298,17982.38728747579
Sst,11933.853972693347,17983.9994056742
Sst,11950.559025256476,17971.96156907557
Sst,11952.583910087546,17989.34223979164
Sst,11947.214394258404,17996.32175787148
Sst,11949.39421916539,17983.193066322427
Sst,11951.402564480406,17990.68268325923
Sst,11935.440839778885,17986.462826228497
Sst,11936.861129556655,17981.7499355446
Sst,11946.725132778694,17988.237279340545
Sst,11937.921621996718,17989.71914853968
Sst,11947.628462472205,17978.0356912842
Sst,11941.700189376306,17980.530757200086
Sst,11933.394408744194,17991.155322548584
Sst,11926.946784415486,17985.632937961294
Sst,11939.485054621806,17983.66605960941
Sst,11950.519041052008,18000.26523963518
Sst,11938.192035651466,17985.127231830145
Sst,11928.630980919765,17996.706974416335
Sst,11941.321831905525,17991.24018717293
Sst,11929.72055992245,17989.691029697522
Sst,11940.286428908315,17986.807540594
Sst,11957.803423947125,17998.602587754503
Sst,11936.063438849878,17990.25396748151
Sst,11951.435598742068,17995.621881962325
Sst,11937.5317945268,17991.25307297292
Sst,11943.508557267449,18007.77639082582
Sst,12250.633325277566,17335.642271754958
Sst,12264.569599731347,17292.693794405244
Sst,12308.960730778259,17786.46540161602
Sst,12286.812932112482,17781.274657926708
Sst,12301.626602114718,17773.716400007954
Sst,12298.787325646383,17779.671990281393
Sst,12319.57613759577,17784.140050391623
Sst,12309.474332510066,17794.108019430212
Sst,12377.212960577292,17188.39687940583
Sst,12475.44286776717,17593.251768116297
Sst,12473.867167939738,17597.268667618704
Sst,12483.127764442293,17625.508030899487
Sst,12465.656853592822,17602.55743716495
Sst,12488.341832311227,17598.546582109346
Sst,12472.160593795297,17595.63758702843
Sst,12503.622683551526,17616.3314255212
Sst,12516.73099916081,17624.264557675153
Sst,12487.588555667784,17638.434313284328
Sst,12521.0230694036,17592.21698103075
Sst,12516.394391536445,17597.021565637944
Sst,12515.933930483283,17583.07104925765
Sst,12509.393479832745,17591.74337273088
Sst,12510.635602228576,17583.08234565438
Sst,12518.289768488386,17597.716500911843
Sst,12501.75422721364,17594.4864731553
Sst,12501.090763640601,17585.4550670213
Sst,12513.92338982041,17582.35800886481
Sst,12517.424842706345,17575.455085017747
Sst,12502.37687355009,17597.215375593783
Sst,12505.909559147374,17588.18428628178
Sst,12511.991215160244,17585.39776222789
Sst,12549.974088401515,17068.8739695861
Sst,12597.366526521822,17569.58664017259
Sst,12604.535930241107,17576.325870808498
Sst,12596.346467104117,17594.667822044343
Sst,12600.37649053378,17577.78274022389
Sst,12613.782595710625,17585.459930177552
Sst,12595.947632225865,17578.999276355655
Sst,12636.382656855229,17526.58702030772
Sst,12637.67951752706,17540.342541380534
Sst,12640.966948556932,17527.300409015083
Sst,12626.849668639263,17536.624170062878
Sst,12627.39434827862,17529.96317048628
Sst,12629.583072049645,17538.078118382487
Sst,12652.516588983257,17516.183931423202
Sst,12658.421450351198,17521.569856509104
Sst,12657.628951727786,17529.11783798069
Sst,12648.874254916023,17523.755460876127
Sst,12640.735073115075,17521.263356667645
Sst,12667.154162217032,17520.394496427238
Sst,12661.935572775148,17526.854603269017
Sst,12660.35066221478,17519.684608735028
Sst,12631.930946233873,17525.151580696594
Sst,12804.6702114934,16566.155963061425
Sst,12811.135199980341,17324.23494111869
Sst,12824.268022500582,17316.83635241792
Sst,12822.95089292478,17308.28100049895
Sst,12817.5085541356,17307.93401074454
Sst,12816.33438853393,17313.41488862679
Sst,12813.135476195592,17320.987110911545
Sst,12808.789046082404,17332.28103101844
Sst,12811.73783241376,17326.950447831045
Sst,12822.554610074076,17309.031942486385
Sst,12824.673710433817,17330.74038954283
Sst,12826.129785669582,17314.222847371326
Sst,12822.152179571283,17319.904373310463
Sst,12827.306815757685,17323.06713775282
Sst,12828.60780674828,17319.321000532247
Sst,12812.696457913102,17316.146961353654
Sst,12894.59814448152,16451.330840923532
Sst,12904.637311080982,16465.675291060652
Sst,12912.79777424322,16461.456120630126
Sst,12902.656731849078,16441.65466842078
Sst,12900.663122991844,16456.86204761802
Sst,12903.399457315929,16461.4066053937
Sst,12901.569270923439,16454.081079687487
Sst,12910.820612104873,16457.98596251319
Sst,12890.53495350551,16458.64748702014
Sst,12942.085047046792,17147.18538185915
Sst,12948.494933536078,17155.144944796764
Sst,12946.98245012891,17145.457580352202
Sst,12956.687419737496,17147.81463440687
Sst,12968.343654574832,17147.78948294596
Sst,12941.847831646543,17140.359022102366
Sst,12956.106577050137,17165.534031991756
Sst,12951.97844997592,17165.38997231158
Sst,12936.115702769395,17134.12210779854
Sst,12951.997353753883,17174.646515965498
Sst,12943.85499915621,17147.965887506358
Sst,12946.70925066564,17163.830305535583
Sst,12944.464160156056,17167.625659649093
Sst,12947.60104914531,17157.330825192967
Sst,12951.811496035403,17147.78495065423
Sst,12945.342780736017,17149.314533079363
Sst,12952.834751110371,17161.345580120724
Sst,12957.927978250722,17163.14353006188
Sst,12944.287018724901,17145.5700516746
Sst,13003.277588999754,17088.3832758422
Sst,12996.9001006677,17076.622676384966
Sst,12994.285192288366,17086.235000054505
Sst,12997.933324778576,17090.744109939915
Sst,12995.367455436646,17101.44157220534
Sst,12984.800418424284,17072.02545795986
Sst,13006.296529224112,17105.17218381972
Sst,13000.071930687669,17092.31664351935
Sst,12999.445741943744,17084.531507960706
Sst,12983.303585739995,17075.90186872874
Sst,12961.723016912358,17063.708986036414
Sst,12996.290745193575,17095.440072159032
Sst,12979.861268166022,17075.224025867046
Sst,13000.469970642105,17075.111899201234
Sst,12991.17016141452,17080.347526867463
Sst,12973.605701224773,17069.237397083085
Sst,12992.350002030145,17059.57445362358
Sst,13026.76659160271,17083.316198583936
Sst,13130.421196599073,16955.15744646397
Sst,13117.269311206912,16946.762884483072
Sst,13151.38792642102,16945.193167604928
Sst,13141.816616427872,16967.08352128759
Sst,13126.56224817237,16942.32332467708
Sst,13125.348996763469,16955.09606949538
Sst,13135.177289764832,16925.76602065613
Sst,13144.53837663361,16943.772560469315
Sst,13122.15887929199,16951.77240820269
Sst,13123.271598849478,16953.635103110464
Sst,13125.166827673298,16950.132360796768
Sst,13116.627769343228,16949.1309182914
Sst,13133.810728903141,16945.48584487734
Sst,13136.805556931708,16960.73092473446
Sst,13126.543077355114,16953.915247454497
Sst,13116.92517158953,16938.808607841605
Sst,13116.87811452172,16946.73288630768
Sst,13123.503262903336,16927.987297220556
Sst,13141.852609497748,16943.282777903707
Sst,13127.795256813477,16951.610072877105
Sst,13117.819398075124,16944.019485002118
Sst,13130.767379553816,16938.404130539908
Sst,13127.868348943823,16954.354662754296
Sst,13126.579538808575,16938.430561757563
Sst,13123.708933944677,16936.95044334737
Sst,13128.012875628967,16952.422639626853
Sst,13122.986520695275,16963.613908859897
Sst,13125.9561260797,16961.419874643136
Sst,13140.035389791725,16940.9632444546
Sst,13191.63388064783,16401.831184835806
Sst,13255.524192765943,16568.289557557415
Sst,13334.752320693695,16880.177620192535
Sst,13323.832217308887,16874.33025339026
Sst,13311.271210181638,16873.934923358433
Sst,13305.248310076442,16860.746640426543
Sst,13334.885176186852,16859.619695930727
Sst,13314.956914268749,16858.59712456277
Sst,13313.693853439925,16866.9020031598
Sst,13321.56179259911,16862.948948294837
Sst,13320.67266587626,16866.647198584084
Sst,13326.438980732039,16858.39104630748
Sst,13310.289508858657,16852.561104406763
Sst,13326.306095694938,16871.735657959784
Sst,13320.488575875059,16874.79606513763
Sst,13318.932654303338,16861.39071499919
Sst,13326.773069718802,16886.14549392698
Sst,13308.967071921199,16874.775589561104
Sst,13335.480892864889,16878.36186548914
Sst,13329.765120330356,16860.70551520375
Sst,13315.760658609906,16865.976407512644
Sst,13316.628353268095,16869.419928983527
Sst,13340.316786744794,16890.397461970686
Sst,13311.703510165766,16872.579833569893
Sst,13317.847626292538,16866.823372976763
Sst,13320.483860657145,16869.513207465312
Sst,13335.858683943889,16866.53407538801
Sst,13323.691372999861,16884.241853579173
Sst,13314.800089884511,16880.36927092435
Sst,13340.84097611474,16746.36091223244
Sst,13352.922878782827,16753.941960747594
Sst,13345.591720154362,16736.519661739017
Sst,13362.89386192174,16750.129736667008
Sst,13350.882638662153,16745.64476926458
Sst,13348.314519109537,16749.14410575794
Sst,13345.505619018739,16736.581887195553
Sst,13342.330464064064,16750.795595600277
Sst,13341.08655325342,16741.164340357893
Sst,13343.87587916605,16746.101965326896
Sst,13345.710094097642,16755.208696787588
Sst,13338.61253248767,16755.20515715201
Sst,13347.700068322465,16748.067510680885
Sst,13363.905207781323,16754.833726457422
Sst,13346.276740327174,16735.28518417277
Sst,13384.390926400069,16798.593236487737
Sst,13375.24126883925,16788.522674839627
Sst,13395.716438206418,16788.699943898057
Sst,13379.8042409311,16783.265437871778
Sst,13391.900305942881,16789.790641419757
Sst,13383.94591613073,16810.132181755045
Sst,13392.281605730304,16811.494072432208
Sst,13375.502631669739,16804.779503663132
Sst,13368.467231405039,16807.24039677719
Sst,13401.154287051471,16785.736726748877
Sst,13370.694565391685,16787.85435376903
Sst,13392.03379910718,16792.932448005544
Sst,13393.442378482523,16793.69426029822
Sst,13391.7285604834,16805.70191696637
Sst,13382.390605616358,16800.632621385605
Sst,13385.260305708873,16803.229359034347
Sst,13386.411336042727,16813.46337158179
Sst,13394.937991501072,16795.26068471384
Sst,13393.023587841559,16788.129832176957
Sst,13383.318708045888,16799.643817967124
Sst,13388.1466219088,16806.367355929484
Sst,13377.949175189575,16777.93964107993
Sst,13402.44188724647,16799.476943708687
Sst,13385.501991484229,16789.612281622456
Sst,13376.419141205159,16796.699411682323
Sst,13396.313079395137,16803.81208832092
Sst,13394.866537929516,16804.286776800855
Sst,13383.408682861076,16793.680722413752
Sst,13381.23607400541,16797.76264970412
Sst,13394.997762651443,16807.107050029943
Sst,13383.900584191038,16802.701863191603
Sst,13379.278961688697,16794.064421009345
Sst,13389.542108074154,16794.254359868788
Sst,13384.124679130342,16790.05812957642
Sst,13373.064089638512,16817.12661667401
Sst,13386.508795792637,16797.278050072207
Sst,13386.666391715653,16795.9372983415
Sst,13384.852318702067,16810.156306147204
Sst,13384.788803454221,16788.000049078066
Sst,13384.105358801353,16789.058423470564
Sst,13372.842481220949,16792.58736905761
Sst,13384.84092353429,16797.634322729366
Sulf2,6889.357919417258,14516.18966445958
Sulf2,6985.539944445452,15020.40406990421
Sulf2,6989.4513576992495,14961.428402861231
Sulf2,7021.888418055182,14306.613623734242
Sulf2,7021.622635859513,14312.616029432846
Sulf2,7024.135820796099,14326.252084206037
Sulf2,7031.3663476071015,15044.39906209949
Sulf2,7064.144354642373,14923.000852893494
Sulf2,7115.786301198544,14634.364594957367
Sulf2,7138.45556170444,14324.916378223013
Sulf2,7149.817266147126,14308.955668701332
Sulf2,7346.024301724762,15549.787092132268
Sulf2,7973.070002476301,16446.569259794327
Sulf2,8870.427398012787,17766.909032257136
Sulf2,8891.897417886816,17248.17062803717
Sulf2,8909.912850451381,17374.552339319023
Sulf2,8913.140489544998,17370.301189539212
Sulf2,8906.345488727124,17366.643436653565
Sulf2,8978.873105006955,17225.59349046712
Sulf2,9226.469481040021,17374.958682748045
Sulf2,9220.354222280552,17376.03903328785
Sulf2,9245.023562339144,17390.407905711287
Sulf2,9312.716812656101,17245.30123811315
Sulf2,9303.563131463103,17248.706578566813
Sulf2,9491.602401176357,17593.41433044163
Sulf2,10609.708074546677,17860.46480011206
Sulf2,11271.19492611463,17799.393412138932
Sulf2,13146.539514103815,16553.5899037828
Sulf2,13151.144789640495,16556.726675314036
Sulf2,13375.12263771453,16811.86967698812
Sulf2,13446.123952573525,17127.43078806607
Synpr,7022.429607454251,15583.285760493065
Synpr,7290.320240391336,15078.977069495344
Synpr,7284.912237122218,15190.8521061707
Synpr,8000.556975753942,16501.462614477656
Synpr,8414.171702198364,16832.390356098284
Synpr,8645.221477648585,17061.125809179008
Synpr,8771.724487186466,17172.20017006754
Synpr,8959.857983436068,17985.687536579313
Synpr,13064.107497224544,16974.75971484697
Synpr,13353.470301588419,17083.68009270286
Tac1,6276.34765391934,14592.114692436135
Tac1,6725.435985317089,15396.076257333436
Tac1,6723.6874948728855,15384.718623417839
Tac1,6846.9777794405845,14096.648872732232
Tac1,6948.593748501769,14377.589481570569
Tac1,6960.591488939555,13759.749481928002
Tac1,6975.97803640275,14101.89100021892
Tac1,6977.337175580029,14088.383024469551
Tac1,7107.809893199955,14672.866688449783
Tac1,7139.131704851213,15740.296100441103
Tac1,7150.446711514612,15737.627986653983
Tac1,7142.066289876928,15738.139890009186
Tac1,7178.218535378822,16122.453456633926
Tac1,7461.723250253777,15887.357979724116
Tac1,7613.53848978168,16371.001099610236
Tac1,7957.662810784907,16488.562279938502
Tac1,8005.45523882973,16472.301431701562
Tac1,7981.4220797239905,16462.94016484861
Tac1,7990.8635017981405,16468.733937752917
Tac1,8093.13327244122,16703.86776388089
Tac1,9085.768785394754,17446.757815618177
Tac1,11055.74609152541,17882.82301441799
Tac1,11212.003115445124,18219.94814849264
Tac1,12191.113686555576,17837.33498319126
Tac1,12476.423664945132,17134.28914711846
Tac1,12558.074895065456,17504.56588947732
Tac1,12567.455257664116,17495.75586081265
Tac1,12585.117691547845,17498.89516476345
Tac1,12556.799516862813,17504.43549413603
Tac1,12571.024300776024,17487.95484973205
Tac1,12609.131637780582,17566.30640292042
Tac1,12593.535946158681,17585.565912483842
Tac1,12589.404169339292,17578.654037386175
Tac2,6442.860850808109,15054.698079945085
Tac2,6425.243346836737,15052.83590566981
Tac2,6597.561844038463,14700.151446326388
Tac2,7277.700833684319,15085.291326020573
Tac2,7796.653249109736,16394.583181257658
Tac2,8753.702064177065,17106.446436215923
Tac2,8972.744798617472,17290.133154694096
Tac2,10151.954197584957,17697.906025380908
Tac2,10174.967232575831,17755.085834081172
Tac2,10761.01055337241,18016.926691493354
Tac2,10758.809797418377,18036.356919043348
Tac2,11916.714763172182,17628.70129919223
Tac2,11984.416389569971,18266.60241400788
Tac2,12142.590584550022,17499.426472404986
Tac2,12265.953881086436,17334.100032402075
Tac2,13181.106360393358,16365.925212182063
Tac2,13306.992901604968,16867.35680435638
Th,6870.303061335409,14646.33588289394
Th,6969.22852779082,14042.190397597684
Th,7066.988198490313,14233.584298445005
Th,7528.625198043758,16043.474739123361
Th,7597.495426518079,14530.27012798053
Th,7794.084908067881,16332.443044899841
Th,8554.738286196902,16992.38302829204
Th,8774.460112314337,17121.226592478448
Th,11973.787275684235,17655.938470287074
Th,12787.9280382026,16647.705868678953
Th,12820.95985691907,17332.547557844067
Thsd7a,6912.834433166844,13758.501935206064
Thsd7a,7450.289871448681,15635.982552820891
Thsd7a,7429.66697952958,15625.336748047679
Thsd7a,7572.323966269974,16636.48504458377
Thsd7a,7631.311830742313,16386.86312611833
Thsd7a,7658.824961773939,16101.210125907422
Thsd7a,8505.758104934048,16896.5235013757
Thsd7a,8706.867096449709,17638.270290876037
Thsd7a,8709.065138672804,17638.664078516835
Thsd7a,8888.410874910138,17207.135698075563
Thsd7a,9206.512702489648,17352.379779903596
Thsd7a,9484.77412730153,17444.427126033326
Thsd7a,10930.67332149711,17828.030552623983
Thsd7a,12199.984921372201,17340.17257233616
Tmsb10,6174.937202760925,14245.17341073065
Tmsb10,6152.928433612395,14243.007657623913
Tmsb10,6192.0063364699145,13725.770170833723
Tmsb10,6205.806336250194,13729.259029499935
Tmsb10,6174.9017204678075,13720.114523386283
Tmsb10,6184.932775213742,14163.948876147548
Tmsb10,6199.383802104469,14166.68505003136
Tmsb10,6197.706761017723,14184.58501158663
Tmsb10,6204.87681531716,14195.223109790446
Tmsb10,6189.985479601905,14175.738553254765
Tmsb10,6256.335453348352,14380.966507996189
Tmsb10,6257.626863266919,14392.9996959323
Tmsb10,6251.378769159208,14389.474098178396
Tmsb10,6321.344000120376,14262.963047501906
Tmsb10,6328.780910186839,14261.234266930262
Tmsb10,6317.722835710271,14278.900423472209
Tmsb10,6324.771022052426,14262.817625794652
Tmsb10,6330.676190996432,14255.892950210105
Tmsb10,6341.521569788311,14776.834191072938
Tmsb10,6337.2226725028095,14781.443766870927
Tmsb10,6344.657095694164,14813.783591710244
Tmsb10,6324.610386356799,14791.749591237769
Tmsb10,6347.88779638005,14805.062915094228
Tmsb10,6325.845646734395,14778.421229336785
Tmsb10,6348.8908634891295,14799.905297717609
Tmsb10,6339.48835123204,14800.968746223112
Tmsb10,6341.275666130225,14800.88767146563
Tmsb10,6379.150566969522,14452.219169317457
Tmsb10,6403.399601671896,15006.338676848502
Tmsb10,6409.4760108270575,14997.35385383061
Tmsb10,6400.439998701009,15011.888408207225
Tmsb10,6408.98327604208,14992.677032540652
Tmsb10,6391.3668263805,15011.794987018837
Tmsb10,6406.767032976693,14993.36334131696
Tmsb10,6433.48509830059,15065.789227676709
Tmsb10,6435.919253574272,15027.071450006892
Tmsb10,6431.87581544396,15058.629616283377
Tmsb10,6506.9580253763925,15083.593969718746
Tmsb10,6564.66018352699,15324.327115945163
Tmsb10,6594.939637168511,14678.067834914671
Tmsb10,6586.158572518504,14675.956453318606
Tmsb10,6592.409002118421,14695.047748407154
Tmsb10,6616.328272800677,14691.569826180099
Tmsb10,6601.255859898888,14697.084787717184
Tmsb10,6609.132842878034,14696.99050803328
Tmsb10,6602.566151114665,14691.375549464787
Tmsb10,6600.388242466798,14684.441324819867
Tmsb10,6653.0231775099155,14111.396741180422
Tmsb10,6640.304501156955,15530.691212796808
Tmsb10,6668.208337469079,15530.804933085408
Tmsb10,6659.487775027004,15527.075219627084
Tmsb10,6665.98074673459,15533.015746284585
Tmsb10,6798.030289983578,14122.115453572316
Tmsb10,6805.965666627037,14116.658535445307
Tmsb10,6802.870244642192,14110.7965404298
Tmsb10,6825.200998330567,14109.585013091913
Tmsb10,6859.550873977974,14102.324766576625
Tmsb10,6844.6869874302065,14122.336942762062
Tmsb10,6850.059363125557,14687.939159808935
Tmsb10,6844.121249050718,14704.244319316476
Tmsb10,6844.025034605446,14681.332782986761
Tmsb10,6857.120110371773,15758.825508682217
Tmsb10,6851.64192788088,14389.54988783331
Tmsb10,6859.407705994034,14377.470177882635
Tmsb10,6873.966728054719,14395.95364556348
Tmsb10,6868.675456808819,14401.924568876633
Tmsb10,6903.476142953441,14643.273734692299
Tmsb10,6881.711554857007,14641.710043922063
Tmsb10,6895.760799256556,14647.967266263417
Tmsb10,6878.0254420664405,14641.05431654661
Tmsb10,6884.990583035359,14637.43187090607
Tmsb10,6870.855494634669,14439.039454934293
Tmsb10,6885.507929230384,14413.48672903657
Tmsb10,6888.519599041884,14408.6004971458
Tmsb10,6893.0602977428825,13975.354942001031
Tmsb10,6878.599243239286,13972.340075842498
Tmsb10,6886.495030440791,13975.511896075348
Tmsb10,6888.017465792485,13674.641698194575
Tmsb10,6884.270966817092,13686.191356571993
Tmsb10,6869.502226008299,13666.863703266825
Tmsb10,6864.449506079847,13669.265685773431
Tmsb10,6875.340895878198,13688.31502888262
Tmsb10,6892.427662273312,13685.731576396485
Tmsb10,6889.050794721426,14727.961272093917
Tmsb10,6891.544838028736,14735.7039983153
Tmsb10,6898.88252753062,14719.726663286903
Tmsb10,6889.2573353335465,13768.603841601886
Tmsb10,6883.381785880459,14107.77502546218
Tmsb10,6898.36763433428,14115.286771885407
Tmsb10,6889.465843684916,14121.981366389626
Tmsb10,6906.929731414135,14130.989114847956
Tmsb10,6892.426185611381,14124.108166675087
Tmsb10,6884.533170230061,14126.254548971472
Tmsb10,6884.537877818529,14114.248579669242
Tmsb10,6886.750142400809,14114.701594614377
Tmsb10,6899.583147569408,14135.289645963923
Tmsb10,6874.955231221646,14122.322062376265
Tmsb10,6907.154140162889,13907.09242922854
Tmsb10,6892.652758875277,13889.89544161846
Tmsb10,6900.969801354454,13879.528909777908
Tmsb10,6900.666609968338,16001.578070218977
Tmsb10,6917.938309567026,16013.460145303301
Tmsb10,6919.484274844236,16013.331590523632
Tmsb10,6897.023134164175,14229.914001004292
Tmsb10,6923.006787203847,14239.427366612857
Tmsb10,6891.382984423936,14224.548766074278
Tmsb10,6900.179125643879,14222.410160743138
Tmsb10,6910.620846896273,14604.601782203725
Tmsb10,6915.260595701352,14592.69388922702
Tmsb10,6895.195197563958,14592.908985223303
Tmsb10,6894.635970611864,14578.414814394026
Tmsb10,6903.37543793233,14596.139670482655
Tmsb10,6912.409956475478,14602.17341666343
Tmsb10,6896.171465164812,14579.203733204335
Tmsb10,6904.184083889502,14583.25079628675
Tmsb10,6903.375625995141,14585.67545290851
Tmsb10,6910.010218125813,13772.677342603656
Tmsb10,6883.722535315217,13777.027727251472
Tmsb10,6902.936636913475,14523.462174968321
Tmsb10,6906.1050899530255,14512.16108148488
Tmsb10,6899.876998660108,14511.036317676655
Tmsb10,6919.464132975368,14682.588093984632
Tmsb10,6911.529414939733,14679.196335844243
Tmsb10,6915.910571871674,14001.863763101206
Tmsb10,6921.385346409151,13978.84441817956
Tmsb10,6935.539609748543,14373.85100309851
Tmsb10,6918.791242445973,14384.058755414762
Tmsb10,6931.290523358006,14381.720735468733
Tmsb10,6924.963169717186,14397.862142083906
Tmsb10,6918.800690540397,14381.437588076582
Tmsb10,6930.448697821557,14366.631047138488
Tmsb10,6935.843922942671,14385.452350198915
Tmsb10,6923.674148567887,14364.174555659187
Tmsb10,6924.487400432804,14364.736041185259
Tmsb10,6922.8240039877655,14803.68042747867
Tmsb10,6927.799244010502,14832.277326058384
Tmsb10,6920.518910821773,14625.726785223293
Tmsb10,6916.619827971424,14574.776240984102
Tmsb10,6918.084443448103,14537.827879392446
Tmsb10,6936.881547023696,14533.343332287426
Tmsb10,6943.864863478959,14524.272608622347
Tmsb10,6938.508249304138,14539.631456764313
Tmsb10,6934.4440309109905,13916.44399201959
Tmsb10,6951.497737811233,13908.467598277508
Tmsb10,6950.524091452266,14441.95962877292
Tmsb10,6941.554099083564,14557.357578730325
Tmsb10,6954.595101372899,14555.644552778782
Tmsb10,6930.7983776499095,13693.351256761696
Tmsb10,6942.11958519942,13686.158943559745
Tmsb10,6951.888473568413,13684.1552102502
Tmsb10,6945.363165839784,13758.116573577832
Tmsb10,6924.764202734784,13756.233984430146
Tmsb10,6951.0262096781,13759.44875703814
Tmsb10,6944.786965997176,13750.584317729841
Tmsb10,6936.617657700934,13762.961731601526
Tmsb10,6943.775832744583,13768.917190360342
Tmsb10,6942.037289118711,14153.930956351822
Tmsb10,6929.191865337878,14157.151950870299
Tmsb10,6950.3572886466645,14158.264720744459
Tmsb10,6927.303464562447,14154.707475124005
Tmsb10,6942.279713645775,14161.146671274468
Tmsb10,6944.227096668594,14160.42112384772
Tmsb10,6959.655308724367,14046.719038834279
Tmsb10,6953.3335828880945,14041.610227085088
Tmsb10,6962.962217773554,14045.371817988762
Tmsb10,6943.211697994437,14027.915506267622
Tmsb10,6966.048973319998,14035.989526860467
Tmsb10,6962.262450379568,14031.67369427527
Tmsb10,6952.313448315998,14037.76425153268
Tmsb10,6950.511871877953,14041.059869925482
Tmsb10,6959.053908543176,14041.067604313146
Tmsb10,6946.095551315895,14234.564322205013
Tmsb10,6948.5324899307025,14254.98832805735
Tmsb10,6967.3470801128815,13787.265757518095
Tmsb10,6964.173174545789,13781.157862496953
Tmsb10,6967.877410987193,13786.000658448766
Tmsb10,6959.429730488291,13798.067607607376
Tmsb10,6976.681709184693,13773.93197507168
Tmsb10,6949.52397999699,13780.80323241367
Tmsb10,6943.860066882766,15472.321964771345
Tmsb10,6963.64796560963,15470.103566161633
Tmsb10,6969.331199712615,15462.666113681014
Tmsb10,6956.581914698018,13990.515042685309
Tmsb10,6950.747903599189,13994.328875972353
Tmsb10,6954.291553252168,14004.543014758521
Tmsb10,6965.241652546632,14002.274651520238
Tmsb10,6960.666652269895,14002.312134987786
Tmsb10,6957.917205977101,13988.034138738916
Tmsb10,6952.237688664167,13995.94278842306
Tmsb10,6947.639155978242,14000.822468418604
Tmsb10,6964.514205390799,13990.206828344284
Tmsb10,6964.707071798236,14513.421198116903
Tmsb10,6963.544077017959,14533.316876215735
Tmsb10,6978.493772462657,14566.454094478544
Tmsb10,6949.153929620477,14556.555979844377
Tmsb10,6961.979007115815,14650.90276280636
Tmsb10,6953.395317888424,14638.10053805783
Tmsb10,6986.121293680161,14640.67005625034
Tmsb10,6965.795888158249,14313.356344911937
Tmsb10,6990.906295444201,14303.759879559997
Tmsb10,6964.75108194402,14308.692390065107
Tmsb10,6973.118253344818,14300.182477838187
Tmsb10,6993.332072006666,14301.272501335208
Tmsb10,6968.740984099513,14300.315264546734
Tmsb10,6971.337400082778,14306.416948589063
Tmsb10,6976.228651083724,14297.398884576289
Tmsb10,6986.4709558117265,14297.410858142333
Tmsb10,6974.584512313708,14308.749967259077
Tmsb10,6993.105732239054,14300.741263551241
Tmsb10,6980.515385316242,14311.198841944064
Tmsb10,6981.325679330548,14591.961798746255
Tmsb10,6969.130168499104,14570.526071188457
Tmsb10,6956.559119459794,14568.007463518916
Tmsb10,6960.628820329301,14576.430739700516
Tmsb10,6979.937504766929,14577.195087845099
Tmsb10,6980.726039983942,14563.52335212371
Tmsb10,6959.762787859449,14572.521312267456
Tmsb10,6975.3545253929815,13751.296212570705
Tmsb10,6977.397673961104,13760.581480898101
Tmsb10,6974.876228509812,13768.34185587886
Tmsb10,6975.040389043251,13757.864183643489
Tmsb10,6971.530361593072,13843.006776034805
Tmsb10,6951.87171738018,13834.79730051513
Tmsb10,6961.814675979483,13844.193344864261
Tmsb10,6963.08857042546,13824.08838142751
Tmsb10,6968.0104841010325,13847.230464577622
Tmsb10,6950.420993958274,13981.888203396764
Tmsb10,6954.186482320693,14116.130981149758
Tmsb10,6973.888740525154,14125.219885490407
Tmsb10,6975.5847956183625,14123.737122512339
Tmsb10,6972.599999707143,14130.36999475221
Tmsb10,6964.598866709838,14121.98041404011
Tmsb10,6958.732612309096,14129.614538599517
Tmsb10,6968.498323430752,14127.397939558148
Tmsb10,6970.946943508721,14140.525191080524
Tmsb10,6968.101044200338,14489.255146304806
Tmsb10,6970.209085109845,14482.987833586812
Tmsb10,6987.735199847771,14470.13876057474
Tmsb10,6987.107815984346,14738.438308823595
Tmsb10,6965.428529147604,14103.61392666537
Tmsb10,6963.843803539542,14213.351530006657
Tmsb10,6975.775245959388,14198.030071795623
Tmsb10,6969.107904197103,14196.613465327417
Tmsb10,6970.418945408066,14220.062146993367
Tmsb10,6977.136944684487,14200.393909448316
Tmsb10,6982.044629282575,14208.978404661482
Tmsb10,6973.814749080153,14269.855854862964
Tmsb10,6980.889217886816,14282.658733065538
Tmsb10,6978.008427779717,14275.385304736019
Tmsb10,6986.3376499824235,14275.573477680935
Tmsb10,6986.024632237241,14257.987083968006
Tmsb10,6980.435370690738,14264.338561999832
Tmsb10,7004.678136975209,14289.604225948297
Tmsb10,6963.622673896906,13998.641290865939
Tmsb10,6970.557863963811,13990.08036934571
Tmsb10,6970.508246609539,13970.659351620225
Tmsb10,6976.014371268198,13992.55537561882
Tmsb10,6979.684963395832,14415.966927537043
Tmsb10,6991.644906304907,14847.630969288251
Tmsb10,6985.147127787124,14863.483684681418
Tmsb10,6995.134426385947,14850.429445920594
Tmsb10,6985.174806271523,14832.015721106147
Tmsb10,6980.491522441113,14899.52515427566
Tmsb10,6971.875595731991,14884.293826549943
Tmsb10,6969.80506642347,14877.989000545407
Tmsb10,6973.669524307907,14857.360387159115
Tmsb10,6973.662057848874,14870.797549180046
Tmsb10,6976.20606870334,14883.199621934635
Tmsb10,6983.949430685692,14883.05413197666
Tmsb10,6970.083180137591,14199.984919389542
Tmsb10,6972.153334372376,14207.499711221984
Tmsb10,6994.436143745618,14188.377771569958
Tmsb10,6978.007308824131,13950.910716291968
Tmsb10,6979.206283903764,13962.198760333058
Tmsb10,6965.69409130735,14822.153156456243
Tmsb10,6993.53096547436,14964.442521354573
Tmsb10,6991.004615187503,14960.018810315307
Tmsb10,7002.132080102351,14961.140268399004
Tmsb10,6974.963707089742,14406.238036687717
Tmsb10,6990.269756600154,14421.219821091914
Tmsb10,6992.247119406318,14411.367735068798
Tmsb10,6988.880374152406,13877.36842971522
Tmsb10,6978.445616556469,13873.847698502826
Tmsb10,7004.4949561196445,13874.157312434338
Tmsb10,6989.944201966513,13891.838767636273
Tmsb10,6990.407745846128,14231.060989834594
Tmsb10,6974.708247255185,14225.449057582273
Tmsb10,6972.470163036117,14232.600663248628
Tmsb10,6984.21001076741,14247.827100299291
Tmsb10,6988.4233654094305,13937.06488619837
Tmsb10,7002.779847851976,13927.646651237192
Tmsb10,6981.945943003121,14184.025886722684
Tmsb10,6984.302921983623,14435.682020364779
Tmsb10,6983.609015478965,14573.571654133415
Tmsb10,7010.728648610959,14807.979494750078
Tmsb10,6996.445167020049,14822.92593203057
Tmsb10,6979.9288224836355,14803.17232139906
Tmsb10,6993.108789796189,14825.228984056019
Tmsb10,7014.419605134834,14356.023188394225
Tmsb10,7001.762749787715,14364.696434522364
Tmsb10,7002.31920718998,14191.540051886741
Tmsb10,7011.047885805594,14201.937367120254
Tmsb10,7010.812754368104,13668.059459145043
Tmsb10,7016.957075921003,13657.534791061695
Tmsb10,7003.721349456079,13678.820981155208
Tmsb10,7009.364262537526,13710.134733137123
Tmsb10,7002.438975363669,13717.923053625656
Tmsb10,7014.874385024613,13699.857227595472
Tmsb10,7009.103115599009,13711.563463479784
Tmsb10,7020.930324316223,15018.963769341
Tmsb10,7008.265965477453,15017.826666284673
Tmsb10,7012.567454346245,15014.774826009902
Tmsb10,6992.890680830015,16108.699587706566
Tmsb10,7001.730539347773,16099.480878101896
Tmsb10,7000.885425311468,16088.126277501739
Tmsb10,6999.844835043444,14536.897649706603
Tmsb10,7011.368656332108,14018.418619821794
Tmsb10,6991.402173238615,14040.695152490618
Tmsb10,7002.615233384867,14044.314207472178
Tmsb10,7028.30415680879,14753.881055415324
Tmsb10,7019.8955205905795,14737.4175853252
Tmsb10,7026.825206247559,14017.707945337528
Tmsb10,7009.6164459534575,14319.222538593462
Tmsb10,7019.105141844065,14313.460404818847
Tmsb10,7037.678254456665,14316.787759254168
Tmsb10,7037.003819148752,14430.855596777323
Tmsb10,7047.500838826893,14429.944067717166
Tmsb10,7038.466682433581,14630.445979453027
Tmsb10,7030.268484567554,14570.861142205105
Tmsb10,7035.712000754777,14561.134080271355
Tmsb10,7030.749296753546,14577.213354178642
Tmsb10,7027.142197316537,13877.64194716481
Tmsb10,7022.846334138109,13864.977726385992
Tmsb10,7000.583166191645,13857.05478634501
Tmsb10,7026.958808575885,14080.993411965508
Tmsb10,7046.79797962867,14064.450822618035
Tmsb10,7027.122428542532,14074.64397377115
Tmsb10,7023.173052916554,14877.72161337945
Tmsb10,7041.001903089302,14742.979522593907
Tmsb10,7015.714951872081,14733.95753741001
Tmsb10,7043.0249241102865,14744.651174929582
Tmsb10,7030.76910616085,14739.62845308083
Tmsb10,7029.823000957953,14732.51510105376
Tmsb10,7023.143790926331,14737.585136668282
Tmsb10,7026.954149853696,14731.42834110197
Tmsb10,7021.9956171245,14736.18818669839
Tmsb10,7020.032708674534,14748.990193436386
Tmsb10,7036.581476116431,14738.666184424786
Tmsb10,7056.543804649814,14966.4413653598
Tmsb10,7029.965056215004,14514.024625791739
Tmsb10,7024.5452463533,14532.465405851897
Tmsb10,7041.595356391001,14004.323677670078
Tmsb10,7046.106005023068,14263.748562489962
Tmsb10,7035.0708769885505,14259.980372351929
Tmsb10,7040.4701271240065,14268.600411554531
Tmsb10,7051.838869354733,14273.059490638316
Tmsb10,7057.929281171118,14267.93926850967
Tmsb10,7041.286608146896,14277.544438187837
Tmsb10,7038.9306253480245,13666.378975352873
Tmsb10,7039.654636574927,13664.726917699561
Tmsb10,7032.718967813986,13685.312966111593
Tmsb10,7057.355421073095,13673.639914145222
Tmsb10,7033.023899450761,14360.211682492425
Tmsb10,7034.499201591584,14369.892750407786
Tmsb10,7035.904833594852,14806.382009969717
Tmsb10,7055.90643189097,14825.799799563843
Tmsb10,7054.256906962077,14831.478628822997
Tmsb10,7039.603278463931,14882.1967764211
Tmsb10,7021.053702013015,14878.829596817393
Tmsb10,7065.646579717464,14115.337190593838
Tmsb10,7053.341885114314,14110.147190804066
Tmsb10,7067.192566027347,13834.300417159697
Tmsb10,7040.295341243037,13832.86834530644
Tmsb10,7041.260976043079,13830.115509134255
Tmsb10,7049.721438587369,13794.495721637124
Tmsb10,7037.6777646217115,13780.4384584253
Tmsb10,7042.855730940562,13785.732067053075
Tmsb10,7063.58725124762,14202.372292624343
Tmsb10,7039.548021316281,14185.884988775479
Tmsb10,7053.931779245113,14198.906798228034
Tmsb10,7052.234991757744,13722.702747905536
Tmsb10,7026.203583090671,13741.527997112928
Tmsb10,7058.331731794374,13718.038048959206
Tmsb10,7044.358158690709,13731.033430048514
Tmsb10,7069.483715975786,13714.741494200269
Tmsb10,7057.222909632843,13734.341193688848
Tmsb10,7058.886771883081,14055.509837233527
Tmsb10,7061.776785673646,14051.217177684763
Tmsb10,7049.297165774205,14046.80169225586
Tmsb10,7066.484312202549,14047.011404853914
Tmsb10,7052.340569570039,14223.937174664445
Tmsb10,7052.104773714571,14226.481403994627
Tmsb10,7052.709762082262,14222.122480280355
Tmsb10,7049.184637174168,14770.167272532764
Tmsb10,7058.33961907333,13913.474846313455
Tmsb10,7065.860546859148,13911.313129800941
Tmsb10,7067.552846335608,13910.053496145914
Tmsb10,7064.591515795028,13925.680413595284
Tmsb10,7057.173598570491,13935.052550754837
Tmsb10,7070.222728756524,13897.83765124709
Tmsb10,7061.7848288437035,14793.90597068665
Tmsb10,7067.7250176495245,14806.895282803696
Tmsb10,7057.358507186113,14812.707245629941
Tmsb10,7068.8867416682415,13784.846012106489
Tmsb10,7066.25888325976,13792.962833999074
Tmsb10,7070.7630148187745,13770.431525350354
Tmsb10,7067.002272396113,13791.385476465144
Tmsb10,7065.532732892835,13786.74595716035
Tmsb10,7081.642123991927,13771.432470315829
Tmsb10,7070.634495835002,13762.794445411122
Tmsb10,7061.063615043612,13789.037279363167
Tmsb10,7058.467831172015,14379.963084133824
Tmsb10,7045.190190955507,14377.812556832552
Tmsb10,7052.757998114736,14386.190404272967
Tmsb10,7058.773876920696,14459.070623953012
Tmsb10,7058.782971092502,14483.942281364354
Tmsb10,7043.4476566294825,14470.690777853992
Tmsb10,7035.455434346384,14504.53792776014
Tmsb10,7061.9858635435585,14495.676347557563
Tmsb10,7076.187984320112,14546.364183440608
Tmsb10,7057.637803999591,14563.919149405823
Tmsb10,7069.131112074277,14559.990944393521
Tmsb10,7077.829735767673,14549.429731058246
Tmsb10,7085.08003659424,14548.281831049879
Tmsb10,7061.276987687135,14552.671247331382
Tmsb10,7051.620091955122,14548.474623723358
Tmsb10,7072.691322980921,14560.986601468061
Tmsb10,7072.987384387401,14558.9988829563
Tmsb10,7062.355566644016,14553.397235979593
Tmsb10,7048.874088020473,14362.841245159087
Tmsb10,7064.810299415234,14361.135079026439
Tmsb10,7068.649134819659,14411.389574689483
Tmsb10,7068.996206703788,14411.25252256716
Tmsb10,7050.184595800914,14413.296342280852
Tmsb10,7069.256433387387,14418.248879683582
Tmsb10,7076.80412972466,14406.195064348905
Tmsb10,7061.070189869441,14398.715578578194
Tmsb10,7081.862811362643,14317.97194369202
Tmsb10,7080.4664777759945,14326.453992266193
Tmsb10,7070.352707547217,14721.65284728317
Tmsb10,7064.552176171808,13806.97166401413
Tmsb10,7062.614067194782,13805.59733883906
Tmsb10,7067.905404522981,13793.893749814535
Tmsb10,7076.910120472639,13982.551812341437
Tmsb10,7087.5713332690475,13983.639520969822
Tmsb10,7054.2624515470125,14490.607934543941
Tmsb10,7071.485007104607,14489.135558590793
Tmsb10,7085.936231316639,13908.99226293171
Tmsb10,7074.548386244209,13901.322314142164
Tmsb10,7065.036632454697,13906.828560192906
Tmsb10,7078.445143443628,13935.044819799421
Tmsb10,7069.407349546896,13929.430163766954
Tmsb10,7069.740274736993,13925.114247925358
Tmsb10,7082.997566289389,13930.574767872167
Tmsb10,7072.896560373553,14863.036521020702
Tmsb10,7084.419552117911,14141.140050567921
Tmsb10,7093.328631684992,14147.628443877573
Tmsb10,7072.235697275896,14135.558787379674
Tmsb10,7092.159091151907,14124.30235723381
Tmsb10,7089.674246034861,14130.982813136408
Tmsb10,7082.334710788735,14140.510054951665
Tmsb10,7078.677329771513,14385.232875853511
Tmsb10,7073.892200267015,14367.215591125114
Tmsb10,7066.876813947091,14368.442540307153
Tmsb10,7085.311723969214,14982.950857968943
Tmsb10,7092.794878195531,15009.37442454593
Tmsb10,7076.241576900437,15019.240213715306
Tmsb10,7070.859370584686,14930.011361667166
Tmsb10,7079.679914895627,14925.483783998649
Tmsb10,7094.81914556169,14942.816410338655
Tmsb10,7063.575515287554,16299.49762066205
Tmsb10,7081.594491143511,16298.648512550953
Tmsb10,7074.433264393375,16286.895197503472
Tmsb10,7093.039338095224,16011.81723842058
Tmsb10,7095.2606574773245,16004.158337782665
Tmsb10,7064.832313611745,14821.6084896689
Tmsb10,7076.760793401104,14830.604976892862
Tmsb10,7074.6632006710015,14827.107219350904
Tmsb10,7082.062312195355,14820.464229788027
Tmsb10,7100.756604729965,14635.851553216915
Tmsb10,7094.937132425249,14629.396992507693
Tmsb10,7100.696025428083,13717.52602802962
Tmsb10,7086.014173263241,13724.326381147224
Tmsb10,7103.591336923545,13713.132285867938
Tmsb10,7099.912922512938,13692.257985348602
Tmsb10,7088.324315135279,14179.908282781971
Tmsb10,7095.761265081056,14188.056407918155
Tmsb10,7110.742132513416,14170.696438626352
Tmsb10,7100.943845200426,14172.277993655194
Tmsb10,7092.9837719091165,14177.230325821109
Tmsb10,7096.261291234257,14185.505612844372
Tmsb10,7099.169984237841,14173.405806541865
Tmsb10,7105.968577598965,14166.00212646865
Tmsb10,7101.817783595986,14177.360124362442
Tmsb10,7094.674882437356,13867.082366116405
Tmsb10,7105.106701764861,13862.885655505987
Tmsb10,7096.866031202136,13853.852879216385
Tmsb10,7091.978039834454,13866.113207226988
Tmsb10,7107.977879071002,13870.181222783422
Tmsb10,7103.729193002602,13891.983709709777
Tmsb10,7084.562158811951,13876.6607286475
Tmsb10,7099.161720971798,13876.209048473373
Tmsb10,7100.664243727731,13796.940535836038
Tmsb10,7095.1936664355035,13808.718900735803
Tmsb10,7097.098444641989,13829.439720012057
Tmsb10,7102.946758797032,13799.471451004189
Tmsb10,7124.4842091535875,14497.726071880668
Tmsb10,7106.7008728315095,14519.486453090434
Tmsb10,7101.754463769945,14513.978895599708
Tmsb10,7113.798102049047,14497.707573051426
Tmsb10,7101.737881510238,14781.985943379346
Tmsb10,7107.194615389641,14789.615401170338
Tmsb10,7077.509583566747,14797.861746266062
Tmsb10,7113.825250315064,14923.414072146976
Tmsb10,7105.764896501688,14912.781837620907
Tmsb10,7109.517472662752,14911.403938437852
Tmsb10,7111.016888783199,14915.87650384976
Tmsb10,7113.37740065563,14924.05536208612
Tmsb10,7121.512241725395,14913.13130640829
Tmsb10,7114.3806363619715,14901.7135466199
Tmsb10,7096.529465213308,14909.791819331049
Tmsb10,7120.27175842398,13897.264661555251
Tmsb10,7100.89414491471,13893.218490279229
Tmsb10,7101.849233763178,13905.370144993778
Tmsb10,7095.699508630025,13886.919111230447
Tmsb10,7110.443255999905,13887.680683668867
Tmsb10,7102.498213728188,13893.492186364489
Tmsb10,7086.5715402540145,14437.765902305538
Tmsb10,7080.100519570048,14421.720664970768
Tmsb10,7091.547837721576,14816.361390449229
Tmsb10,7112.1523228182905,14820.399049679098
Tmsb10,7107.168567870758,14812.984777322188
Tmsb10,7107.2931707181315,14809.26563587137
Tmsb10,7125.980899495801,13759.043816091695
Tmsb10,7110.521803398548,13748.259121039071
Tmsb10,7117.08725038979,13758.386575023655
Tmsb10,7120.168225818343,13754.191634309276
Tmsb10,7131.638400349687,13753.615779045425
Tmsb10,7122.534070974658,13738.060420492955
Tmsb10,7126.779226305027,14958.810783078161
Tmsb10,7117.472445979425,13795.057475272444
Tmsb10,7110.408996640586,15120.772778584838
Tmsb10,7125.382395694199,15020.893826388781
Tmsb10,7115.385293758729,15003.954405567361
Tmsb10,7134.85975737845,15025.792403038417
Tmsb10,7127.851092913458,15025.064768787364
Tmsb10,7130.345874518808,15024.754501316444
Tmsb10,7117.910602778704,15022.027830045694
Tmsb10,7127.531438521572,13860.64711951079
Tmsb10,7122.569054095656,13870.426703537763
Tmsb10,7127.78876681509,13865.197905701181
Tmsb10,7145.677703628033,13853.407024218506
Tmsb10,7115.919990622055,15248.856384511326
Tmsb10,7124.318518094659,15244.990278305553
Tmsb10,7121.435413005599,15242.233696565412
Tmsb10,7124.817599358076,15068.983230012376
Tmsb10,7135.546265531881,15067.809306643449
Tmsb10,7140.683665452338,15058.964173223629
Tmsb10,7135.797818546472,14846.067110767981
Tmsb10,7125.455822161114,14844.49906969562
Tmsb10,7127.25302101569,14848.858261903602
Tmsb10,7133.474988102741,14645.65573404603
Tmsb10,7142.592729032782,13986.32815005509
Tmsb10,7146.493868668721,13986.73622861302
Tmsb10,7134.872888991134,13995.00596694359
Tmsb10,7144.864037451994,13999.196845156685
Tmsb10,7137.197856324403,13989.854581448355
Tmsb10,7156.048170425718,14292.11380166315
Tmsb10,7150.010515817899,14317.964637520969
Tmsb10,7155.4638098908545,14301.616562559802
Tmsb10,7146.209615281355,14894.693754751246
Tmsb10,7158.966266937439,14912.59103830089
Tmsb10,7153.8683229504395,14887.795869093603
Tmsb10,7167.0079753961645,14907.956024795854
Tmsb10,7143.307669977873,14897.05910003999
Tmsb10,7152.025960844411,14895.848793918796
Tmsb10,7159.356744839335,14901.498558563797
Tmsb10,7153.6599844005605,14887.910753845543
Tmsb10,7160.167094397682,14898.56242724036
Tmsb10,7152.853969002685,14901.415830314352
Tmsb10,7162.717694778727,15157.710076844316
Tmsb10,7160.889197769002,15185.155546748305
Tmsb10,7155.153827724649,15190.693725063791
Tmsb10,7147.112116929453,14738.522394847278
Tmsb10,7174.195574718788,14726.051991027234
Tmsb10,7152.492456447896,14716.930419336191
Tmsb10,7148.398356323623,14721.980299160456
Tmsb10,7142.3677103395985,14725.991209989672
Tmsb10,7159.089548085514,14719.872392003217
Tmsb10,7150.706297915439,14722.786164638732
Tmsb10,7170.948079192963,15131.474346980442
Tmsb10,7144.138828803187,15143.122323551497
Tmsb10,7157.394641316429,15139.953803547638
Tmsb10,7162.626229027141,15128.028302192215
Tmsb10,7136.5558172344845,15029.783512409775
Tmsb10,7152.178931619001,15025.958838310842
Tmsb10,7173.48134981311,15240.66752863517
Tmsb10,7156.633190304237,15261.958625735708
Tmsb10,7172.402572214331,15261.05764054711
Tmsb10,7151.698427479097,13825.33745470552
Tmsb10,7160.027925449225,13836.466730981874
Tmsb10,7172.993847170254,13815.629262930484
Tmsb10,7153.200475938595,14818.497933473682
Tmsb10,7165.198931623795,14793.677481499184
Tmsb10,7133.362058311855,14807.072967058537
Tmsb10,7158.444763032687,14822.87293951882
Tmsb10,7150.4742211041,14817.729207106928
Tmsb10,7158.528594737687,14812.012533326579
Tmsb10,7167.1763740000115,15075.327080464791
Tmsb10,7153.884295919478,13759.537634176097
Tmsb10,7145.1084130079425,13753.608764324754
Tmsb10,7160.263416361847,13764.33248297769
Tmsb10,7144.844365612185,14871.800556969041
Tmsb10,7171.699078349202,14844.430185816971
Tmsb10,7157.884172108345,14876.08647021342
Tmsb10,7159.337397716933,14872.744330256415
Tmsb10,7151.295754841566,15344.267551035942
Tmsb10,7153.904766537545,15343.404071347886
Tmsb10,7179.201308717485,13776.605663753544
Tmsb10,7150.528117821329,14529.926610925144
Tmsb10,7161.934457172686,14536.590523097846
Tmsb10,7171.211301391405,13970.901030535642
Tmsb10,7179.501729280919,13962.301734567623
Tmsb10,7176.749497544278,14762.815824415546
Tmsb10,7186.111582969057,14954.628355053697
Tmsb10,7170.424982378849,14946.981968025077
Tmsb10,7186.441210563752,14962.25746395496
Tmsb10,7192.270138196016,14963.597453723372
Tmsb10,7193.636528346375,15034.644561886784
Tmsb10,7185.76278086926,15040.252587849653
Tmsb10,7193.249706954885,15050.697747351507
Tmsb10,7176.6425070739815,15036.959996327363
Tmsb10,7192.527565299533,15463.471964938697
Tmsb10,7186.5859933810325,15439.385949219115
Tmsb10,7194.664921989183,15436.011479373416
Tmsb10,7190.149176538936,15453.602549659652
Tmsb10,7195.090466950826,15460.732001906335
Tmsb10,7181.9620542568455,15440.712627167373
Tmsb10,7168.237436844627,16096.022030411437
Tmsb10,7175.119089933685,16074.628106493563
Tmsb10,7197.974331410622,16073.61079438451
Tmsb10,7193.133090133398,16077.32063207355
Tmsb10,7178.139764115495,16083.622221695008
Tmsb10,7185.103191516847,16082.573889328678
Tmsb10,7184.233798242397,16087.271449650043
Tmsb10,7170.267425683784,16065.05198413472
Tmsb10,7179.97534384465,16076.177115820909
Tmsb10,7203.601775207847,14138.573509022226
Tmsb10,7201.670656520024,14104.111085791177
Tmsb10,7195.475617993235,14779.948993937485
Tmsb10,7191.000022258698,14770.73496051526
Tmsb10,7177.249023362006,14773.517174721888
Tmsb10,7192.9359945905735,14768.425019290982
Tmsb10,7189.487059650188,14778.548469896697
Tmsb10,7196.395695765583,14783.896467633886
Tmsb10,7204.331100104335,15292.531140823978
Tmsb10,7215.494224159056,15279.183079305432
Tmsb10,7217.557270882396,15270.984745673688
Tmsb10,7221.86590316961,15289.91644005227
Tmsb10,7203.483481530052,15268.293846013745
Tmsb10,7205.681291994614,15280.961389972595
Tmsb10,7218.738209480666,13815.369855838473
Tmsb10,7216.021833244404,13826.541593641377
Tmsb10,7200.525315496798,13806.9554595971
Tmsb10,7193.586040735617,13837.973773707665
Tmsb10,7205.626243727251,13828.96712082844
Tmsb10,7204.737767805482,13820.245649964269
Tmsb10,7208.988960436701,13803.728214635516
Tmsb10,7199.0204187924155,13819.498798760782
Tmsb10,7191.568652817644,13823.336474004227
Tmsb10,7203.419830342365,13821.20639835002
Tmsb10,7190.906716223001,15338.491479103279
Tmsb10,7195.752208009175,14519.672157792756
Tmsb10,7196.503485899672,14976.044862537088
Tmsb10,7194.176354988887,15015.327879364646
Tmsb10,7211.373817976019,15132.894737543804
Tmsb10,7213.580135462235,15132.166091845755
Tmsb10,7220.39083256659,15145.391225396777
Tmsb10,7224.866592142282,15135.688030121275
Tmsb10,7216.405351996011,15153.992781369356
Tmsb10,7219.046863687675,15159.892181097723
Tmsb10,7201.644682060758,15151.585308651409
Tmsb10,7229.597961537866,15140.80962517317
Tmsb10,7219.603371207631,15211.993869871201
Tmsb10,7236.217603291724,15206.33994526401
Tmsb10,7199.4481364084695,14916.27806107538
Tmsb10,7203.737694155094,14936.212807188638
Tmsb10,7197.271413547864,14927.763025223507
Tmsb10,7199.131914797038,14952.07820779869
Tmsb10,7207.379551405649,14929.446222485209
Tmsb10,7211.890445574832,14913.724829498047
Tmsb10,7204.806994917756,14933.66455892797
Tmsb10,7217.046072862116,15415.204574705536
Tmsb10,7222.428590982744,15417.941232374287
Tmsb10,7229.238528021894,15409.990115473236
Tmsb10,7227.403917399823,15418.186164176954
Tmsb10,7215.012338683784,15414.735234575825
Tmsb10,7215.590752648003,15442.79668481021
Tmsb10,7218.925228181929,15413.394248515262
Tmsb10,7225.158274295614,14890.607350574923
Tmsb10,7240.722694715574,14900.142173342254
Tmsb10,7217.848062037071,14893.836435185496
Tmsb10,7215.8090503417425,15310.826184737536
Tmsb10,7216.046209006272,15326.738141772968
Tmsb10,7232.703085923935,15321.832288489539
Tmsb10,7220.568777908629,15333.693990732083
Tmsb10,7219.7955158142495,15343.893490286713
Tmsb10,7212.84022103942,15323.4500148011
Tmsb10,7204.219247685072,15331.602162762045
Tmsb10,7225.942215674295,15339.316116786775
Tmsb10,7229.2527758991755,15331.375312601385
Tmsb10,7234.938150607644,15326.193550590378
Tmsb10,7222.802018849846,15321.832756739825
Tmsb10,7214.032469487437,15317.484804133841
Tmsb10,7218.641190360496,15004.760548693555
Tmsb10,7232.663982254739,15017.849586875665
Tmsb10,7231.455042162162,15025.105390342747
Tmsb10,7224.52945160523,15019.875169213492
Tmsb10,7229.0498499759315,15075.46141834812
Tmsb10,7219.705431927316,15091.826870567971
Tmsb10,7215.231763674788,15082.885200970968
Tmsb10,7216.441448977228,15100.122850334848
Tmsb10,7214.351312537339,15074.47037623217
Tmsb10,7220.176312963726,15097.631432240403
Tmsb10,7232.604758366625,15085.867208539852
Tmsb10,7220.830966111235,15082.600444025322
Tmsb10,7212.510885522548,15082.249202643816
Tmsb10,7232.143121101005,15067.923586515937
Tmsb10,7213.099683956549,14589.748880202562
Tmsb10,7237.240566424953,14598.95015377052
Tmsb10,7228.382075000234,14582.100886119095
Tmsb10,7242.206055854315,14519.760651354327
Tmsb10,7232.690779353348,14501.307444162672
Tmsb10,7228.974865370044,14514.082469299405
Tmsb10,7229.981449528232,14501.680405834626
Tmsb10,7241.8099780806715,14520.778762299855
Tmsb10,7226.230904741099,14977.9823540685
Tmsb10,7225.836244508308,14980.145626300804
Tmsb10,7218.432802456861,13986.40683573616
Tmsb10,7224.336049513222,13991.899834540092
Tmsb10,7226.631756616731,14004.498536907227
Tmsb10,7257.80899930792,15381.212056974346
Tmsb10,7254.3018964763605,15374.941829066445
Tmsb10,7245.62278198488,15372.915841452144
Tmsb10,7245.317079488012,15375.38711461072
Tmsb10,7245.917384243982,15395.234567766334
Tmsb10,7246.560755016774,14923.234964727428
Tmsb10,7226.399930070526,14907.553636304834
Tmsb10,7251.547753419146,14913.79216956739
Tmsb10,7261.300206254979,15522.707598586108
Tmsb10,7252.793021555113,15501.667151030973
Tmsb10,7253.347523231884,15509.582877970608
Tmsb10,7243.816284052407,15524.66128326948
Tmsb10,7250.404284010209,15506.241031720561
Tmsb10,7253.426423216576,15129.162411385489
Tmsb10,7248.2978318162795,15149.757875397
Tmsb10,7256.862070897204,15143.786571220307
Tmsb10,7251.877684696034,15132.482813593297
Tmsb10,7267.264252636498,15102.729134916008
Tmsb10,7264.934772008136,15079.6334057088
Tmsb10,7252.700386818973,15105.81745667225
Tmsb10,7227.08794653869,15227.506758248965
Tmsb10,7237.547692496872,15222.674625073232
Tmsb10,7245.427507594577,15220.261686201007
Tmsb10,7251.873422414257,15226.025025105677
Tmsb10,7264.3293153841905,15052.817987321341
Tmsb10,7263.756555399763,15038.723665257943
Tmsb10,7254.085301922349,15043.852770062598
Tmsb10,7248.79273663313,15071.368146951458
Tmsb10,7251.226982726186,15042.542070829726
Tmsb10,7251.2912491821835,15051.145785469991
Tmsb10,7252.151779929541,15037.17979583073
Tmsb10,7250.863271258863,15051.35425708087
Tmsb10,7253.332381289619,15046.632915828386
Tmsb10,7258.425327534202,15297.25069074688
Tmsb10,7267.420170692863,15342.361963772262
Tmsb10,7264.2543615296345,15344.721379883313
Tmsb10,7276.547097083874,15348.31260136627
Tmsb10,7266.6775431225515,15341.67591761285
Tmsb10,7244.107828659438,15337.108009043835
Tmsb10,7254.238980829227,15330.060127890194
Tmsb10,7257.4468289858205,15342.401151911312
Tmsb10,7259.233583116209,15328.412952987328
Tmsb10,7280.401610468615,15152.499793778716
Tmsb10,7272.976630201048,15282.613087141397
Tmsb10,7289.459626186163,15261.201240083108
Tmsb10,7251.617631794163,15271.986657534766
Tmsb10,7253.000754835792,15269.21196170656
Tmsb10,7289.444303338391,15225.293792270404
Tmsb10,7289.947221637439,15223.125322587726
Tmsb10,7288.466598492612,15227.91109161679
Tmsb10,7296.568040764317,15237.636029801328
Tmsb10,7286.644710727983,15244.498759833139
Tmsb10,7291.165421691974,15233.550978146124
Tmsb10,7265.628979965907,13911.196467889664
Tmsb10,7271.865359490325,13909.201948225213
Tmsb10,7282.504280024718,13905.057668042966
Tmsb10,7285.434468432546,15423.053688445048
Tmsb10,7278.2727696731545,15419.339205587312
Tmsb10,7278.471154703242,15424.557736909006
Tmsb10,7280.896186074763,15424.213222744647
Tmsb10,7282.363727862952,15194.717697915361
Tmsb10,7311.29023685568,15200.95932086883
Tmsb10,7284.2612337466335,15197.1394602879
Tmsb10,7291.520998045624,15206.248096057592
Tmsb10,7286.231489662633,15262.887234197202
Tmsb10,7287.855827671548,14025.119577100393
Tmsb10,7288.138016317607,14020.664750354119
Tmsb10,7289.936298683128,15336.824068968108
Tmsb10,7298.993143892744,15322.482714316808
Tmsb10,7304.180908755935,15343.053058689327
Tmsb10,7298.462082165194,15496.39203713364
Tmsb10,7302.0932031908505,15508.402698029457
Tmsb10,7304.9007768058,15384.914156870422
Tmsb10,7296.143588209163,15379.943256560531
Tmsb10,7283.9244352450005,15456.804670613923
Tmsb10,7298.165782743311,15264.043577194041
Tmsb10,7310.029448314569,15258.700862361797
Tmsb10,7301.140865590641,15269.696699633461
Tmsb10,7301.6418462906995,15263.930643913245
Tmsb10,7298.542556740533,15385.84050824539
Tmsb10,7303.708820802799,15358.45610974885
Tmsb10,7290.1084418236405,15355.58725419283
Tmsb10,7307.804920467983,15349.355094612509
Tmsb10,7292.34051577992,15362.251349808528
Tmsb10,7305.7892879425735,15364.452506366064
Tmsb10,7294.064835369315,15420.622323324898
Tmsb10,7304.525888918196,15416.880421760916
Tmsb10,7321.302180306183,15576.94439407584
Tmsb10,7326.097589431972,15057.298128985773
Tmsb10,7319.096304871523,15053.333198369548
Tmsb10,7340.620786692346,15057.394865012682
Tmsb10,7333.690860296029,15305.29744716232
Tmsb10,7322.357710270534,15331.908246060293
Tmsb10,7330.349866067631,15318.060522196407
Tmsb10,7329.842724835932,15303.845485518355
Tmsb10,7315.518605831393,15325.002508198195
Tmsb10,7347.513414606209,15326.033909192032
Tmsb10,7332.4928797072325,15438.074583440693
Tmsb10,7330.306198857914,15643.58265527494
Tmsb10,7325.752194689988,15650.628560064166
Tmsb10,7325.046620598473,15655.004262806948
Tmsb10,7340.3142175386,15644.55940549527
Tmsb10,7333.063794009953,15660.31407661475
Tmsb10,7339.29826769441,15645.017022137503
Tmsb10,7326.672614145028,15507.249146814533
Tmsb10,7342.914531282467,15503.021233707794
Tmsb10,7349.796223389927,15499.015850248721
Tmsb10,7340.883485803093,15511.764925888925
Tmsb10,7353.039134358806,15521.578016788348
Tmsb10,7343.677068273,15502.663686311633
Tmsb10,7323.116434430527,15512.097604472876
Tmsb10,7323.188463799697,15256.605773778952
Tmsb10,7343.34661853593,15417.52814442802
Tmsb10,7340.396679640134,15411.519689757717
Tmsb10,7332.909331755367,15408.898926409927
Tmsb10,7310.665197705202,15467.415096403543
Tmsb10,7323.459406189033,15486.283237857957
Tmsb10,7328.21108993222,15472.165917617638
Tmsb10,7323.171362210469,15490.319879103035
Tmsb10,7337.869736507059,15484.57299933761
Tmsb10,7334.22005030898,15221.686940800984
Tmsb10,7334.6945634198755,15244.593957700303
Tmsb10,7331.707266672499,15219.600624703713
Tmsb10,7351.398830254472,15570.209370392799
Tmsb10,7343.556723347795,15533.391409686294
Tmsb10,7349.585737663229,15564.27996432216
Tmsb10,7351.463694816496,15545.669830420635
Tmsb10,7343.393207828682,15568.006659400746
Tmsb10,7336.034420648326,15558.631132601333
Tmsb10,7352.824293247248,15545.421060987373
Tmsb10,7337.627099797818,15562.39558053309
Tmsb10,7338.994233618162,15366.508491910698
Tmsb10,7346.974462395078,15378.095196032244
Tmsb10,7365.520852856171,15386.572700937208
Tmsb10,7372.362606984546,15292.404052543136
Tmsb10,7342.449214551415,15607.52424113418
Tmsb10,7349.692055589168,16308.171209087548
Tmsb10,7358.078094157572,16301.754890196404
Tmsb10,7354.38194572742,15452.882132067776
Tmsb10,7355.632446423591,15441.918280625032
Tmsb10,7346.888792341414,15659.879117611874
Tmsb10,7356.869852470165,15662.32932549247
Tmsb10,7358.062847645234,15505.910341963592
Tmsb10,7369.8835539668125,15487.08083823075
Tmsb10,7380.946166689993,15486.488249309225
Tmsb10,7363.763545970177,15497.709188253255
Tmsb10,7367.738108999062,15704.254424984452
Tmsb10,7375.37862067382,15712.358471050446
Tmsb10,7374.832532461821,15768.351786874277
Tmsb10,7359.4905727090745,15763.4397147041
Tmsb10,7380.966604133803,15761.65803629728
Tmsb10,7372.462391792461,15771.764938101067
Tmsb10,7363.370820497295,15750.187799754083
Tmsb10,7358.42671338133,14264.438911626034
Tmsb10,7371.810758941416,14269.822803454308
Tmsb10,7395.125345816327,15422.151862714718
Tmsb10,7371.879330403609,15427.323625480552
Tmsb10,7371.411068869906,15265.19284274376
Tmsb10,7361.00854810727,15273.745085593391
Tmsb10,7365.978360444345,15243.254857215441
Tmsb10,7362.79053840714,15269.84141712139
Tmsb10,7373.10240238056,15260.670027226515
Tmsb10,7357.871268774157,15344.08050682674
Tmsb10,7352.252516877381,15336.729232520871
Tmsb10,7369.284978389921,15343.796381133036
Tmsb10,7381.49081538897,15120.90006116838
Tmsb10,7380.727721031124,15122.921524830726
Tmsb10,7401.487531365697,15642.387432115904
Tmsb10,7382.931549861917,15649.914060189423
Tmsb10,7382.7334491346655,15657.64801163871
Tmsb10,7384.34356427617,15648.95195853185
Tmsb10,7403.613289647342,15641.088877784596
Tmsb10,7371.147620801576,15655.105443779225
Tmsb10,7407.904204155784,15566.686140632959
Tmsb10,7396.303817076991,15579.68361797368
Tmsb10,7392.767036902482,15579.590366814939
Tmsb10,7400.665546928404,15574.558760517844
Tmsb10,7402.053300765258,15799.794441003889
Tmsb10,7390.226192966339,15801.761787017444
Tmsb10,7398.380540486984,15818.359181184003
Tmsb10,7387.395708736717,15490.046569744412
Tmsb10,7397.490784794525,15487.4645048602
Tmsb10,7396.229396969869,15499.143414207047
Tmsb10,7391.961120221295,15730.962344893847
Tmsb10,7385.332756453378,15756.572407617909
Tmsb10,7423.492525981033,15551.70688778994
Tmsb10,7410.020179650544,15554.517933737457
Tmsb10,7402.421237227424,15634.010202218853
Tmsb10,7421.250915399184,15617.221886687794
Tmsb10,7389.799816509747,15458.152904089591
Tmsb10,7400.8347583967725,15456.410345460465
Tmsb10,7398.96720751061,15450.117121333065
Tmsb10,7406.692011506022,16662.635420606708
Tmsb10,7409.877600351971,15762.5468492202
Tmsb10,7417.804681738509,15746.89546586168
Tmsb10,7434.08584475374,15273.589663783147
Tmsb10,7428.393088673695,15291.63904140065
Tmsb10,7410.131441586845,15278.743034987572
Tmsb10,7408.65680142072,15682.380315942833
Tmsb10,7419.479602911539,15694.486289301953
Tmsb10,7426.940011327264,15682.112500443436
Tmsb10,7428.707987059671,15688.291161465888
Tmsb10,7425.574395632415,15709.922701977182
Tmsb10,7415.051950342146,15699.784631875651
Tmsb10,7424.027470376962,15791.997724637364
Tmsb10,7433.053450978366,15768.921555976523
Tmsb10,7427.201333307689,15362.929214079024
Tmsb10,7427.343486415799,15375.752975479383
Tmsb10,7433.090077526348,15342.031223758555
Tmsb10,7419.130166895713,15363.757051194172
Tmsb10,7453.677306102784,15506.156275744346
Tmsb10,7432.902209173211,15520.114263094481
Tmsb10,7428.777109523527,15515.415986243923
Tmsb10,7426.761899534323,15836.80852317315
Tmsb10,7437.449056547823,15548.871857300199
Tmsb10,7427.773881874293,15551.376417733376
Tmsb10,7426.593957732169,15557.170459150908
Tmsb10,7431.477682515668,15555.807946717983
Tmsb10,7434.352090338179,15548.141847277613
Tmsb10,7434.28900362016,15570.53437709566
Tmsb10,7421.60152834724,15602.28615549434
Tmsb10,7414.287057906643,15594.189395225485
Tmsb10,7418.456959803219,15585.061677231306
Tmsb10,7408.63908131534,15596.590049674733
Tmsb10,7416.249457167584,15582.89643634535
Tmsb10,7422.655402510383,15578.957119707013
Tmsb10,7416.758687418671,15446.746100945023
Tmsb10,7414.195104596438,15453.914591643848
Tmsb10,7431.844189889926,15437.627533339784
Tmsb10,7428.552878267138,15458.23637708319
Tmsb10,7431.5864959721375,15440.001663440504
Tmsb10,7432.929499089354,15443.511048388844
Tmsb10,7427.9237555224345,15455.165262123426
Tmsb10,7441.612681561493,15441.205956635524
Tmsb10,7433.20027800253,15630.610460642769
Tmsb10,7442.758639559289,15316.846089239005
Tmsb10,7447.531964419638,15325.642912146846
Tmsb10,7427.375104688802,15819.66293527329
Tmsb10,7422.605513407056,15414.489702277267
Tmsb10,7429.250052918161,15411.599972932068
Tmsb10,7435.674818872225,15418.72390492549
Tmsb10,7451.529710541351,15473.133891769716
Tmsb10,7450.518401557703,15719.050501706772
Tmsb10,7456.130045540888,15775.432549985782
Tmsb10,7448.8346930968955,15752.064123266644
Tmsb10,7441.677013283685,15775.223065265298
Tmsb10,7455.576383947169,15883.80080493532
Tmsb10,7455.576799973856,15884.399711957929
Tmsb10,7456.948763728566,15887.168165618465
Tmsb10,7456.345765628797,15868.950323132462
Tmsb10,7452.780071821713,15848.3599781166
Tmsb10,7454.026226614918,15757.589172182357
Tmsb10,7459.594515499807,15739.92459864669
Tmsb10,7462.025308723961,15931.097777567906
Tmsb10,7457.544625389004,15926.584885349048
Tmsb10,7458.303127546732,15921.431086227964
Tmsb10,7453.53100571289,15579.918531150968
Tmsb10,7466.668930715085,15570.552390137476
Tmsb10,7471.138184563411,15574.83856135337
Tmsb10,7456.420562280192,15563.265371603988
Tmsb10,7467.264664555908,15579.187962374726
Tmsb10,7453.832546564511,15564.427975264587
Tmsb10,7466.105652917675,15563.635449418682
Tmsb10,7466.414776333027,15572.15125758623
Tmsb10,7460.274319295792,15572.771023926014
Tmsb10,7450.295974305748,15817.55939667445
Tmsb10,7478.091819049194,15622.144164381836
Tmsb10,7477.331543342373,15636.725828301564
Tmsb10,7479.2844178386,15640.182237126632
Tmsb10,7491.087009826626,15897.844586291943
Tmsb10,7508.616695109888,15894.406661604542
Tmsb10,7486.762414489753,15894.838745837591
Tmsb10,7494.877835880909,15876.49430960305
Tmsb10,7459.099640054922,15660.113093388209
Tmsb10,7480.671267823086,15667.249666945243
Tmsb10,7483.336807558571,15934.904933848145
Tmsb10,7498.120930810307,15931.245243230289
Tmsb10,7487.348683192851,15810.17717340647
Tmsb10,7493.886767501037,15798.335459894486
Tmsb10,7481.230938567215,15793.245472221948
Tmsb10,7488.701554793707,15794.722892511025
Tmsb10,7481.974502958172,15818.980811940488
Tmsb10,7507.58087607022,15708.134127077148
Tmsb10,7489.727532590529,15708.353254130692
Tmsb10,7498.610084110738,15748.508918686175
Tmsb10,7494.048254974411,15719.393392752327
Tmsb10,7487.242677708403,15738.322640737562
Tmsb10,7487.91202015613,15741.437288494528
Tmsb10,7488.646493432676,15750.537533504345
Tmsb10,7523.436226030127,15970.89806170289
Tmsb10,7522.606472012213,15970.87660764696
Tmsb10,7528.915803636038,15977.200810909442
Tmsb10,7517.598285984179,15976.20184293748
Tmsb10,7521.48773918608,15782.830195341883
Tmsb10,7516.479945318875,15781.539028450885
Tmsb10,7518.658501829746,16653.201395691085
Tmsb10,7512.285660621254,15695.17764915611
Tmsb10,7510.873148859506,15704.527361215096
Tmsb10,7519.510358384891,15690.265692882862
Tmsb10,7527.44262957538,15761.78246238701
Tmsb10,7552.844672043706,15737.930652873794
Tmsb10,7537.7370274903315,15752.19566785821
Tmsb10,7527.298342149472,15756.35588813243
Tmsb10,7519.2139801205585,15740.073133388943
Tmsb10,7550.018436037734,15747.485435406916
Tmsb10,7512.0949502063995,15884.850232449508
Tmsb10,7505.582768402496,15870.95520225636
Tmsb10,7509.367718178198,15879.551184817758
Tmsb10,7519.099545849263,15232.654540305284
Tmsb10,7506.650727643188,16949.075419175493
Tmsb10,7513.277707136565,16939.77399377546
Tmsb10,7527.49864496891,15416.382709141617
Tmsb10,7531.2936698738795,15422.862090390941
Tmsb10,7528.6308272818005,15444.00336121763
Tmsb10,7533.325114114944,16907.606868815496
Tmsb10,7534.919016612686,15811.09991564095
Tmsb10,7549.132525067539,15829.445574782118
Tmsb10,7524.961242765262,15893.674166961297
Tmsb10,7536.003475009857,16009.05031629437
Tmsb10,7530.837929034801,16012.872612574472
Tmsb10,7521.064144050169,16023.982798465997
Tmsb10,7522.508833200766,15860.815911689897
Tmsb10,7530.162036922854,16063.984677342281
Tmsb10,7532.3762561602225,16593.099819537503
Tmsb10,7559.678960802319,16589.283141367483
Tmsb10,7546.681643840023,16596.143973737002
Tmsb10,7545.826809908266,16588.090310088442
Tmsb10,7545.712706422145,16603.84614301459
Tmsb10,7553.543385320769,16593.626291425222
Tmsb10,7547.102695939037,16593.31294603494
Tmsb10,7540.799180077155,16582.322268925593
Tmsb10,7572.154005698777,15978.941206675427
Tmsb10,7568.84663568733,15977.960795001165
Tmsb10,7566.563767027776,15795.099833919026
Tmsb10,7569.7218896733675,15812.494323982615
Tmsb10,7555.177634127746,15793.544259510645
Tmsb10,7564.482861573793,15878.833039649664
Tmsb10,7565.734591804664,14635.870389891606
Tmsb10,7573.720695668642,15923.737975352527
Tmsb10,7580.451587492791,15933.010472015632
Tmsb10,7562.49228308369,15812.26497047695
Tmsb10,7587.25127129513,15808.687878344574
Tmsb10,7576.904515055939,16014.46426953146
Tmsb10,7575.892646829495,16656.42289321325
Tmsb10,7591.98189531282,16920.880329508665
Tmsb10,7596.154829474379,16925.135900527635
Tmsb10,7602.102979058409,16915.152898039523
Tmsb10,7603.895195062107,15899.60875303543
Tmsb10,7600.141606865734,15847.352873127884
Tmsb10,7580.091566514331,15836.436208238136
Tmsb10,7596.869677930988,14501.81689174291
Tmsb10,7590.212034093165,14492.271477839831
Tmsb10,7616.467923346527,15991.525513558734
Tmsb10,7616.184400452385,15987.582267006661
Tmsb10,7618.101510312462,15993.495703309962
Tmsb10,7603.668952894916,15948.467771293836
Tmsb10,7590.839373285258,15961.313729794958
Tmsb10,7622.975398553748,15953.664097596291
Tmsb10,7598.140333182759,15876.75769009944
Tmsb10,7611.121866173726,15882.264096875495
Tmsb10,7611.764914692435,15889.245647602831
Tmsb10,7616.239424695159,15871.513250194683
Tmsb10,7598.761131242843,15850.394871172193
Tmsb10,7616.82554160813,15869.111679278798
Tmsb10,7602.777318169519,15811.395667102628
Tmsb10,7612.008063050374,15902.350602659912
Tmsb10,7609.195428964269,15905.69870793306
Tmsb10,7604.954696920192,15911.75000739033
Tmsb10,7601.450910023289,16030.948981901063
Tmsb10,7603.50521198457,16031.43636055583
Tmsb10,7618.579508702456,16036.19335026634
Tmsb10,7617.8534344854415,15924.078693876641
Tmsb10,7622.867238328581,16135.076520426115
Tmsb10,7618.565280899575,16111.817061681122
Tmsb10,7600.0642830303605,16110.332599906053
Tmsb10,7602.11660415077,16123.70462222054
Tmsb10,7602.446206330234,16112.988920007716
Tmsb10,7614.563859205185,16129.637300974062
Tmsb10,7605.136896695946,16120.449064738965
Tmsb10,7645.63217450037,16014.455683345295
Tmsb10,7641.826598750179,16010.039093823678
Tmsb10,7641.770896586022,16010.280090098147
Tmsb10,7628.722858425765,16015.081782321826
Tmsb10,7638.533458610103,16030.38331523125
Tmsb10,7636.677202239872,16011.924293254178
Tmsb10,7644.049395214979,16014.728346117015
Tmsb10,7640.628439770911,16007.774522020629
Tmsb10,7636.17142708141,16018.490968131304
Tmsb10,7619.193205806626,16986.508111632673
Tmsb10,7639.174048878167,16991.2911245128
Tmsb10,7637.639521175358,16979.72112069342
Tmsb10,7617.9274130638605,16963.543604201706
Tmsb10,7633.472820436183,16992.61169516161
Tmsb10,7634.378156159064,16987.609971199647
Tmsb10,7633.120942723424,16989.615781145403
Tmsb10,7636.75299348478,16987.417044317233
Tmsb10,7621.805981742495,16385.330519622654
Tmsb10,7593.003840999975,16067.519856305358
Tmsb10,7615.023429328447,16090.464208395204
Tmsb10,7621.159805491665,16048.819883044767
Tmsb10,7625.370928183647,16068.47866698054
Tmsb10,7608.002151017987,16076.480196011778
Tmsb10,7643.294804947138,15927.551879415638
Tmsb10,7630.27073557805,15918.656978924897
Tmsb10,7650.436157997922,15969.8581091107
Tmsb10,7648.932726014573,15954.676035444007
Tmsb10,7631.0311272915205,15945.808929234381
Tmsb10,7624.083853304573,15951.443177191572
Tmsb10,7662.332053413032,15966.233990223367
Tmsb10,7642.456556528284,15974.057115013966
Tmsb10,7651.195112473351,15960.707071206878
Tmsb10,7642.065105124975,16134.717422763944
Tmsb10,7639.760368215242,16152.939263367556
Tmsb10,7648.976851465017,16078.352955701246
Tmsb10,7656.887426271916,16028.033979793076
Tmsb10,7650.401268058897,16052.925061319776
Tmsb10,7653.2300100588045,16205.572484356138
Tmsb10,7628.36173376247,16206.176768373654
Tmsb10,7653.424695839824,16219.190897906718
Tmsb10,7642.228021286528,16899.277600207533
Tmsb10,7648.01701725155,15873.599190090039
Tmsb10,7663.633100544722,16168.231941771039
Tmsb10,7660.97057842191,16169.735618029548
Tmsb10,7675.146235261221,16174.135201132127
Tmsb10,7649.647363763238,16161.69695794663
Tmsb10,7664.751102044644,16152.715660015981
Tmsb10,7654.704943250515,16162.73291883464
Tmsb10,7674.802621034758,16172.048248128252
Tmsb10,7659.894071021041,16135.367546382495
Tmsb10,7686.966848118658,16034.540964215448
Tmsb10,7673.130778839729,16046.923787340033
Tmsb10,7683.2237821122435,16044.81723238741
Tmsb10,7685.906115408339,16048.211256786093
Tmsb10,7686.109099260011,16118.224056541947
Tmsb10,7670.357666325546,16136.260195759429
Tmsb10,7679.953158712867,16138.177095921736
Tmsb10,7674.854669494705,15990.618428311127
Tmsb10,7678.381309187905,15996.372683616586
Tmsb10,7701.624108445766,15984.515360174797
Tmsb10,7716.810298360279,16073.547031849866
Tmsb10,7685.079107757936,16077.453224986946
Tmsb10,7700.960705980927,16092.615499055932
Tmsb10,7678.863348391602,15957.388532216028
Tmsb10,7675.345720913915,16193.936648978988
Tmsb10,7686.468121127723,16206.554600912797
Tmsb10,7715.754748941979,16253.73433051022
Tmsb10,7718.320984237709,16016.679815072634
Tmsb10,7697.963296158399,16021.477855057163
Tmsb10,7717.904453949338,16015.14124240726
Tmsb10,7703.510340006698,16123.168936098771
Tmsb10,7693.039086552012,16120.488988914743
Tmsb10,7714.750346693431,16124.403292527568
Tmsb10,7706.160274011095,16126.369849984005
Tmsb10,7723.254395098996,16161.44998134718
Tmsb10,7715.3366069946715,16163.205958745044
Tmsb10,7735.351074313419,16163.934966211002
Tmsb10,7724.074887343698,16134.253619567346
Tmsb10,7728.742218134516,16131.90707651262
Tmsb10,7718.099148454374,16133.461911499453
Tmsb10,7728.223562360352,16117.579670548848
Tmsb10,7741.181575470174,16219.853389863774
Tmsb10,7720.751814419025,16224.668409354346
Tmsb10,7735.430294662439,16224.05654738435
Tmsb10,7720.678917828617,16225.10887016683
Tmsb10,7714.275224778595,16198.166418096995
Tmsb10,7723.491311700163,16179.719932563872
Tmsb10,7739.3853057499,16087.60303932367
Tmsb10,7730.504439515872,16086.00270107778
Tmsb10,7723.684884567738,16087.261316542998
Tmsb10,7760.267685578292,16141.65287037626
Tmsb10,7743.126499564306,16147.162163262012
Tmsb10,7741.220339870391,16146.354663618911
Tmsb10,7742.536775805339,16048.531670734596
Tmsb10,7761.993139422832,16175.71666973335
Tmsb10,7768.212511839822,16175.989622058838
Tmsb10,7768.807714445079,16186.676123877513
Tmsb10,7754.6880269813155,16176.868919028137
Tmsb10,7774.82348835665,16171.67581947188
Tmsb10,7742.235342940902,16232.309903653228
Tmsb10,7766.293894329094,16261.36254405191
Tmsb10,7760.068739242999,16241.622756041372
Tmsb10,7747.835831373809,16239.237074776383
Tmsb10,7742.996757171983,16241.371789135119
Tmsb10,7765.5838576061005,14309.310720050746
Tmsb10,7741.488116278037,14312.31897712356
Tmsb10,7765.503752519856,14295.139390153969
Tmsb10,7746.814559436976,14309.254968812713
Tmsb10,7771.190846719799,14318.302039123271
Tmsb10,7742.522942934407,15018.071843422389
Tmsb10,7742.040608909661,15016.090539930134
Tmsb10,7754.180202078977,15027.09164337715
Tmsb10,7752.482313682107,15020.367731279273
Tmsb10,7747.4827094683405,15202.723573521529
Tmsb10,7768.813610165132,15206.353183857065
Tmsb10,7756.4912505513885,15208.767496104896
Tmsb10,7766.476705563129,15225.094584420904
Tmsb10,7770.183752901824,16047.896091012424
Tmsb10,7762.1215050409355,16056.140250237564
Tmsb10,7762.683732070934,16054.079108635178
Tmsb10,7763.037690126842,16104.877887876395
Tmsb10,7766.9802315704965,16111.04381112855
Tmsb10,7756.940566331364,16347.453106025601
Tmsb10,7768.155897549186,16091.195681668696
Tmsb10,7784.27676988989,16077.483458871293
Tmsb10,7781.440490612685,16078.024602357364
Tmsb10,7787.86620980665,16249.662670973914
Tmsb10,7769.44395303117,16233.230711031401
Tmsb10,7794.329181059852,16244.918515488906
Tmsb10,7771.32183569605,16218.052802533608
Tmsb10,7785.264669634677,16211.850349308808
Tmsb10,7778.17919344679,16217.021969709027
Tmsb10,7784.202489092186,16209.510726987366
Tmsb10,7793.695783166323,16348.758630554908
Tmsb10,7779.392310064888,16122.399782583463
Tmsb10,7797.6414022014715,16140.594483416731
Tmsb10,7811.887017042265,16126.396028132798
Tmsb10,7795.614717090305,16180.218986323474
Tmsb10,7827.92846450738,16183.805244497878
Tmsb10,7787.1028055994275,16178.917440968244
Tmsb10,7818.584048528381,16382.473425614216
Tmsb10,7825.129045511821,16370.665520210376
Tmsb10,7830.58565723466,16369.389690904982
Tmsb10,7807.051295266809,16329.036008979938
Tmsb10,7827.206220019802,16355.922804538292
Tmsb10,7798.225719692208,16248.297831685333
Tmsb10,7826.828503417291,16268.980466055611
Tmsb10,7834.628591640152,16263.781201150407
Tmsb10,7835.5610483033015,17211.496427504444
Tmsb10,7844.547919713704,17224.23561015093
Tmsb10,7836.404282785923,17189.37287771334
Tmsb10,7843.909022606369,17209.326904309797
Tmsb10,7839.399318960388,17201.03050345393
Tmsb10,7838.456525463885,17209.403519418353
Tmsb10,7843.6596697685445,16313.821255296722
Tmsb10,7823.751761979402,16296.35297890503
Tmsb10,7846.8729168089985,16310.449552010523
Tmsb10,7832.033513677231,16427.355204678144
Tmsb10,7841.780665130639,16406.894083084608
Tmsb10,7844.786571926196,16427.99533164617
Tmsb10,7837.915710063779,16424.700206922018
Tmsb10,7851.581373016391,16245.79486150426
Tmsb10,7834.661011082091,16235.39477299795
Tmsb10,7840.547649186915,15701.505367370979
Tmsb10,7845.468976269916,15702.173915739937
Tmsb10,7838.071059880981,15698.488818777974
Tmsb10,7862.1547405790425,16318.988571011976
Tmsb10,7833.818985092751,17241.618892676324
Tmsb10,7830.279829491341,17251.91830682453
Tmsb10,7826.067513881449,17257.278246820268
Tmsb10,7852.5152712713325,17270.184343383175
Tmsb10,7866.271781009596,16274.244100008527
Tmsb10,7852.576314963068,16281.874110949017
Tmsb10,7859.340965752153,16280.453156335578
Tmsb10,7857.390601814288,16288.623885557101
Tmsb10,7864.348214562077,16264.259612852022
Tmsb10,7861.4804339090115,16377.80521261823
Tmsb10,7874.80115901559,16376.153097415883
Tmsb10,7865.140323837146,16371.275777431169
Tmsb10,7861.011681641686,16375.834764535435
Tmsb10,7872.010608126367,16375.406923904182
Tmsb10,7868.530750500588,16381.754895279975
Tmsb10,7872.824097003271,16371.901471457213
Tmsb10,7863.322021161806,16353.759566904882
Tmsb10,7881.218115208129,17236.139779645673
Tmsb10,7876.30680220446,16457.279124258483
Tmsb10,7876.640581320917,16456.005660051072
Tmsb10,7861.258353012619,16444.364231291525
Tmsb10,7880.112143711599,16442.414206300316
Tmsb10,7868.970781331149,16455.3420062369
Tmsb10,7865.973281443131,16247.543396986932
Tmsb10,7872.83500021443,16271.487906896025
Tmsb10,7875.787487902929,16251.618500555584
Tmsb10,7875.962919310243,16508.494712911703
Tmsb10,7868.778254937208,16512.756096599882
Tmsb10,7880.807021276565,16501.3847127158
Tmsb10,7903.258023498993,16378.37704975586
Tmsb10,7891.037692760157,16394.510007822195
Tmsb10,7894.3460768845,16295.612694014775
Tmsb10,7899.146463320677,16305.866943618115
Tmsb10,7892.455944875002,16277.513494776726
Tmsb10,7891.689969873824,16293.050677898716
Tmsb10,7918.3605884657145,16298.98088456626
Tmsb10,7905.890087806745,16300.349177917815
Tmsb10,7907.646748660387,16344.245703242948
Tmsb10,7892.648045952869,16363.7694595858
Tmsb10,7896.672216982885,16330.181292264624
Tmsb10,7907.907666756845,16348.555652607729
Tmsb10,7908.485102260655,17263.993440707927
Tmsb10,7897.512006108686,17262.006508489118
Tmsb10,7920.515936956706,17272.357763934284
Tmsb10,7914.669515526916,17263.48894870045
Tmsb10,7921.9508257382395,17269.089586652273
Tmsb10,7896.785370075376,16413.379253731608
Tmsb10,7907.220355790237,16409.775277235723
Tmsb10,7898.233433153528,16422.034585635854
Tmsb10,7894.1257400922605,16491.14579363203
Tmsb10,7925.979041524716,16487.41957235846
Tmsb10,7917.918008746861,16493.39008339482
Tmsb10,7922.331445550029,16524.43660614326
Tmsb10,7922.843391488498,16542.826724796727
Tmsb10,7939.700073622979,16335.983482058324
Tmsb10,7930.063422034142,16332.947473124348
Tmsb10,7946.273385257026,16349.515315766841
Tmsb10,7918.3421652704355,16332.87404633282
Tmsb10,7927.276028090946,16337.400386747235
Tmsb10,7941.0105703003,16327.706023594857
Tmsb10,7933.139280838905,16441.7087017763
Tmsb10,7923.8539773391,16441.858541662925
Tmsb10,7935.075005858811,16438.607904464556
Tmsb10,7928.354692333419,16446.567669414613
Tmsb10,7930.638977916798,16475.006413041705
Tmsb10,7923.687543667373,16478.098820480882
Tmsb10,7937.488689230574,16457.936125470587
Tmsb10,7937.723640385098,17270.870630891262
Tmsb10,7923.756049158578,17257.10565295743
Tmsb10,7934.556666995121,17243.81872309909
Tmsb10,7937.2637146055595,16390.866345680966
Tmsb10,7935.571815736313,16387.467101166887
Tmsb10,7942.141052568092,16399.38570915039
Tmsb10,7933.656580464084,16399.58801818804
Tmsb10,7939.506968453661,16461.90936423875
Tmsb10,7957.769828103164,16487.994071986344
Tmsb10,7952.769775048084,16575.311434778076
Tmsb10,7948.986724949476,16515.16184671369
Tmsb10,7956.715583761969,16513.68169027463
Tmsb10,7951.80878451149,16505.26559594534
Tmsb10,7965.83291915547,16358.899758706992
Tmsb10,7948.9293591083715,16354.301371459353
Tmsb10,7950.5847383777855,16384.00981954885
Tmsb10,7955.921999614702,16389.44081785697
Tmsb10,7966.96114392826,16551.202410122463
Tmsb10,7981.381964980111,16545.382256027602
Tmsb10,7954.964509087784,16562.116575607375
Tmsb10,7977.644896671294,16411.7115255651
Tmsb10,7992.63770583628,17360.15871950927
Tmsb10,7997.206162138676,17367.502645442302
Tmsb10,7997.141816667084,17350.43427188258
Tmsb10,7994.417541137484,17344.5631588606
Tmsb10,7988.087186763933,17351.57699817168
Tmsb10,7989.15475345934,17352.21914299366
Tmsb10,8000.242991082938,17380.410889962874
Tmsb10,8003.287119140063,17362.970563626244
Tmsb10,8005.174426617265,17358.115559400107
Tmsb10,7985.583786783013,17360.087315427114
Tmsb10,7983.12303354039,16918.581293340776
Tmsb10,7972.524981081958,16921.028505730843
Tmsb10,7977.448591050822,16920.500697605086
Tmsb10,7970.2686244054075,16907.985533240986
Tmsb10,7973.664951924341,16908.970252412513
Tmsb10,7988.878944676462,16529.05723079013
Tmsb10,7991.129470200427,16504.17684360659
Tmsb10,8000.431736562048,16526.28840029544
Tmsb10,8011.13957806274,16469.20306870127
Tmsb10,8014.603753064053,16459.68693070546
Tmsb10,8004.847256037681,16596.720349633237
Tmsb10,8001.635779891109,16605.488844699088
Tmsb10,7997.420182078825,16601.08312134818
Tmsb10,7997.754725137965,15884.55206665466
Tmsb10,8009.042956388506,15879.262246243385
Tmsb10,7999.628522023332,16611.791557434783
Tmsb10,8016.141582211522,16628.618599185542
Tmsb10,8009.0492278471875,16636.489735189636
Tmsb10,8014.52899410718,16403.094004978037
Tmsb10,8006.518056826852,16390.975116984762
Tmsb10,7991.8494075446715,16382.17831803721
Tmsb10,8009.269922056141,16382.660768660044
Tmsb10,7989.690162030055,16389.767472976106
Tmsb10,8017.006144457211,16389.749423040852
Tmsb10,8014.488781290144,14846.078647308916
Tmsb10,7992.212235465593,14841.758683315578
Tmsb10,8010.468110806281,14855.86133651625
Tmsb10,8038.545969930632,16581.185006710373
Tmsb10,8035.565776482981,16557.606643491305
Tmsb10,8037.653740048862,16574.896923622167
Tmsb10,8014.704210978694,16523.03317803525
Tmsb10,8029.578299479607,16528.250845805975
Tmsb10,8037.554255737491,16391.073699723664
Tmsb10,8048.298725921062,16410.338876329897
Tmsb10,8025.813866427954,16389.735656275327
Tmsb10,8045.970717512677,16530.52385938396
Tmsb10,8052.910085415283,16522.088270113894
Tmsb10,8043.661041760697,16529.67770671545
Tmsb10,8048.069734594769,16612.631544905013
Tmsb10,8045.697348920564,16625.955870423197
Tmsb10,8048.841684190974,16592.56413625557
Tmsb10,8048.97537935457,16586.073039463867
Tmsb10,8084.9666171799445,16583.447899765983
Tmsb10,8065.149627962414,16593.314819732797
Tmsb10,8072.843756948173,16596.92719752627
Tmsb10,8055.809437414062,16592.590394185536
Tmsb10,8053.488708636165,16455.52979490993
Tmsb10,8065.9455929380965,16449.35351185461
Tmsb10,8053.114242727237,16463.25754919165
Tmsb10,8047.40313862872,16464.6032714553
Tmsb10,8055.697441619,16466.008888379234
Tmsb10,8061.7213548019345,16643.00248283567
Tmsb10,8069.339967989556,16666.54688025395
Tmsb10,8054.378149733828,16658.48783773535
Tmsb10,8058.382330964854,16659.448863447025
Tmsb10,8057.797796674632,16676.807958304293
Tmsb10,8066.070801915069,16664.856937764413
Tmsb10,8076.215630209452,16683.511360387896
Tmsb10,8049.9522182757855,16557.664034206846
Tmsb10,8066.865369942788,16552.32606115924
Tmsb10,8067.503912080503,16559.078207352206
Tmsb10,8088.432456271114,16519.953081866042
Tmsb10,8100.241520252816,16504.740684228545
Tmsb10,8071.739558340004,16617.14180053106
Tmsb10,8072.773308074563,16621.24445740882
Tmsb10,8080.049387045812,16616.704529998973
Tmsb10,8076.297925131274,15372.67516637303
Tmsb10,8103.046453096358,16589.595947545713
Tmsb10,8085.410767359501,16582.64893554339
Tmsb10,8096.333467857777,16567.383223913374
Tmsb10,8072.467860414898,15071.494021297916
Tmsb10,8075.19383988237,15052.643065462393
Tmsb10,8072.550145815586,15048.965808277171
Tmsb10,8078.649455137716,15069.591973102233
Tmsb10,8078.665682654983,16545.15598748854
Tmsb10,8088.847502794168,16526.66707441652
Tmsb10,8097.346179933895,16474.27115253253
Tmsb10,8096.364607974898,16458.736861949037
Tmsb10,8111.147045275008,16466.859083367453
Tmsb10,8090.766503693908,16699.646709125525
Tmsb10,8122.780315030985,17464.62678124367
Tmsb10,8124.509470338451,17442.36617039336
Tmsb10,8131.205832508046,17468.640757777564
Tmsb10,8114.167313738079,17426.553323699758
Tmsb10,8126.878422560108,17462.33094334826
Tmsb10,8115.013056906884,17469.315495214127
Tmsb10,8130.126415391553,17445.75231556392
Tmsb10,8125.168043296371,17448.76071016826
Tmsb10,8131.944378403981,17456.702503004148
Tmsb10,8103.951263931826,17452.805796070097
Tmsb10,8126.334456621605,17457.355284619378
Tmsb10,8137.660345349748,17456.44894588211
Tmsb10,8120.685497604452,17463.500174832243
Tmsb10,8122.677908557204,17449.043748285112
Tmsb10,8136.104723323346,17463.952949876337
Tmsb10,8080.382135233256,16724.03423501397
Tmsb10,8086.969850120494,16727.067645592495
Tmsb10,8086.928316908512,16710.314143651605
Tmsb10,8115.805293859467,16518.03549969276
Tmsb10,8103.207090708773,16518.952171198653
Tmsb10,8084.9337487633275,16534.853470417038
Tmsb10,8106.546018131074,16520.629854793548
Tmsb10,8120.995484228262,16534.713266028688
Tmsb10,8117.513408228865,16592.361988248616
Tmsb10,8096.565495961426,16583.53845860945
Tmsb10,8126.32627318575,16512.71106257228
Tmsb10,8135.061775184294,16546.568196008764
Tmsb10,8120.434319824124,16541.92489411759
Tmsb10,8128.577006571089,16517.539277323103
Tmsb10,8150.561600224032,16522.09265447409
Tmsb10,8140.836889079741,16529.060892289133
Tmsb10,8134.2346764665745,16536.822293086978
Tmsb10,8144.328328857798,16592.75455800787
Tmsb10,8156.939803415172,16589.489800426305
Tmsb10,8147.433903551748,16580.293982577947
Tmsb10,8144.949230177777,16680.607318254213
Tmsb10,8128.957170580893,16673.616723876854
Tmsb10,8159.684551993736,16792.414959955477
Tmsb10,8161.097763423797,16782.95961402226
Tmsb10,8157.979021141918,16807.959707655133
Tmsb10,8159.653633309619,16714.50020852313
Tmsb10,8163.228227906791,16706.592087335775
Tmsb10,8153.045576629743,16704.73673445931
Tmsb10,8157.504873828299,16718.666503783137
Tmsb10,8167.021858861698,16683.03433947759
Tmsb10,8167.3987576644,16703.014332432565
Tmsb10,8171.025446483435,16547.237084571934
Tmsb10,8163.443734577605,16537.649522614727
Tmsb10,8168.919095670175,16564.725645793977
Tmsb10,8159.117625040804,16554.16923844991
Tmsb10,8170.200038903271,16539.022939988812
Tmsb10,8170.079589650073,16631.98514938887
Tmsb10,8177.8073083619465,16657.312273679723
Tmsb10,8184.506041337353,16636.138888948324
Tmsb10,8181.1628639778155,16710.362982239993
Tmsb10,8168.308870927586,16716.39436886931
Tmsb10,8196.128161267336,16723.565085210284
Tmsb10,8178.729731518585,15849.501398483304
Tmsb10,8175.091603131299,15859.424865327019
Tmsb10,8189.512598022575,16595.819447944898
Tmsb10,8184.603163128505,16608.76369067905
Tmsb10,8199.713379406543,16617.002175931375
Tmsb10,8202.515566861202,16603.373655076302
Tmsb10,8187.718664495591,16602.6954773939
Tmsb10,8179.885272143973,16609.61178331891
Tmsb10,8197.596296328258,16797.35284798584
Tmsb10,8176.956764666881,16820.53286496871
Tmsb10,8174.762548744336,16807.90817417049
Tmsb10,8183.930566095118,16754.420102254277
Tmsb10,8189.1992415918785,16741.132152970637
Tmsb10,8196.93728613885,16762.438938271796
Tmsb10,8203.209715520115,16761.300706994854
Tmsb10,8198.273472535731,16759.873997233623
Tmsb10,8206.731771752624,16564.537431432407
Tmsb10,8201.989655071244,16565.514518466032
Tmsb10,8206.373059421176,16588.614496721588
Tmsb10,8198.697323319004,15198.642915425396
Tmsb10,8192.105543461586,15172.682461025712
Tmsb10,8224.381386005498,16801.967540618774
Tmsb10,8220.734985320985,16791.126264639737
Tmsb10,8204.838412381738,15188.418656334046
Tmsb10,8205.079023320633,15187.999197056643
Tmsb10,8221.55022540278,15217.968839542065
Tmsb10,8228.393034294664,16717.1493095109
Tmsb10,8229.190611103077,16718.88299692844
Tmsb10,8220.996367413723,16713.027762599548
Tmsb10,8223.072302188188,16626.61645922012
Tmsb10,8231.804465257444,16668.015540397057
Tmsb10,8214.934140994157,16679.565981465028
Tmsb10,8214.148946727004,16674.230024952896
Tmsb10,8235.187242644603,15336.265454718798
Tmsb10,8235.933949726857,15340.683569322562
Tmsb10,8235.681690359595,15336.551693982128
Tmsb10,8242.508810685453,16701.523898669064
Tmsb10,8244.54520517468,16678.40723777624
Tmsb10,8248.563064668162,16686.19362430928
Tmsb10,8231.533238395241,16874.157229765897
Tmsb10,8222.237236164783,16877.769832528786
Tmsb10,8242.69172328091,16869.57418556918
Tmsb10,8241.967484452924,16856.74251402488
Tmsb10,8229.96311871423,16871.06074575881
Tmsb10,8232.174221043668,16867.141645972766
Tmsb10,8250.553394855033,16717.425577713788
Tmsb10,8235.15265233289,16732.91658092024
Tmsb10,8238.190181718666,16742.878392263643
Tmsb10,8237.04311061383,16723.955900411427
Tmsb10,8240.388038338444,16652.528016365275
Tmsb10,8263.237598293847,16654.130910990938
Tmsb10,8244.22254357096,16655.097112921754
Tmsb10,8262.481125166134,16699.147944084012
Tmsb10,8265.474002072891,16726.684205495138
Tmsb10,8258.32620221849,16747.93550224636
Tmsb10,8274.893631366447,16766.317132475146
Tmsb10,8246.858615263334,16746.061584363448
Tmsb10,8252.289935902973,16761.353384745053
Tmsb10,8240.633674621069,16755.88513058251
Tmsb10,8247.546823004363,16750.24148598948
Tmsb10,8261.357921113386,16799.25421125909
Tmsb10,8259.08522507807,16803.32417930374
Tmsb10,8256.114444830495,16794.389652541875
Tmsb10,8286.035240136858,16750.45274381475
Tmsb10,8266.723767328633,16747.75332657713
Tmsb10,8269.205874778772,16739.994280859897
Tmsb10,8258.325705524292,16856.595905073846
Tmsb10,8266.981396967018,16870.788548678036
Tmsb10,8275.713451076397,16877.542822906824
Tmsb10,8275.842466874032,16864.770024507365
Tmsb10,8293.123425305974,16864.815351170615
Tmsb10,8286.127316010228,16883.930532654238
Tmsb10,8272.766439007213,16875.287342756183
Tmsb10,8267.51506563989,16670.357638352478
Tmsb10,8274.331672684952,16675.338188067926
Tmsb10,8272.511774966717,16835.712144525747
Tmsb10,8286.808374431905,16830.280731217914
Tmsb10,8272.674479228537,16835.43833930478
Tmsb10,8276.974937229656,16820.56701146271
Tmsb10,8277.922500854827,16840.979784869833
Tmsb10,8276.020070509554,16826.825658593658
Tmsb10,8284.47497184431,16949.476949502005
Tmsb10,8286.700084867916,16786.732044610897
Tmsb10,8306.374109546083,16707.471105017994
Tmsb10,8313.143900768213,16685.384531883374
Tmsb10,8299.370097729307,16743.548591499773
Tmsb10,8329.169972790334,16793.196357672237
Tmsb10,8330.0129264392,16796.596909248994
Tmsb10,8330.191043655528,16795.025450921254
Tmsb10,8322.455985999664,16807.41281619494
Tmsb10,8334.552144196054,16779.6210844235
Tmsb10,8295.624492830824,16874.908078065702
Tmsb10,8289.84646800545,16882.84919266599
Tmsb10,8296.011790175156,16867.626778123
Tmsb10,8320.51890186323,16873.47086047527
Tmsb10,8305.433704508594,16817.53242351673
Tmsb10,8311.366459489867,16811.620825084738
Tmsb10,8318.445622690078,16820.410999430627
Tmsb10,8332.513154392589,16656.365108950886
Tmsb10,8334.57402952762,16644.51480212581
Tmsb10,8342.812549059427,16658.90071985081
Tmsb10,8334.085120971604,16716.981213790874
Tmsb10,8334.449231214907,16694.70743137651
Tmsb10,8345.195766690447,16709.735073268366
Tmsb10,8338.544317535421,16775.732724053098
Tmsb10,8339.617742913975,16781.816680878015
Tmsb10,8350.617274611935,16861.1001676676
Tmsb10,8340.146324671205,16892.845822818905
Tmsb10,8351.221716292344,16895.88930964764
Tmsb10,8348.278040468438,16908.229821404824
Tmsb10,8361.411755581186,16749.67281015646
Tmsb10,8351.768229175155,16749.984398826582
Tmsb10,8366.593978449271,16740.643821252994
Tmsb10,8370.470304011142,16754.829247267
Tmsb10,8375.914948829142,16732.650380365976
Tmsb10,8370.377152290546,16747.24930069815
Tmsb10,8387.610922033531,16870.78562920416
Tmsb10,8368.71200944399,16881.01423113917
Tmsb10,8377.745997296635,16832.514645319963
Tmsb10,8367.605026459667,16839.561610911354
Tmsb10,8373.182439941136,16828.302590794472
Tmsb10,8369.69026108751,16842.034966023006
Tmsb10,8377.621869771227,16830.133665879774
Tmsb10,8375.306575380899,16831.544062940913
Tmsb10,8385.827925869966,16826.386477662538
Tmsb10,8370.90257908,16830.973671995813
Tmsb10,8381.142235687254,16843.16688678352
Tmsb10,8367.836137604541,16800.175737158563
Tmsb10,8358.167239023274,16792.10557776384
Tmsb10,8357.484551519066,16801.19448390673
Tmsb10,8383.079241163174,15335.852230550112
Tmsb10,8386.209403502262,15337.607546871852
Tmsb10,8378.47442858041,15336.123334816868
Tmsb10,8364.03697716102,15347.668007515309
Tmsb10,8369.582280267934,15352.974068298934
Tmsb10,8379.05890552878,15330.38682128499
Tmsb10,8387.942048533356,15336.84106500162
Tmsb10,8379.911710234313,15344.934840596565
Tmsb10,8362.238349090276,15332.621149217419
Tmsb10,8377.238222184513,16787.684041821514
Tmsb10,8382.396202184329,16774.941602443592
Tmsb10,8391.252702928961,16796.564463184135
Tmsb10,8393.69933626307,16964.21844790312
Tmsb10,8379.64820934599,16946.724941999546
Tmsb10,8364.403452625804,16961.260164053834
Tmsb10,8405.732374748344,16740.68635580764
Tmsb10,8410.184304857681,16737.613464353446
Tmsb10,8400.073847749218,16735.184546455883
Tmsb10,8406.65338254724,17014.49615902129
Tmsb10,8410.192521273802,17018.023603841684
Tmsb10,8392.009750463483,17034.466557203068
Tmsb10,8388.303274163602,17013.988831871196
Tmsb10,8400.481243466284,17022.77777294767
Tmsb10,8409.831030991194,17027.463288778745
Tmsb10,8408.72348351426,16916.86836291309
Tmsb10,8409.860168280033,16922.020418872657
Tmsb10,8413.774270547918,16921.70921878277
Tmsb10,8381.76447394349,16930.699148710555
Tmsb10,8393.790385332526,16928.489050578755
Tmsb10,8379.918518929138,16907.916836323267
Tmsb10,8400.652870246207,15174.850295539172
Tmsb10,8407.371516697527,15171.96844649832
Tmsb10,8410.032885167853,16873.038700882455
Tmsb10,8407.386709265806,16875.74332837927
Tmsb10,8390.776651371038,16881.76521300278
Tmsb10,8418.075395401398,16881.83100974194
Tmsb10,8393.042776657623,16873.44652492631
Tmsb10,8428.78796746928,16785.392672256086
Tmsb10,8424.776801284199,16770.057343436565
Tmsb10,8416.7177423571,16772.24675324875
Tmsb10,8435.775052940007,16777.007109350037
Tmsb10,8423.206087571474,16763.43345355694
Tmsb10,8426.248667847238,16774.883847053807
Tmsb10,8416.611652297473,16837.450622924873
Tmsb10,8407.814740705118,16825.370205519004
Tmsb10,8408.709525737144,16835.81614307821
Tmsb10,8425.064498234891,16840.48509609711
Tmsb10,8418.492823931636,16840.416942337382
Tmsb10,8413.212565111904,16826.833272986885
Tmsb10,8420.55206140369,16837.40840623107
Tmsb10,8420.067741995123,16919.376859788135
Tmsb10,8450.537832655411,16809.603564756206
Tmsb10,8435.112326128046,16963.988040767534
Tmsb10,8428.226867646605,16966.94292329359
Tmsb10,8429.597392857968,16979.312798357663
Tmsb10,8422.533502931343,16970.944520086465
Tmsb10,8427.201443224494,16968.868953330195
Tmsb10,8420.649775387668,16957.474290055332
Tmsb10,8447.762587176414,16929.8487997891
Tmsb10,8441.290441987734,16919.6944338343
Tmsb10,8451.501717587495,16931.42492265326
Tmsb10,8458.245571840192,17029.331349982745
Tmsb10,8455.050511859878,16852.333582597734
Tmsb10,8453.019952321922,16849.528553564203
Tmsb10,8454.960397377117,16857.345067563198
Tmsb10,8446.261915803429,16862.916070332292
Tmsb10,8441.285992178371,16845.59972535344
Tmsb10,8470.49223673186,16995.419477136897
Tmsb10,8456.447668574063,16718.24944311827
Tmsb10,8469.173347164617,16706.39595727601
Tmsb10,8461.900286561142,16712.731371333968
Tmsb10,8461.484166593533,16801.074636812755
Tmsb10,8451.652600967576,16793.556696673597
Tmsb10,8464.398944955183,16801.430539076144
Tmsb10,8468.776157252749,16821.256890029348
Tmsb10,8474.645480337387,17008.34511027517
Tmsb10,8471.893989835427,17021.987531349125
Tmsb10,8457.729725051864,17028.523251214494
Tmsb10,8473.828751721798,16914.518868408777
Tmsb10,8475.99640166534,16923.016648159977
Tmsb10,8472.566481627167,16915.679042706473
Tmsb10,8458.738686977946,16803.658360531575
Tmsb10,8470.141807060814,16794.834787914766
Tmsb10,8462.910205634978,16807.20513220007
Tmsb10,8490.538774203867,16858.13302864418
Tmsb10,8480.121647285087,16826.479604702257
Tmsb10,8490.390548844302,16857.543512683063
Tmsb10,8508.796179270432,16885.636123222353
Tmsb10,8503.06358411166,16912.492715271987
Tmsb10,8495.406340801313,16893.285901486226
Tmsb10,8487.523881367457,16887.898507134443
Tmsb10,8509.540704601923,16885.361067994963
Tmsb10,8493.674961286972,17011.885249353603
Tmsb10,8483.695658170062,17018.293986687553
Tmsb10,8493.887259055857,17040.01515739606
Tmsb10,8501.6357016325,16946.924179528673
Tmsb10,8521.179422304576,16982.528447092263
Tmsb10,8546.758310931176,17041.16700262065
Tmsb10,8520.631806300791,17014.786021782886
Tmsb10,8524.103453167972,17016.63888688658
Tmsb10,8537.523357276548,16945.538673527444
Tmsb10,8541.208796387622,16893.557162824112
Tmsb10,8529.78083258165,16882.506441770416
Tmsb10,8552.807818224577,17053.40657051405
Tmsb10,8532.852730214658,17066.595956645382
Tmsb10,8530.816877513109,17077.055289568692
Tmsb10,8518.6574545742,17076.547491475954
Tmsb10,8523.267144890842,17050.528962034306
Tmsb10,8551.880060882191,17103.14009109857
Tmsb10,8542.446110976849,17118.38324647282
Tmsb10,8545.197632346524,17139.487208803934
Tmsb10,8564.86998325064,17001.387945247312
Tmsb10,8549.871764480484,16979.89250566263
Tmsb10,8554.851412919601,16994.292707661636
Tmsb10,8560.817952651352,17078.90245460077
Tmsb10,8558.95828513929,17091.147687049634
Tmsb10,8563.882038743159,16944.05777765745
Tmsb10,8567.742728414838,16955.91322175515
Tmsb10,8582.07907339436,16931.952938790542
Tmsb10,8575.464338378113,16939.372268233823
Tmsb10,8562.811594709103,16935.948921956515
Tmsb10,8573.241604885725,16951.07720640359
Tmsb10,8568.055028739327,16936.56148996244
Tmsb10,8560.286493033205,16933.86283303088
Tmsb10,8572.861163242766,16940.21417624808
Tmsb10,8583.373164764458,16994.6664208252
Tmsb10,8577.471460286808,16976.55703955573
Tmsb10,8592.88062700849,16986.88989630116
Tmsb10,8599.357549765326,17826.754532946117
Tmsb10,8579.486456848956,17811.556992333837
Tmsb10,8611.781404448862,17821.318970212138
Tmsb10,8588.622640093674,17015.88473019344
Tmsb10,8593.985202810702,17153.31137129582
Tmsb10,8588.11116590917,17152.072065847256
Tmsb10,8588.549595956469,17143.34102633509
Tmsb10,8619.491434207674,17137.93500788757
Tmsb10,8596.915914167426,17143.44891175844
Tmsb10,8593.259954785266,17145.783568379764
Tmsb10,8613.080191427836,16967.909377002292
Tmsb10,8627.00975108724,16967.27151372232
Tmsb10,8607.468948277774,16968.387478990342
Tmsb10,8621.011412429192,16946.80467548476
Tmsb10,8636.890558438288,16999.408257674902
Tmsb10,8612.422812219993,17019.408221801546
Tmsb10,8642.337823331442,17178.43271905825
Tmsb10,8645.731945033529,17187.40441046332
Tmsb10,8629.708680949385,17173.37251392096
Tmsb10,8643.0655823116,17171.165325755148
Tmsb10,8627.271267450833,17182.36714188246
Tmsb10,8626.614609902104,17186.88534181276
Tmsb10,8647.519000252425,17162.206641826477
Tmsb10,8627.434458938116,17182.207670409913
Tmsb10,8628.912254955098,17174.536582294262
Tmsb10,8625.227347842165,17138.893581045795
Tmsb10,8619.562154003357,17124.86756398866
Tmsb10,8633.347095232086,17100.09911010696
Tmsb10,8623.76995512371,17110.74173984807
Tmsb10,8637.03769211655,17121.859774048313
Tmsb10,8622.744948620393,17098.77463716218
Tmsb10,8637.775289061612,17247.13297960026
Tmsb10,8659.948656483646,16998.068557808718
Tmsb10,8657.759941911325,17013.021544394847
Tmsb10,8664.395657755595,17009.692305213805
Tmsb10,8648.600927306123,17080.612378094353
Tmsb10,8640.383498870175,17074.6701224963
Tmsb10,8668.657678157198,17109.6347539862
Tmsb10,8654.952461731087,17088.88315943986
Tmsb10,8649.512731831104,17068.360745243364
Tmsb10,8636.112459020786,17068.13927603147
Tmsb10,8654.594511071822,17081.726966756076
Tmsb10,8670.006972009973,17147.973226483566
Tmsb10,8645.144232415785,17121.777798256553
Tmsb10,8671.854811651348,17133.22152454279
Tmsb10,8673.752919365175,17049.504974863226
Tmsb10,8677.429655931086,17052.878479724215
Tmsb10,8692.402752776217,17038.672907058117
Tmsb10,8680.31927357354,17034.17424205838
Tmsb10,8670.535989615653,17080.107806209857
Tmsb10,8670.888438946706,15476.421589766078
Tmsb10,8669.583555646554,15482.317548411047
Tmsb10,8695.693685560245,16912.975771146757
Tmsb10,8686.403790492714,16913.82436803185
Tmsb10,8690.333137939633,16930.011367390332
Tmsb10,8689.271316685614,16914.05668195528
Tmsb10,8688.016832114392,17189.84545063617
Tmsb10,8673.687669172437,17180.506388455084
Tmsb10,8687.032900565053,17191.869443572657
Tmsb10,8692.146526938408,17186.787481715226
Tmsb10,8673.750234854875,17192.97201941678
Tmsb10,8669.074801333009,17177.840075809254
Tmsb10,8675.229873739238,17181.70366836797
Tmsb10,8690.278668448476,17188.052188861817
Tmsb10,8674.680503715908,17183.04038950133
Tmsb10,8685.127080900462,17113.947724110443
Tmsb10,8682.045641193403,17117.565476827887
Tmsb10,8693.715327876227,17142.70063881625
Tmsb10,8687.140645857957,17113.371810148867
Tmsb10,8704.677467108,17699.10761367745
Tmsb10,8700.869990769537,17004.020832819766
Tmsb10,8728.155561796932,17637.95228046747
Tmsb10,8705.656814263284,17635.674066152857
Tmsb10,8719.708210739136,17645.93079705874
Tmsb10,8697.01234626427,17647.64284719447
Tmsb10,8702.803072965173,17621.920014811825
Tmsb10,8697.381003378807,17174.995685929036
Tmsb10,8704.660068782432,17172.259015463344
Tmsb10,8701.966397791412,17173.427074609124
Tmsb10,8699.357863743713,17172.5963686933
Tmsb10,8716.058058290138,15737.72396675513
Tmsb10,8703.324894316202,17145.49064504152
Tmsb10,8696.399963317028,17148.3044359663
Tmsb10,8705.230427116849,17216.626614033856
Tmsb10,8703.752225525424,17217.33637246619
Tmsb10,8709.349735671878,17219.96063565483
Tmsb10,8699.807170116213,17274.503824248128
Tmsb10,8704.906575707982,17069.20642480318
Tmsb10,8740.547723186028,17065.51052241541
Tmsb10,8736.947960056712,17055.92407332462
Tmsb10,8725.835624897452,17050.424389455966
Tmsb10,8709.080454599003,17070.041968853013
Tmsb10,8725.764509654691,17060.62420014951
Tmsb10,8711.499646365952,17152.86923465125
Tmsb10,8727.282059906396,17129.21515746029
Tmsb10,8733.693917066797,17129.556224304517
Tmsb10,8730.766478773723,17133.580103480068
Tmsb10,8732.005616664259,17131.53516023968
Tmsb10,8733.504516357758,17119.363752378318
Tmsb10,8713.203399377988,17248.11946238593
Tmsb10,8727.574387822364,17249.863432143644
Tmsb10,8737.761260063602,17250.337200817223
Tmsb10,8747.25404282436,17276.183914498724
Tmsb10,8738.984351170657,17270.870527800012
Tmsb10,8733.680281624156,17260.288233374293
Tmsb10,8744.658289920417,17097.190077056235
Tmsb10,8753.527925312577,17089.14439293477
Tmsb10,8744.578764557627,17069.96222038597
Tmsb10,8742.981043067315,17076.909234789106
Tmsb10,8740.422386112195,17078.73953680683
Tmsb10,8739.489183780343,17082.972274338852
Tmsb10,8761.79802146927,17110.369271913307
Tmsb10,8775.098365614453,17113.59954193691
Tmsb10,8747.217587053223,17917.546397850536
Tmsb10,8767.606727637694,17896.1817096991
Tmsb10,8768.079122084946,17904.845868585457
Tmsb10,8752.056007530713,17902.355913029936
Tmsb10,8747.618206700818,17225.3235894353
Tmsb10,8770.502556737398,17233.820475173135
Tmsb10,8743.907093915801,17206.578892039764
Tmsb10,8758.602962445331,17171.5770115945
Tmsb10,8744.878443453503,17183.201289544126
Tmsb10,8758.238375478944,17183.336037077723
Tmsb10,8751.033391046587,17418.987720252364
Tmsb10,8762.799879798667,17415.3470997875
Tmsb10,8759.651564139109,17419.28068446083
Tmsb10,8766.824391987191,17438.587973364767
Tmsb10,8755.158903297552,17428.117036815045
Tmsb10,8746.306568254267,17425.366833631328
Tmsb10,8740.220834721318,17409.590584690563
Tmsb10,8763.102383334983,17424.904620368274
Tmsb10,8762.40701096828,17168.850816223352
Tmsb10,8756.519287612606,17172.3528358391
Tmsb10,8763.222424269741,17163.85532905816
Tmsb10,8775.956690193538,17155.08946091076
Tmsb10,8800.591259649424,17119.708534719615
Tmsb10,8797.35373258933,17137.846533690794
Tmsb10,8795.416838729541,17149.10151689196
Tmsb10,8815.830250510418,17195.930397109278
Tmsb10,8810.531677867482,17202.579329393084
Tmsb10,8792.828699433949,17194.147825982833
Tmsb10,8814.544497003915,17188.52299686506
Tmsb10,8807.892309717261,17182.860710819525
Tmsb10,8815.713313414182,17194.33865734896
Tmsb10,8816.86276593917,17186.125403631868
Tmsb10,8853.018322362223,17308.750770781753
Tmsb10,8839.949466354721,17330.537837926153
Tmsb10,8828.055474189201,17316.634786499013
Tmsb10,8822.509091623166,17320.263450398117
Tmsb10,8820.592758295166,17133.681366830326
Tmsb10,8824.375583767904,17126.152323978262
Tmsb10,8816.92384232559,17126.824391105598
Tmsb10,8819.985594235988,17125.944804785162
Tmsb10,8829.420667636487,17141.252949074125
Tmsb10,8836.690250530726,17234.175830624587
Tmsb10,8822.411998929767,17229.527285038144
Tmsb10,8835.78919049838,17231.35708756041
Tmsb10,8834.961640489142,17240.414175719125
Tmsb10,8822.049542626177,17737.79347314992
Tmsb10,8813.968712109221,17738.262038132598
Tmsb10,8812.772247094015,17740.874629145514
Tmsb10,8846.301479995635,17268.34173412462
Tmsb10,8832.301430499094,17291.616409754744
Tmsb10,8837.37005830321,17273.916560001348
Tmsb10,8832.953203646628,17273.382178653817
Tmsb10,8847.081277311376,17273.70483974315
Tmsb10,8837.420270761744,17290.249657891025
Tmsb10,8834.052281118937,17185.226105830414
Tmsb10,8843.519093093537,17181.476270532145
Tmsb10,8827.720258681133,17203.109713590584
Tmsb10,8850.184695762966,17771.020280923593
Tmsb10,8850.533907595867,17773.368171748225
Tmsb10,8867.663570157518,17764.920468300148
Tmsb10,8850.427248014446,17125.104557447507
Tmsb10,8864.13588918766,17147.69929235592
Tmsb10,8840.86336020771,17134.232684502793
Tmsb10,8841.695918692083,17366.949283793823
Tmsb10,8870.577132667579,17341.780140319894
Tmsb10,8864.26171701564,17336.179065436
Tmsb10,8878.233243032666,17338.442713802426
Tmsb10,8871.392692403962,17270.326004012386
Tmsb10,8859.243236003445,17267.411929800593
Tmsb10,8868.02782107767,17270.034125702274
Tmsb10,8863.264209092387,17274.43893570564
Tmsb10,8891.871820613911,17188.387512208672
Tmsb10,8886.073554049297,17180.579664735178
Tmsb10,8883.244318387033,17184.082011828512
Tmsb10,8903.150242323778,17239.729580217772
Tmsb10,8885.088114929917,17248.79721505424
Tmsb10,8884.01749831127,17253.834746763394
Tmsb10,8888.3952808346,17239.572504542313
Tmsb10,8888.807918640456,17248.880989683275
Tmsb10,8873.556654381737,17233.610256332282
Tmsb10,8881.738363790677,17245.60026949394
Tmsb10,8883.240225827472,17250.464463960463
Tmsb10,8870.330868783356,17248.982039948976
Tmsb10,8888.918452165903,17157.587606191228
Tmsb10,8899.951013484306,17146.54363624839
Tmsb10,8883.04097625854,17169.51999878523
Tmsb10,8900.693383035246,17144.95752239135
Tmsb10,8901.261150347147,17173.02459649059
Tmsb10,8899.848442603388,17151.99687443945
Tmsb10,8904.49621252171,17283.449326981903
Tmsb10,8911.668762215655,17291.02748435036
Tmsb10,8900.113626895325,17308.568433987326
Tmsb10,8910.706195393637,17292.71408892591
Tmsb10,8903.95858349984,17287.76451601739
Tmsb10,8905.84925656073,17295.685337336425
Tmsb10,8893.965458195613,17369.911094179693
Tmsb10,8905.856991610048,17394.805895950107
Tmsb10,8895.377711616547,17396.856409765212
Tmsb10,8907.356378900622,17343.77103336155
Tmsb10,8927.923990913572,17345.329721142367
Tmsb10,8908.117777383695,17333.322020049236
Tmsb10,8910.476872031928,17345.25391512547
Tmsb10,8919.86817500034,17220.20291846626
Tmsb10,8902.956766046951,17237.653513614277
Tmsb10,8928.84664516779,17241.7030688871
Tmsb10,8914.649869983252,17267.68044196539
Tmsb10,8906.883632895091,17250.53730781197
Tmsb10,8921.191629073086,17200.218308598276
Tmsb10,8929.888951792065,17199.89940833405
Tmsb10,8918.464336662119,15858.884155516358
Tmsb10,8916.704677181897,15850.016781701659
Tmsb10,8922.812210967693,17105.181537054817
Tmsb10,8931.997254542592,17109.124225193773
Tmsb10,8966.171643215113,17994.117004157582
Tmsb10,8935.479855274856,17261.345807678088
Tmsb10,8955.30963004746,17259.64646640291
Tmsb10,8951.977547513236,17258.89760962798
Tmsb10,8956.34183711556,17298.835410968186
Tmsb10,8947.260372051707,17315.90764817429
Tmsb10,8963.255748346057,17316.845351809192
Tmsb10,8973.39419514639,17377.741295481326
Tmsb10,8963.281248075642,17371.006412484658
Tmsb10,8953.466746465123,17389.778587557263
Tmsb10,8957.544323565362,17359.976251400036
Tmsb10,8965.072991658586,17367.6169358479
Tmsb10,8961.62277650686,17374.09925818172
Tmsb10,8951.97049934236,17363.792774178783
Tmsb10,8972.223342007237,17380.69588850307
Tmsb10,8979.163822132146,17232.891796741354
Tmsb10,8986.577150972731,17281.75300209349
Tmsb10,8973.718692442117,17278.64470990681
Tmsb10,8977.526168159815,17298.81204346821
Tmsb10,8976.966095934766,17285.65082289184
Tmsb10,8963.720825008546,17276.481207971505
Tmsb10,8986.175669384642,15976.907440846684
Tmsb10,8978.53492551225,15949.677928247775
Tmsb10,8972.809727819465,15567.867942640964
Tmsb10,8970.464769954671,15539.82051196565
Tmsb10,8993.42410467614,15555.659796422831
Tmsb10,8991.71349937873,15547.260398340608
Tmsb10,8990.945795232195,15556.966055666517
Tmsb10,8969.172074656706,15556.197267614702
Tmsb10,9000.101241177523,17250.543866154378
Tmsb10,8994.904573036629,17367.042400994167
Tmsb10,9001.710328967494,17384.734890783395
Tmsb10,8997.995918568553,17380.899706793778
Tmsb10,9012.398118565705,18013.57861871602
Tmsb10,9011.980828049716,18037.522491040974
Tmsb10,8987.656611697088,18024.917788945713
Tmsb10,9027.442057473032,18018.336575293793
Tmsb10,9024.675927367216,17444.352858055376
Tmsb10,8998.718070937075,17434.534199735368
Tmsb10,9012.404870462275,17437.47716441459
Tmsb10,9005.754456103743,17438.570376639906
Tmsb10,9008.591209156719,17180.206451752012
Tmsb10,9008.780208052738,17361.229479175025
Tmsb10,9019.753289471915,17340.67949407665
Tmsb10,9022.370861790687,17329.03281348846
Tmsb10,9018.126212751824,17343.89313165022
Tmsb10,9025.231860453909,17337.851200141387
Tmsb10,9010.829149808573,17397.639131560853
Tmsb10,9035.695775109905,17406.49097578082
Tmsb10,9033.241642198363,17408.575688087265
Tmsb10,9018.873794241523,17267.21124981616
Tmsb10,9035.436623573503,17271.358069472986
Tmsb10,9045.779424325827,17276.688697723665
Tmsb10,9031.29475953155,17271.685184622696
Tmsb10,9040.75204719345,17274.475070462002
Tmsb10,9030.958660395454,17307.849034564777
Tmsb10,9044.876680769137,17300.384618085543
Tmsb10,9043.556318927245,17307.82369527907
Tmsb10,9070.421936660508,17391.01722702156
Tmsb10,9059.156925213001,17392.160173423654
Tmsb10,9072.84737674539,17399.38067342554
Tmsb10,9057.022273844224,17380.992416507554
Tmsb10,9048.110653852875,17227.578268332894
Tmsb10,9055.570664207251,17247.238966930487
Tmsb10,9038.222499310514,17343.346305851326
Tmsb10,9050.565654989045,17339.637671298624
Tmsb10,9061.16202007308,17366.224798747506
Tmsb10,9063.395561606256,17424.096996922803
Tmsb10,9059.432333507166,17433.588693924274
Tmsb10,9052.101612321358,17424.20980274923
Tmsb10,9066.89713785943,17426.370616452743
Tmsb10,9065.25275047623,17440.318297028844
Tmsb10,9046.735248851659,17425.980783929434
Tmsb10,9073.665803842197,17295.658022810803
Tmsb10,9083.059465614202,17304.39674771298
Tmsb10,9081.051462471063,17297.658619733375
Tmsb10,9081.160500335318,17364.183136331798
Tmsb10,9108.257328763299,17356.444837397907
Tmsb10,9090.108307083812,17349.474500913107
Tmsb10,9079.764039879337,17336.12616868196
Tmsb10,9083.784401349436,17366.805808515714
Tmsb10,9069.112986794631,17357.19098847958
Tmsb10,9081.726510602904,17360.478129293046
Tmsb10,9072.445731161322,17355.452372283613
Tmsb10,9085.139870134453,17349.010617494878
Tmsb10,9093.941771593783,17409.795967046164
Tmsb10,9088.784362151571,17404.421006707078
Tmsb10,9108.642029779614,17416.748854325397
Tmsb10,9120.182206997712,17463.355959164128
Tmsb10,9115.025942306198,17459.46258388053
Tmsb10,9104.956791148401,17458.289159267315
Tmsb10,9114.439686319007,17448.258282580824
Tmsb10,9141.41084885854,18034.928751263757
Tmsb10,9145.77099833651,18051.9813712883
Tmsb10,9128.04364120452,18040.002809865186
Tmsb10,9141.28583927585,18051.664269644458
Tmsb10,9144.905007783278,18076.131058558833
Tmsb10,9129.624539155673,18050.443772345112
Tmsb10,9108.97548985824,17325.352552417826
Tmsb10,9112.72553477685,17323.082676535196
Tmsb10,9113.415162259686,17327.586242705114
Tmsb10,9109.267706941873,17334.249155884085
Tmsb10,9106.458368544645,17337.351839566112
Tmsb10,9106.229336558801,17361.669129511807
Tmsb10,9105.90292244674,17359.53819039863
Tmsb10,9115.891890316225,17309.201237830264
Tmsb10,9125.517219635873,17299.877650925973
Tmsb10,9118.027394835446,17310.376268422435
Tmsb10,9141.40653280976,17324.37912519445
Tmsb10,9121.313295249955,17335.080718812984
Tmsb10,9136.218210975212,17334.872584224344
Tmsb10,9133.674796190584,17396.93068222777
Tmsb10,9136.20134494445,17384.44230173111
Tmsb10,9145.637452317076,17376.394189112136
Tmsb10,9139.420543820701,17386.6983500382
Tmsb10,9142.26432228915,17392.423660685192
Tmsb10,9148.773496940896,17036.24476483697
Tmsb10,9155.950067353677,17039.861291785277
Tmsb10,9147.192564944211,17031.418874531966
Tmsb10,9164.956685934229,17358.226952900135
Tmsb10,9152.436484848853,17367.564621994163
Tmsb10,9170.650655052532,17323.649272314226
Tmsb10,9174.697341497997,17325.67317423945
Tmsb10,9150.329504749388,17321.688859032845
Tmsb10,9152.535462173562,17299.89935779902
Tmsb10,9165.84885209126,17321.08245436589
Tmsb10,9181.705282073486,17442.584020290597
Tmsb10,9165.149668119446,17453.126530648555
Tmsb10,9179.4286113221,17370.45989989377
Tmsb10,9184.541529664935,17364.582706757854
Tmsb10,9172.430999907803,17386.010294799933
Tmsb10,9186.210320122238,17417.700338871557
Tmsb10,9168.26267118015,17406.520398045388
Tmsb10,9209.875889173893,17589.66861349442
Tmsb10,9188.159730317824,17569.096478085517
Tmsb10,9193.26102493712,17583.128541664486
Tmsb10,9206.386631003903,17342.459112159824
Tmsb10,9195.730469236847,17345.328446796015
Tmsb10,9190.508497003348,17333.83104728302
Tmsb10,9190.875974191451,17334.643629456637
Tmsb10,9203.73573234552,17329.7592572392
Tmsb10,9181.870364928458,17464.833965311635
Tmsb10,9188.610944681031,17454.837397243227
Tmsb10,9196.791252189741,17485.486577334512
Tmsb10,9204.760718779295,17428.37562629972
Tmsb10,9225.651996840581,17976.477986597776
Tmsb10,9231.915535731805,17983.39700583756
Tmsb10,9219.707658034826,17986.611794635606
Tmsb10,9231.343928676415,17978.057133816907
Tmsb10,9228.791823889993,17967.62165447295
Tmsb10,9226.86754825675,17979.197193066382
Tmsb10,9211.39423794141,17992.14618255882
Tmsb10,9226.058174199778,17376.702250327373
Tmsb10,9222.809021980309,17382.179508369743
Tmsb10,9216.543959204635,17380.66023644807
Tmsb10,9235.882562773095,17366.150524940087
Tmsb10,9229.406906295242,17394.56782274553
Tmsb10,9214.133793267138,17378.42868991408
Tmsb10,9235.241921642271,17395.21413803559
Tmsb10,9232.833104636993,17390.29909736411
Tmsb10,9228.624378184119,17380.52893527234
Tmsb10,9226.519329081513,17468.031288060156
Tmsb10,9236.992654517118,17484.201487733997
Tmsb10,9226.076609762116,15902.071800157475
Tmsb10,9250.257651165222,15895.261574781556
Tmsb10,9230.218386308597,15897.021834163177
Tmsb10,9226.015050095326,15876.46665843411
Tmsb10,9230.705929641661,18095.65163704666
Tmsb10,9246.262187549193,17536.364761260596
Tmsb10,9245.337758571062,17546.089739924515
Tmsb10,9243.664299632544,17543.257099877097
Tmsb10,9225.035653502364,17398.713233002247
Tmsb10,9248.676622104762,17410.209707008064
Tmsb10,9250.234209288432,17449.925389836262
Tmsb10,9235.148518125687,17404.656168307087
Tmsb10,9238.407186453353,17419.94336885487
Tmsb10,9259.231587508431,17424.823991557776
Tmsb10,9276.444660912772,17442.533131388405
Tmsb10,9284.943561289176,17428.642079421632
Tmsb10,9265.639224483244,17436.123144636753
Tmsb10,9261.217209290942,17391.121493666786
Tmsb10,9257.656397740135,17395.579032971717
Tmsb10,9294.377044663166,16607.42696853747
Tmsb10,9311.513769289542,17512.1382722273
Tmsb10,9299.227444162938,17521.393456372567
Tmsb10,9274.836206932625,18041.394740071017
Tmsb10,9283.090536543901,18041.931927928177
Tmsb10,9275.050465449605,18043.037159513315
Tmsb10,9272.092200271361,17409.168808033493
Tmsb10,9266.36271790635,17388.87516736677
Tmsb10,9278.778586093904,17490.13273057326
Tmsb10,9288.379661860969,17570.602217601543
Tmsb10,9286.077391863153,17559.885170279897
Tmsb10,9303.816379518816,17561.935636854007
Tmsb10,9313.763668715079,17248.65134829352
Tmsb10,9310.272755434125,17242.2237891304
Tmsb10,9310.79509149404,17246.847261574276
Tmsb10,9317.158919562526,17222.621799050143
Tmsb10,9309.248446289796,17218.220326627357
Tmsb10,9303.42899200869,17364.568978644642
Tmsb10,9305.148732483389,17376.859712841368
Tmsb10,9313.632948991715,17367.703997671786
Tmsb10,9309.311064050751,17408.685477823812
Tmsb10,9315.967715103483,17400.833427413745
Tmsb10,9308.32585078138,17402.49585842401
Tmsb10,9301.896084443159,17470.65084774492
Tmsb10,9309.790370526891,17474.376200503757
Tmsb10,9299.416452157602,17480.375874179183
Tmsb10,9303.965590370135,17473.021721570847
Tmsb10,9314.789540968672,17468.04090777539
Tmsb10,9313.356669994208,17474.371225210783
Tmsb10,9310.364306528812,17405.858627170743
Tmsb10,9312.021781722244,17423.971595769646
Tmsb10,9320.800886454348,17433.579655410034
Tmsb10,9326.832512647492,17483.782221767266
Tmsb10,9334.04244726209,17447.850514714966
Tmsb10,9340.99116735171,17447.297313264942
Tmsb10,9321.87064483669,17438.600955074417
Tmsb10,9327.50926122286,17451.949257219076
Tmsb10,9349.99476452456,18130.12472967673
Tmsb10,9363.185111249151,18124.9592343827
Tmsb10,9354.75553020699,18117.664330959546
Tmsb10,9350.397312501937,18135.780965307622
Tmsb10,9338.336620743883,17471.79482999452
Tmsb10,9362.339611126306,17489.405740203434
Tmsb10,9347.655859328463,17474.708738073896
Tmsb10,9367.706023645913,17505.190833965487
Tmsb10,9350.601487931159,17484.552846930754
Tmsb10,9347.18613761344,17481.49409119371
Tmsb10,9350.911893149882,17558.85574899286
Tmsb10,9342.517400250836,17549.8063538772
Tmsb10,9372.028597325236,17557.810297784574
Tmsb10,9357.365155528878,17388.911295869595
Tmsb10,9373.737703611108,17395.2682326138
Tmsb10,9359.01306924594,17389.500977545227
Tmsb10,9368.568788879487,17441.852969645406
Tmsb10,9358.968197747261,17444.986394218326
Tmsb10,9359.5090380874,17452.35195913575
Tmsb10,9365.625021338634,17433.815323477138
Tmsb10,9377.158060781852,17439.881621319553
Tmsb10,9366.820827620433,17449.09704609814
Tmsb10,9352.769000651972,17448.847177159674
Tmsb10,9369.004284358803,17515.42364900746
Tmsb10,9364.42496823596,17522.14920756975
Tmsb10,9367.875403269678,17509.475538961808
Tmsb10,9368.191841541548,17498.781125651152
Tmsb10,9370.94117691944,17523.48855861114
Tmsb10,9370.787101062926,17516.89717223449
Tmsb10,9369.306861754189,17385.265580346022
Tmsb10,9371.863420684047,17390.922517426014
Tmsb10,9363.77653070399,17363.731026121095
Tmsb10,9385.248882240872,18146.21051019048
Tmsb10,9378.726198117034,17464.96684369216
Tmsb10,9389.254388296516,17579.19937939978
Tmsb10,9381.614013641885,17578.773921734435
Tmsb10,9376.56001188362,17566.01880106721
Tmsb10,9398.93422466009,17447.250063518713
Tmsb10,9376.126185998346,17454.88453577563
Tmsb10,9388.340135423425,17473.47546517174
Tmsb10,9391.24930823834,17378.995425802386
Tmsb10,9400.670001331517,17404.520780520037
Tmsb10,9396.945967307394,17399.204123343025
Tmsb10,9392.718239477526,17394.765177976336
Tmsb10,9433.008535089491,18124.36790378886
Tmsb10,9428.730693138512,18129.04440405909
Tmsb10,9388.949558165716,17530.907661784757
Tmsb10,9392.818871437608,17518.30151888247
Tmsb10,9389.948028207938,17519.655664462745
Tmsb10,9405.87386883507,17480.044167242748
Tmsb10,9396.111255220152,17479.834622836494
Tmsb10,9400.84378422272,17483.042695217297
Tmsb10,9414.9329097323,18057.709190861653
Tmsb10,9389.489282589737,17531.471378939867
Tmsb10,9393.461345527892,17526.019664843014
Tmsb10,9405.438925161801,17543.704112620384
Tmsb10,9406.474183813269,17534.457251245123
Tmsb10,9413.254727708667,17555.425002544187
Tmsb10,9404.839224434641,17554.131318589414
Tmsb10,9400.806092778028,17529.99918236817
Tmsb10,9410.204757305697,17497.309908096486
Tmsb10,9402.475997740257,17546.343352292603
Tmsb10,9422.474626446878,17457.79043832769
Tmsb10,9429.89111024304,17443.712453484084
Tmsb10,9414.663192780597,17439.147439106968
Tmsb10,9401.052798342971,17435.103993155375
Tmsb10,9425.851916443846,17442.10333730252
Tmsb10,9418.19333976276,17447.71113654371
Tmsb10,9425.360279431665,17435.981816924228
Tmsb10,9411.937400112813,17456.478904195304
Tmsb10,9424.72186579035,17490.324495044628
Tmsb10,9436.595825893986,17601.457727568177
Tmsb10,9439.942262426966,17569.889785888216
Tmsb10,9432.060672312222,17558.330090127965
Tmsb10,9439.046445182266,17561.56690680769
Tmsb10,9433.02641408508,16001.857496659166
Tmsb10,9430.140008266653,15990.220553658148
Tmsb10,9443.227573282613,17407.848535125868
Tmsb10,9426.198002585465,17419.925642418726
Tmsb10,9446.28389621409,16213.328469825861
Tmsb10,9429.01704903953,16195.18333994632
Tmsb10,9456.928959537037,16208.817649999795
Tmsb10,9459.312822216478,18151.64450990071
Tmsb10,9449.004568360124,18150.163685945987
Tmsb10,9451.579347733059,18167.02147003093
Tmsb10,9457.382175130268,17452.33904894842
Tmsb10,9466.741231570502,17452.555971719215
Tmsb10,9455.559741031999,17451.818215238472
Tmsb10,9435.06421413577,17455.04531354067
Tmsb10,9467.482034705596,17538.02381355139
Tmsb10,9464.418591618594,17545.648257643068
Tmsb10,9461.584655958315,17551.93524448209
Tmsb10,9454.102832787388,16909.099443994655
Tmsb10,9468.947748945147,16887.062898013446
Tmsb10,9462.626095972224,17602.135707448622
Tmsb10,9453.332765697185,17618.985687973345
Tmsb10,9452.825363148295,17622.34432174532
Tmsb10,9464.650860418831,17494.872539946264
Tmsb10,9478.619252371403,17496.09623789165
Tmsb10,9469.213335587501,17502.401423004016
Tmsb10,9469.778320286758,17573.475991748706
Tmsb10,9475.4759018847,17584.182485932983
Tmsb10,9481.661331867806,17565.831053277427
Tmsb10,9487.85547407942,17463.644297632265
Tmsb10,9491.184830543434,17452.17143646792
Tmsb10,9486.273412409195,17454.753877668038
Tmsb10,9486.036161156848,17454.659641650265
Tmsb10,9495.774239289149,17447.85044270598
Tmsb10,9491.397509766504,17441.826767753275
Tmsb10,9470.530941049188,17447.725462781247
Tmsb10,9488.999815773137,17452.892529247103
Tmsb10,9498.579953664846,17421.257631460314
Tmsb10,9471.241707701298,17450.402410239323
Tmsb10,9483.434556795955,17440.132070005875
Tmsb10,9499.245500664876,17474.32946193969
Tmsb10,9509.367560948556,17485.8611657109
Tmsb10,9502.034489308739,17517.761685108562
Tmsb10,9504.578403944934,17514.81944518608
Tmsb10,9506.65958626073,17518.703988253837
Tmsb10,9505.435134214422,15953.346843940102
Tmsb10,9519.661285710345,17658.036047323498
Tmsb10,9512.267576744103,17666.560605618924
Tmsb10,9519.692442700529,17661.988746103725
Tmsb10,9519.531318099478,18061.17180110343
Tmsb10,9519.967645410024,18086.09417558097
Tmsb10,9523.809541568686,16728.719350573534
Tmsb10,9537.505261432938,16727.34924473933
Tmsb10,9518.404130170062,16728.710847315604
Tmsb10,9525.237959272701,16731.802058254463
Tmsb10,9531.935719758747,16736.42454405394
Tmsb10,9524.56100991845,16748.417483524034
Tmsb10,9528.300272577155,17509.12768152855
Tmsb10,9538.683993431934,17504.73126715729
Tmsb10,9538.960207615173,17556.53005625882
Tmsb10,9545.972243652363,17568.171540471092
Tmsb10,9532.929962506521,17567.72069657454
Tmsb10,9535.428662622919,17630.480473613818
Tmsb10,9544.706140644943,17637.212466134613
Tmsb10,9545.604568386956,17630.66323922051
Tmsb10,9554.287245014762,17479.285685278246
Tmsb10,9561.527495914117,17492.69139389246
Tmsb10,9552.174945173463,17471.635202696198
Tmsb10,9561.727150061903,17490.679719012376
Tmsb10,9576.593689963587,17547.918742243368
Tmsb10,9560.566534898424,17557.686878430435
Tmsb10,9576.127796608254,17547.35220180494
Tmsb10,9550.09889985768,17592.24238327137
Tmsb10,9549.999854711305,17592.56083621351
Tmsb10,9551.303629404765,17611.997668477194
Tmsb10,9545.865672838498,17618.550308668197
Tmsb10,9559.600648351445,17616.232250457324
Tmsb10,9537.790879626138,17601.734897887123
Tmsb10,9570.279627729544,17654.319713993344
Tmsb10,9575.58969513364,17664.218914498008
Tmsb10,9573.462049487447,17620.5711962489
Tmsb10,9586.258657846947,17626.808935175486
Tmsb10,9578.31967137509,17602.8660649782
Tmsb10,9590.168392912712,17612.023423587627
Tmsb10,9577.393885717847,17623.13279502103
Tmsb10,9587.831921995243,17638.86364613697
Tmsb10,9580.231523401384,17617.594672743064
Tmsb10,9568.054489327695,17614.965032429915
Tmsb10,9575.706981854571,17618.245145881705
Tmsb10,9578.23192100003,17620.95869050047
Tmsb10,9579.78954297688,17606.575612072476
Tmsb10,9584.786841771627,16194.007642979928
Tmsb10,9580.530536695185,17490.25731656435
Tmsb10,9577.314518827972,17485.316706380803
Tmsb10,9570.741816353979,17484.028999204125
Tmsb10,9590.531659495624,17567.86989272361
Tmsb10,9593.691100042992,17558.113765008093
Tmsb10,9590.600863709567,17554.376200759496
Tmsb10,9600.409805426434,17576.93683992651
Tmsb10,9610.91099291953,17571.76981476711
Tmsb10,9584.483826259942,17574.364208989668
Tmsb10,9599.36744893035,17572.347986917557
Tmsb10,9594.652835146519,17573.842497816353
Tmsb10,9594.482800760154,17568.79577824628
Tmsb10,9607.671703657576,17560.671764465373
Tmsb10,9586.44554403581,17563.96914852786
Tmsb10,9581.38553384072,17568.282676667433
Tmsb10,9577.070920201228,17957.280948579184
Tmsb10,9603.750220004313,17934.418018869903
Tmsb10,9571.067240702145,17966.96011127358
Tmsb10,9624.19372784689,17688.054520779562
Tmsb10,9615.156735977462,17692.00713496553
Tmsb10,9624.38648009635,17694.692847666243
Tmsb10,9612.67869411428,17698.943242001576
Tmsb10,9612.18902457918,17701.52297735382
Tmsb10,9616.52570879525,17560.544498088853
Tmsb10,9615.254632333532,17562.021921536336
Tmsb10,9617.759342915919,17562.872946136224
Tmsb10,9613.589505532867,17574.439195374824
Tmsb10,9622.868872329003,17581.113124088908
Tmsb10,9631.330685269077,17581.289292176116
Tmsb10,9632.114919045964,17626.201357250822
Tmsb10,9637.251622829834,17605.799629458008
Tmsb10,9628.87693848528,17620.564532838143
Tmsb10,9626.06216559939,17601.69513721634
Tmsb10,9624.056870117933,17607.027862498886
Tmsb10,9632.113955655595,17617.632907322455
Tmsb10,9633.015992426992,17650.042687481007
Tmsb10,9624.70673800545,17658.954398758036
Tmsb10,9641.910308138838,17653.59354054954
Tmsb10,9616.350860153458,17661.891419214055
Tmsb10,9647.979877209464,17653.03552809334
Tmsb10,9636.461072473474,17671.18341916561
Tmsb10,9640.85771377639,17512.554822416827
Tmsb10,9643.100658540341,17516.24851306898
Tmsb10,9653.208313720617,17502.096060363267
Tmsb10,9642.574130892921,17501.802642800252
Tmsb10,9649.531668753754,17545.151652593122
Tmsb10,9644.82726339542,17530.353658035307
Tmsb10,9648.182056494317,17547.27744274406
Tmsb10,9621.34231667027,17549.34903622862
Tmsb10,9646.8742456118,17538.1990187811
Tmsb10,9652.796093382454,17539.770797313256
Tmsb10,9653.352024131222,17528.323092322087
Tmsb10,9640.568788584664,17590.870005454046
Tmsb10,9640.384460324909,17582.60733904271
Tmsb10,9662.346063942052,18210.372805554267
Tmsb10,9679.048799146145,17700.87180050663
Tmsb10,9670.81282745188,17691.741241619595
Tmsb10,9676.62538507721,17689.541518432157
Tmsb10,9667.923346766262,17554.529146094796
Tmsb10,9673.630381848128,17558.30906508206
Tmsb10,9668.42606148257,17543.909919837428
Tmsb10,9673.770727479421,17661.10465464888
Tmsb10,9666.2721437089,17652.206554962566
Tmsb10,9664.691970276102,17570.058912927845
Tmsb10,9672.142702852432,17586.606624299966
Tmsb10,9688.204747153388,17532.136248517585
Tmsb10,9704.197738279805,17535.459585016924
Tmsb10,9710.377903627248,17539.148898619693
Tmsb10,9686.385049278244,17588.885756732154
Tmsb10,9706.708535865411,17577.06295988828
Tmsb10,9705.727574833885,17584.501067327335
Tmsb10,9712.609100601698,17575.023146359974
Tmsb10,9725.432577649948,17579.8131586334
Tmsb10,9718.362141001722,17579.088664455765
Tmsb10,9704.029909614923,17707.680274143535
Tmsb10,9683.398859463847,17730.36101007595
Tmsb10,9753.662773394184,16161.186531012983
Tmsb10,9736.517234842782,16158.508243864782
Tmsb10,9740.164921024569,16147.547299954063
Tmsb10,9737.649161673748,17634.62847303646
Tmsb10,9711.079345412196,17637.379329786578
Tmsb10,9701.783328488047,17630.802056888424
Tmsb10,9726.929111673859,17682.454670584277
Tmsb10,9714.682856723297,17696.81024076385
Tmsb10,9741.720334988815,17566.682110758607
Tmsb10,9744.625210023756,17577.935211521242
Tmsb10,9746.060544526686,17575.267402037403
Tmsb10,9737.965879318062,17566.925766882603
Tmsb10,9733.404542071075,17579.694533028396
Tmsb10,9727.278197329611,17548.189507421794
Tmsb10,9726.558776571237,17543.77349978829
Tmsb10,9738.331033173974,17546.39836768868
Tmsb10,9746.666763314759,17763.793728767214
Tmsb10,9746.956580000731,17752.742095081918
Tmsb10,9748.3311463205,17750.9762437744
Tmsb10,9772.050931977787,17623.13324125573
Tmsb10,9773.949109342395,17623.215146134644
Tmsb10,9752.158310366853,17691.343857121752
Tmsb10,9777.854623566847,17700.90144920697
Tmsb10,9742.183317466777,17709.95167116087
Tmsb10,9758.657959179473,17501.37630182252
Tmsb10,9770.342358666245,17492.22905143264
Tmsb10,9782.461963532605,17697.860130766265
Tmsb10,9758.884522817554,17699.033881929958
Tmsb10,9766.303909776283,17578.189892954375
Tmsb10,9762.35986950636,17581.213961885518
Tmsb10,9760.580588635583,17558.753363751486
Tmsb10,9763.284519161949,17559.76366088304
Tmsb10,9785.344128350029,17669.047177113458
Tmsb10,9774.112812367372,17671.059825614255
Tmsb10,9777.270218745556,17646.824788151156
Tmsb10,9779.508734814899,17643.76125773474
Tmsb10,9779.11390599511,17624.40612371037
Tmsb10,9772.141934320507,17647.4159038677
Tmsb10,9774.801337924857,17598.876691897534
Tmsb10,9781.531189229563,17598.624339500402
Tmsb10,9795.048654963806,17727.754723814276
Tmsb10,9783.004483902987,17716.164686652333
Tmsb10,9780.934075463354,17684.291796479713
Tmsb10,9816.645696532281,17692.01075244508
Tmsb10,9800.528133818672,17687.249833518243
Tmsb10,9808.898961137604,17675.59026013054
Tmsb10,9808.413660605229,17625.919923001144
Tmsb10,9816.542849945734,17630.53113545862
Tmsb10,9823.91721160639,17635.546543601224
Tmsb10,9816.367070632663,17649.768495591357
Tmsb10,9810.262587684754,17641.160435883172
Tmsb10,9819.836545514505,17759.10459922445
Tmsb10,9812.836031336094,17779.18161161422
Tmsb10,9822.020406886066,17784.485085237713
Tmsb10,9850.265658870578,17787.126091688882
Tmsb10,9829.56764566672,17770.780251330212
Tmsb10,9835.812998262676,17687.16162744901
Tmsb10,9833.260849624132,17631.88797138506
Tmsb10,9836.353707418368,17721.892081617352
Tmsb10,9830.075880218146,17729.798922327733
Tmsb10,9844.00595256849,17716.944043411626
Tmsb10,9859.4038840632,17705.590551302532
Tmsb10,9853.436146825185,17746.01166685151
Tmsb10,9875.584041760907,17638.824027825198
Tmsb10,9865.64654957006,17657.143581240547
Tmsb10,9868.637949794545,17639.64682282201
Tmsb10,9864.256951193407,17700.44317479966
Tmsb10,9869.848141666405,17694.35534313479
Tmsb10,9862.689470043226,17701.71226347005
Tmsb10,9868.387243257219,17679.366592282226
Tmsb10,9867.336181977333,17692.356039665192
Tmsb10,9878.18267383085,17697.624429570456
Tmsb10,9877.5005696602,17657.61434303579
Tmsb10,9872.927376695492,17662.505285613228
Tmsb10,9873.358321759782,17634.172291575025
Tmsb10,9903.294851779776,17694.510358478976
Tmsb10,9884.259959519768,16351.850423393682
Tmsb10,9884.006260178798,17730.343416606247
Tmsb10,9895.705057937652,17744.14974047456
Tmsb10,9889.75328891092,17749.315127272523
Tmsb10,9903.99991496671,17711.015009073577
Tmsb10,9915.057613382387,17705.66366401081
Tmsb10,9920.416638491808,17709.994276269288
Tmsb10,9913.332749185562,17655.181790246108
Tmsb10,9920.40431516369,17734.696901882075
Tmsb10,9941.433094019936,17739.62594137582
Tmsb10,9928.739411033373,17733.15912296416
Tmsb10,9940.582183350889,17754.947003904494
Tmsb10,9937.66252104971,17743.233216933237
Tmsb10,9936.184346983006,17722.910903512493
Tmsb10,9928.21144095082,16379.535089791698
Tmsb10,9930.253180559257,16368.775857345729
Tmsb10,9932.354131730594,16379.70367025044
Tmsb10,9938.678594900277,16370.945162339505
Tmsb10,9930.058585125678,16382.297116704234
Tmsb10,9922.479262472498,17675.70833682846
Tmsb10,9921.864294552248,17669.004189480424
Tmsb10,9959.219705638427,17645.866087411843
Tmsb10,9949.583732528527,17666.473555892524
Tmsb10,9947.608993164558,17660.979183680032
Tmsb10,9937.815115244994,17784.027646705348
Tmsb10,9939.521650975585,17788.299296427405
Tmsb10,9960.00404468348,17793.573965896245
Tmsb10,9971.05463633631,17780.672757380507
Tmsb10,9949.95957452334,17787.79203049533
Tmsb10,9956.303156394448,17734.80965212518
Tmsb10,9956.29288276261,17727.40445197114
Tmsb10,9970.728850155496,17738.24413604149
Tmsb10,9948.54030675864,17735.757121977593
Tmsb10,9957.264703228013,17767.07318482483
Tmsb10,9953.80365738863,17775.323831922426
Tmsb10,9977.574650517041,16752.38704451866
Tmsb10,9969.668064393318,17674.423615968906
Tmsb10,9964.423971797456,17663.682193398767
Tmsb10,9978.576076889181,17685.300427059534
Tmsb10,9988.745592926038,17764.51164698314
Tmsb10,10010.074878331103,17760.25066435549
Tmsb10,9983.997265201036,17765.950439931472
Tmsb10,9997.33483518196,17712.26712050622
Tmsb10,9995.138240663124,17721.657100384422
Tmsb10,10042.154117586815,18302.426491751157
Tmsb10,10033.681585607426,18293.47363975794
Tmsb10,10033.591801499428,18304.552206619413
Tmsb10,10019.873263130974,17660.236197010123
Tmsb10,10041.496753073403,17640.680438065177
Tmsb10,10025.729588206808,17649.526789815172
Tmsb10,10011.689658253776,18122.294325380135
Tmsb10,10029.993197337004,18126.161078373396
Tmsb10,10003.17269615056,18124.76678716108
Tmsb10,9999.85385305201,18133.168316850224
Tmsb10,9979.313268309223,17696.25239181177
Tmsb10,10010.00512958098,17679.52679484109
Tmsb10,10038.837726345017,17855.450525362052
Tmsb10,10045.49620972697,17683.60373630452
Tmsb10,10048.364718176674,17687.81049579064
Tmsb10,10041.002227633797,17689.411896720583
Tmsb10,10039.450758112114,17688.727465434695
Tmsb10,10016.745491274725,17780.640560433887
Tmsb10,10048.837020191599,17774.84191047794
Tmsb10,10049.003394721214,17775.70627242167
Tmsb10,10052.390721939824,17799.382840921564
Tmsb10,10057.34807609556,17837.175931163747
Tmsb10,10069.674822712639,17870.738532984215
Tmsb10,10072.215791570989,17850.862587588865
Tmsb10,10069.271772487546,17855.199967407934
Tmsb10,10050.32917271601,17757.428234983585
Tmsb10,10091.24905493747,17768.41806865653
Tmsb10,10083.155516696395,17770.57572940685
Tmsb10,10080.511019829011,17827.327397302677
Tmsb10,10075.841190268342,17831.271120479993
Tmsb10,10067.706896002072,17819.876159659383
Tmsb10,10073.84888103263,17626.060315872142
Tmsb10,10072.730538834667,17707.26281615136
Tmsb10,10090.80138416914,17738.169996670178
Tmsb10,10107.051183423482,17700.70763071008
Tmsb10,10088.796550168303,17703.703377595662
Tmsb10,10096.374086863887,17843.514402063516
Tmsb10,10111.865431404245,17845.14591334437
Tmsb10,10115.649396593626,17836.352760253885
Tmsb10,10106.202815764322,17845.481074925476
Tmsb10,10108.356961779233,17850.84833328084
Tmsb10,10112.710627683628,17842.043325254843
Tmsb10,10105.40752611846,17788.67625013056
Tmsb10,10113.208010020633,17797.318009785093
Tmsb10,10091.975416772524,17788.926862855245
Tmsb10,10115.576158020825,17890.289374509215
Tmsb10,10124.788318311785,17728.993283571996
Tmsb10,10114.6929796291,17745.423362378715
Tmsb10,10147.089793580004,17731.346033471527
Tmsb10,10135.20628586341,17753.858342205214
Tmsb10,10129.125972453163,17752.226156382407
Tmsb10,10127.78991763374,17831.967908230366
Tmsb10,10131.105761652721,17818.21436845346
Tmsb10,10145.891392185356,17860.801537258238
Tmsb10,10144.254342759974,17845.707492268193
Tmsb10,10135.504651417072,17834.50095763018
Tmsb10,10137.638130028765,17784.49770853882
Tmsb10,10142.22858683852,17771.572648689893
Tmsb10,10142.067228056438,17771.7730061416
Tmsb10,10135.896635648456,17778.832415837416
Tmsb10,10141.186846275068,17692.274833783333
Tmsb10,10157.781239737556,17692.317483776813
Tmsb10,10150.76080104675,17696.64643882957
Tmsb10,10155.142372168642,17788.010649536223
Tmsb10,10164.84224915547,17788.774049301337
Tmsb10,10154.599357738223,17802.620660142333
Tmsb10,10137.653661683325,17769.890262672154
Tmsb10,10158.82200478437,17803.452784544028
Tmsb10,10167.795322671323,17807.876800195623
Tmsb10,10177.005704764153,18201.06025368116
Tmsb10,10150.666499353283,18196.994545455247
Tmsb10,10161.326563557326,18213.998123850604
Tmsb10,10164.465940077045,18195.882324395847
Tmsb10,10166.238868940536,16537.479723812237
Tmsb10,10158.955399625658,17934.548683294342
Tmsb10,10156.970231016337,17951.766171699983
Tmsb10,10164.946121205736,17949.30272955106
Tmsb10,10172.162634137703,17949.898152103313
Tmsb10,10162.03779345471,17934.130389941456
Tmsb10,10165.111378188663,17751.943991330696
Tmsb10,10166.943768431878,17766.57229834291
Tmsb10,10158.113918700457,17768.998684944745
Tmsb10,10158.339314476123,17745.8402922909
Tmsb10,10171.279790297469,17762.652371630662
Tmsb10,10169.191308990003,17764.14991042016
Tmsb10,10184.171306473556,17732.526931356926
Tmsb10,10176.827173134172,17704.528069314587
Tmsb10,10178.883835711567,17718.971098947175
Tmsb10,10176.811360971327,17715.12082452837
Tmsb10,10178.259897688482,17694.602259140534
Tmsb10,10201.650864839588,17723.883958977167
Tmsb10,10191.677164526665,17898.99755341973
Tmsb10,10198.998961252655,17889.28903104485
Tmsb10,10189.806999114151,17895.90962900721
Tmsb10,10201.059313779278,16845.478133869055
Tmsb10,10195.614040901808,17789.37330148212
Tmsb10,10196.449696183514,17779.62466261624
Tmsb10,10194.558096215502,17781.196565486127
Tmsb10,10200.327953159664,17776.32101798765
Tmsb10,10181.855425212561,17776.274593736693
Tmsb10,10189.67404262482,17764.256930775646
Tmsb10,10192.814099593672,17848.338346257555
Tmsb10,10214.95540121032,17854.08601709578
Tmsb10,10198.998174231767,17848.37655367385
Tmsb10,10216.592481664187,17831.40517760933
Tmsb10,10193.843154624687,17837.211870913005
Tmsb10,10206.183458636298,17853.243523974983
Tmsb10,10215.325214498114,17741.608451511518
Tmsb10,10203.16124246493,17736.26238818121
Tmsb10,10207.725445555128,17718.63027350572
Tmsb10,10209.399838204467,17733.813426267385
Tmsb10,10201.450475796126,17730.73986255328
Tmsb10,10191.57744016353,17722.537194456712
Tmsb10,10193.116833626676,16832.587963864222
Tmsb10,10201.126926594383,16842.672041474485
Tmsb10,10213.329289488342,17849.60682247893
Tmsb10,10219.606475290708,17879.652272376035
Tmsb10,10207.891212527253,17861.93584946168
Tmsb10,10221.205119599854,17810.958470650072
Tmsb10,10235.511902073773,17724.129875141636
Tmsb10,10236.46018273522,17710.430069989023
Tmsb10,10237.825088726524,17720.22834960792
Tmsb10,10233.440447144858,17730.637752095092
Tmsb10,10231.127461852846,17704.287939711896
Tmsb10,10241.8441838029,17835.436917673218
Tmsb10,10253.598219230744,17833.900320479974
Tmsb10,10243.755122492452,17953.339844511433
Tmsb10,10239.685583576373,17954.51488873924
Tmsb10,10255.457651696108,17958.640550768254
Tmsb10,10254.653888360379,17769.43321450365
Tmsb10,10263.262819141228,17764.60875169029
Tmsb10,10264.945403032703,17778.876539679557
Tmsb10,10247.568050601521,17775.442098339292
Tmsb10,10270.150447990356,17776.772814379754
Tmsb10,10263.554275987975,17759.442391970188
Tmsb10,10257.379684650174,17802.265210363643
Tmsb10,10262.499825680397,17791.540716442614
Tmsb10,10279.583781424522,17742.751102228336
Tmsb10,10297.42835697953,17910.134250696774
Tmsb10,10286.270450396965,17881.834915249907
Tmsb10,10291.1699199961,17897.411097829226
Tmsb10,10278.7682770789,17894.501077640845
Tmsb10,10279.041648796707,17903.440979689174
Tmsb10,10266.628218724483,17890.32943132451
Tmsb10,10282.015832387327,17888.577285911328
Tmsb10,10273.677258660791,17823.653753716804
Tmsb10,10262.383686718329,17822.410191518113
Tmsb10,10280.112657856067,17824.51725381318
Tmsb10,10301.055741929742,18343.16259983087
Tmsb10,10296.20804463096,18333.03725831909
Tmsb10,10298.75013045525,18354.63530538366
Tmsb10,10308.75972787624,17770.526613824535
Tmsb10,10299.611312670806,17785.838813565933
Tmsb10,10272.68287212266,17844.93173673124
Tmsb10,10301.832111141526,17837.113614101552
Tmsb10,10329.557238467669,17890.751613271128
Tmsb10,10326.31828746083,17893.744171815542
Tmsb10,10324.538388257808,17886.56283544264
Tmsb10,10323.117258908676,17890.446948180735
Tmsb10,10323.581136737239,17906.875894625635
Tmsb10,10334.717703320652,17894.127055143203
Tmsb10,10330.893744390898,17887.88578034844
Tmsb10,10310.704845838483,16890.718586202085
Tmsb10,10341.36022056882,17854.841768831724
Tmsb10,10318.335161492141,17851.126006666796
Tmsb10,10335.4578384019,17846.96453262088
Tmsb10,10317.37314903831,17849.77256098919
Tmsb10,10313.47498359173,17868.042068875806
Tmsb10,10333.809738603508,17799.05406670631
Tmsb10,10334.315203333706,17769.510961495962
Tmsb10,10328.706376422799,17780.4484740767
Tmsb10,10337.639433866569,17767.751512887586
Tmsb10,10316.45159559391,17812.920745805986
Tmsb10,10325.378661357156,17824.990509318788
Tmsb10,10334.790028216776,17800.838257777108
Tmsb10,10357.008493052226,17812.682857048083
Tmsb10,10355.385892868435,17827.337438603565
Tmsb10,10337.535312122383,17825.194763718482
Tmsb10,10353.716945443315,17824.42074122757
Tmsb10,10348.411773009964,17822.238232040832
Tmsb10,10348.501122355186,18339.35313616313
Tmsb10,10362.794203979547,17904.25788468444
Tmsb10,10360.46658170014,17894.574765635374
Tmsb10,10356.157337378867,17892.641257208896
Tmsb10,10359.733394367724,17905.979489543646
Tmsb10,10370.85749584847,17882.663394452
Tmsb10,10365.834399341573,17795.365888021803
Tmsb10,10387.238943570366,17588.601773955925
Tmsb10,10391.304332309477,17574.698621996817
Tmsb10,10376.562355321887,18352.187272537005
Tmsb10,10369.047677471171,18362.730248547992
Tmsb10,10378.733038185675,18343.25062303863
Tmsb10,10378.08603337661,18357.200255124717
Tmsb10,10379.625779844673,16751.65481846327
Tmsb10,10377.039905662019,16743.502713411915
Tmsb10,10381.937617989237,16748.396462717075
Tmsb10,10373.633121208424,16744.421059384724
Tmsb10,10383.821189470624,17814.72647299275
Tmsb10,10383.280009934586,17825.76531115879
Tmsb10,10391.560838048548,17818.358535921987
Tmsb10,10390.53659439644,18049.10332966738
Tmsb10,10390.586093825092,17789.90913608628
Tmsb10,10396.553360198504,17779.358057384423
Tmsb10,10385.002933620479,17793.702296830943
Tmsb10,10392.498101438387,17789.461140915333
Tmsb10,10400.62716653619,18075.021590129825
Tmsb10,10390.838847751098,18099.389778393514
Tmsb10,10390.255178101013,18102.681446088784
Tmsb10,10405.413077443145,17855.597035753162
Tmsb10,10404.31856016375,16969.496508862616
Tmsb10,10414.78319213371,16954.61912946787
Tmsb10,10423.204885298832,16911.174076111893
Tmsb10,10430.339733041597,16942.43814277617
Tmsb10,10391.648298877855,16920.62281326228
Tmsb10,10406.370476480042,17924.64090167446
Tmsb10,10421.191921008163,17922.08005271122
Tmsb10,10443.047017264998,17843.17208357602
Tmsb10,10452.776588723413,17822.081751336893
Tmsb10,10436.020545482434,17834.115493262678
Tmsb10,10419.14107443872,17829.003428105578
Tmsb10,10445.328414973384,17835.211238070526
Tmsb10,10412.270496962139,17794.61332921955
Tmsb10,10418.75693112823,17804.392963231487
Tmsb10,10433.084380917617,17870.837836576837
Tmsb10,10439.084458015739,17877.22425765696
Tmsb10,10437.528289813212,17870.278578699443
Tmsb10,10451.769414615928,17789.660762515297
Tmsb10,10440.170488680546,17813.777536725083
Tmsb10,10446.945226402995,17805.985479259318
Tmsb10,10462.507953260603,17842.55350401215
Tmsb10,10454.639767194292,17841.867181588706
Tmsb10,10458.857519806035,17842.945366457207
Tmsb10,10470.650940680809,17848.571619984712
Tmsb10,10450.739649746858,17841.036304355108
Tmsb10,10473.898492072074,16921.560881649555
Tmsb10,10444.100911246946,16919.220002684833
Tmsb10,10451.819583350489,16924.0310723249
Tmsb10,10451.571384689336,17912.948642862695
Tmsb10,10493.580890015262,17833.264188827834
Tmsb10,10475.722720082715,17831.9478639192
Tmsb10,10482.002251911734,17839.41815100179
Tmsb10,10489.121451414061,17825.867093459463
Tmsb10,10492.602328852012,17831.614763225316
Tmsb10,10490.113101814066,17827.00199073789
Tmsb10,10470.369282086285,17931.2712972546
Tmsb10,10484.814964982297,17900.77986000778
Tmsb10,10482.867102967184,17886.735100128182
Tmsb10,10484.899285894702,17052.853993029494
Tmsb10,10493.69292934657,17089.240386309877
Tmsb10,10489.512463341845,17933.666415556374
Tmsb10,10490.46605532026,17942.226774051876
Tmsb10,10492.851109250742,17938.397393024527
Tmsb10,10499.599513581428,17941.893368662782
Tmsb10,10500.21851130744,17944.982608700237
Tmsb10,10497.056509383445,17934.329813407716
Tmsb10,10498.894325043408,16783.56585848852
Tmsb10,10502.569743521311,16771.329715231583
Tmsb10,10515.900598673832,16789.736189167073
Tmsb10,10507.440789146212,16774.2370849307
Tmsb10,10510.574997679052,16796.035691949877
Tmsb10,10515.823158962201,16784.87294924003
Tmsb10,10513.539874836122,16763.302990192245
Tmsb10,10509.429190197703,16780.136334900842
Tmsb10,10512.805947552151,16782.56370716178
Tmsb10,10522.828058274657,17911.0986162938
Tmsb10,10521.553584627098,17918.67157254318
Tmsb10,10497.88238952755,17925.70028315654
Tmsb10,10532.675731135192,17849.059847787386
Tmsb10,10517.017677394744,17877.61707606077
Tmsb10,10527.644392536762,17822.841905697747
Tmsb10,10526.802765845267,17831.49711317819
Tmsb10,10515.465026274787,17823.744211323483
Tmsb10,10537.537649010548,17974.883503558474
Tmsb10,10549.270501460625,17888.151433655166
Tmsb10,10552.910350190537,17942.24201614624
Tmsb10,10559.905272056845,17955.245632075075
Tmsb10,10559.27632456733,17947.973821039577
Tmsb10,10543.788348894479,17811.03229505399
Tmsb10,10553.785311027988,17825.030741342733
Tmsb10,10563.879928816703,17818.630386995617
Tmsb10,10587.562290852558,17835.49361132097
Tmsb10,10569.780953310921,17824.65443345109
Tmsb10,10596.545339215807,17816.998335236472
Tmsb10,10591.71219324352,17812.37703462166
Tmsb10,10588.972224453379,17886.509758826276
Tmsb10,10577.91436975255,17867.03460284352
Tmsb10,10577.03815261023,17892.94450819824
Tmsb10,10575.812871350743,17930.805548199372
Tmsb10,10607.369993929638,17930.394499991537
Tmsb10,10619.905635805026,17855.20283600319
Tmsb10,10605.44782297695,17862.18566694185
Tmsb10,10596.848393807293,17868.581829525403
Tmsb10,10607.901933529714,17862.171463831135
Tmsb10,10611.457324278555,17867.933817618847
Tmsb10,10638.803236355127,18034.362909847616
Tmsb10,10619.6483661481,17956.832973120367
Tmsb10,10642.718217331034,17944.052639020152
Tmsb10,10627.690734731803,17941.662342657215
Tmsb10,10652.297660377293,16575.585757002016
Tmsb10,10642.936277609959,16590.89738131525
Tmsb10,10656.400200851413,16574.677334110664
Tmsb10,10625.39134988748,17833.473042898
Tmsb10,10635.681098342735,17832.90348427218
Tmsb10,10647.936788876406,17829.85533438273
Tmsb10,10631.151892864473,17835.275742609443
Tmsb10,10641.491450570486,17844.04756238012
Tmsb10,10622.448613140472,17850.188079579875
Tmsb10,10626.979155599205,17815.48698053751
Tmsb10,10632.769072709292,17860.517523373783
Tmsb10,10636.424389403483,17835.23516567929
Tmsb10,10622.745485573667,17977.47261244721
Tmsb10,10628.007284597144,17989.753266855947
Tmsb10,10643.036415914858,17975.56933301267
Tmsb10,10634.081968311442,16808.529306400622
Tmsb10,10657.522344073757,17872.28766613789
Tmsb10,10657.23250488531,17868.036172179713
Tmsb10,10646.636879285676,17868.956706855963
Tmsb10,10667.321720780365,17961.71337914416
Tmsb10,10693.182166426373,17973.414859413053
Tmsb10,10662.204742046217,17963.739862697777
Tmsb10,10668.744267352695,17923.348476617062
Tmsb10,10659.5794382195,17921.56690995065
Tmsb10,10668.822008938636,17827.57009437539
Tmsb10,10681.409278750221,17831.234310076987
Tmsb10,10671.720038676987,17840.25501876371
Tmsb10,10689.60190832063,17855.70289542767
Tmsb10,10673.958309513504,17840.11999502161
Tmsb10,10684.550427261704,17825.777214815666
Tmsb10,10658.16757956906,17842.830794796973
Tmsb10,10674.839449963165,17824.970360077623
Tmsb10,10694.762382581968,17836.28317586099
Tmsb10,10707.729470829832,17869.776589860416
Tmsb10,10697.962694381386,17878.141362062663
Tmsb10,10717.805922489471,17876.652841382227
Tmsb10,10674.34902837101,18328.959515572333
Tmsb10,10698.287339527831,18340.695196627865
Tmsb10,10702.413963955896,18327.61384580144
Tmsb10,10680.051708162304,18326.750412898262
Tmsb10,10707.589940263839,17910.318098009542
Tmsb10,10708.28617506666,17908.866251717307
Tmsb10,10706.794135187249,17847.601758139914
Tmsb10,10703.234685271966,17836.743463008916
Tmsb10,10731.39189771356,17888.407755472686
Tmsb10,10743.20744390531,17873.40248389029
Tmsb10,10724.156670375722,17854.004318987252
Tmsb10,10744.777776924839,17854.35663183813
Tmsb10,10736.226453734998,17838.81618597928
Tmsb10,10744.353836553903,17817.71192773868
Tmsb10,10741.638484352448,17844.808295524675
Tmsb10,10741.698094877973,17833.870495849227
Tmsb10,10742.939442070401,17956.48450349427
Tmsb10,10745.188004463003,17945.808530866336
Tmsb10,10754.921090049229,17959.432158652784
Tmsb10,10763.138635096924,17964.44447269291
Tmsb10,10738.10465503514,17953.564434732158
Tmsb10,10729.328106122844,17905.191142161533
Tmsb10,10735.18763697823,17913.36586658091
Tmsb10,10736.466970230644,17896.21040505986
Tmsb10,10750.850837914002,16519.457221328845
Tmsb10,10761.652640045888,16526.617922381934
Tmsb10,10747.17749170179,16526.128171632292
Tmsb10,10770.83274810991,16519.06405819251
Tmsb10,10752.390393277368,16532.588961135916
Tmsb10,10774.261303578325,16531.221902877092
Tmsb10,10761.122469993566,18030.65687055324
Tmsb10,10759.21380428361,18024.846661379037
Tmsb10,10768.056205857507,18023.314615393552
Tmsb10,10745.922568134145,18025.33296960701
Tmsb10,10745.973629503425,17874.982872158682
Tmsb10,10755.830927828923,17868.277198842552
Tmsb10,10765.684029069229,17866.989770318214
Tmsb10,10770.963963889422,17865.591626616584
Tmsb10,10789.691842024304,17933.106925070362
Tmsb10,10787.414063232509,17955.278611098805
Tmsb10,10771.52214276044,17940.515370534664
Tmsb10,10787.215774463393,17942.278861778934
Tmsb10,10768.72121572599,17945.089432693367
Tmsb10,10766.734087528246,17939.557717049902
Tmsb10,10766.231114831857,17950.359726664956
Tmsb10,10788.510514575122,17893.331815212867
Tmsb10,10803.33393379007,17882.777881070713
Tmsb10,10800.394251019403,17896.726668917658
Tmsb10,10803.797209264729,18004.252642275304
Tmsb10,10802.250256590069,17989.390528296557
Tmsb10,10788.538434137132,18007.763511239595
Tmsb10,10798.167046121447,18002.353479427875
Tmsb10,10804.112272980045,17838.61333069409
Tmsb10,10801.002043442733,17854.60014481121
Tmsb10,10813.224823289485,17854.50019111265
Tmsb10,10811.868291376139,17854.915287395394
Tmsb10,10802.29820614008,17825.439195390412
Tmsb10,10817.302598121038,17895.198011609526
Tmsb10,10825.384081250473,17898.811000651636
Tmsb10,10817.660498898078,17892.485059544848
Tmsb10,10815.42832388665,17897.21242646965
Tmsb10,10843.32611038155,17880.342883568082
Tmsb10,10817.616154205536,17946.4084642262
Tmsb10,10814.904233928859,17969.28685116271
Tmsb10,10845.840572189243,17841.726486470998
Tmsb10,10843.016386354982,17829.063747661203
Tmsb10,10844.219405568456,17850.736887144325
Tmsb10,10838.244105380712,17849.36793118198
Tmsb10,10841.32618470833,17838.051695116177
Tmsb10,10841.407996492579,17840.43637436339
Tmsb10,10856.080809161665,18227.679842374157
Tmsb10,10834.616630897566,17947.05606050319
Tmsb10,10835.026770084136,17960.291798390394
Tmsb10,10845.75442507191,17957.09615765401
Tmsb10,10857.211019358976,17958.459994335808
Tmsb10,10824.258709625661,17961.632845257587
Tmsb10,10819.501158702065,17965.7266583877
Tmsb10,10859.388962879884,17897.60184730466
Tmsb10,10841.774527622329,17902.485906144444
Tmsb10,10831.806085941525,17903.632887571075
Tmsb10,10847.879866883937,17893.72628121359
Tmsb10,10849.953027512907,17887.233532059854
Tmsb10,10846.15572970067,17897.108895583264
Tmsb10,10845.907668024709,17897.54551475889
Tmsb10,10855.85279178627,17886.35470429153
Tmsb10,10846.195534367185,17901.745517009273
Tmsb10,10871.166890015846,17861.12311482078
Tmsb10,10859.761158053108,17830.27909392466
Tmsb10,10889.290036806433,17907.931110377926
Tmsb10,10900.560266877144,17898.35395892204
Tmsb10,10884.309514073046,17918.12581589527
Tmsb10,10899.124520887162,17863.388258866777
Tmsb10,10881.7173409408,17842.261154412376
Tmsb10,10902.132638587562,17854.687196196934
Tmsb10,10891.663948119429,17855.592383577634
Tmsb10,10891.465687019523,17858.43811236246
Tmsb10,10890.497306316942,17866.407254965023
Tmsb10,10917.934989197354,17842.025112905318
Tmsb10,10896.735918602495,17965.47881274122
Tmsb10,10916.884961375037,17972.6174167885
Tmsb10,10907.414847019956,17979.183993355535
Tmsb10,10915.411574066084,17862.864776291593
Tmsb10,10920.060576200964,17863.34247609583
Tmsb10,10900.409430383232,17887.713437473747
Tmsb10,10924.281911659045,18009.25452013161
Tmsb10,10936.557094699901,17905.891211275128
Tmsb10,10963.690062003605,17917.745296477606
Tmsb10,10951.043131839346,17917.64133782573
Tmsb10,10953.315266818523,17912.51621952405
Tmsb10,10942.552870806432,17909.52135685038
Tmsb10,10944.104550077323,17897.50696303764
Tmsb10,10934.13404273046,17908.97174786651
Tmsb10,10959.427543225553,17942.92722650649
Tmsb10,10959.97998858014,17939.667151939724
Tmsb10,10958.435531849202,17941.827306807256
Tmsb10,10954.920663072462,17977.726275935143
Tmsb10,10949.983856589972,17976.874437829807
Tmsb10,10962.764888584514,17977.621553146153
Tmsb10,10955.271613525578,17979.675738948463
Tmsb10,10977.44503083752,17841.358697606884
Tmsb10,10972.2477785139,17958.120618467543
Tmsb10,10987.881899318576,17959.4693146965
Tmsb10,10982.85145096655,17940.0734634732
Tmsb10,10968.406567213944,17880.481807893422
Tmsb10,10956.982774643195,17878.922980978878
Tmsb10,10966.991530172396,17880.556092242503
Tmsb10,10997.085420705975,17873.111332658376
Tmsb10,10985.799310998937,17882.474551714906
Tmsb10,10987.04398561025,17871.48704861257
Tmsb10,10986.100873308707,17871.89587707356
Tmsb10,10997.508731682017,17868.178026243477
Tmsb10,11011.630890461784,17915.218880588513
Tmsb10,11006.808363663511,17938.64893111549
Tmsb10,10992.480222624738,17923.633118710713
Tmsb10,11000.153085935503,17913.335300829698
Tmsb10,10998.828038840147,17977.863358465314
Tmsb10,11026.59617865041,17989.84934592798
Tmsb10,11010.27498762993,17972.450627287522
Tmsb10,11006.163897646218,17989.368115281075
Tmsb10,10994.11242255415,17949.426205378415
Tmsb10,11008.593002003012,17971.035664017312
Tmsb10,10991.624646086997,17964.44593390071
Tmsb10,11017.50958429744,16707.030843440785
Tmsb10,11021.651358321129,16694.492518374147
Tmsb10,11004.404761324604,17860.49145012623
Tmsb10,11016.573533668916,17848.734429232994
Tmsb10,11013.308809045415,17842.23647738193
Tmsb10,11027.197776634417,17843.08612289261
Tmsb10,11022.693454957136,17858.166437075222
Tmsb10,11035.504442728974,17841.902221882123
Tmsb10,11010.227806071262,17850.527614356695
Tmsb10,11019.69880178373,17861.38432022754
Tmsb10,10999.493065144765,17840.074559112807
Tmsb10,11037.236320490818,17911.582085915335
Tmsb10,11035.642739253979,17914.704875263178
Tmsb10,11025.279207183725,17915.54770777772
Tmsb10,11056.537271683866,17845.073658654615
Tmsb10,11062.506566733893,17846.537635688957
Tmsb10,11054.137350877454,17849.651500282733
Tmsb10,11050.93516252501,17870.03492699943
Tmsb10,11049.558882072559,17878.10341643973
Tmsb10,11035.707420633835,17870.69788768927
Tmsb10,11038.296926427163,17901.69993274654
Tmsb10,11079.874120045806,17919.397421749007
Tmsb10,11094.114326752677,17934.83476012078
Tmsb10,11063.868132204185,17971.13340315717
Tmsb10,11086.562003201063,17982.86145656406
Tmsb10,11085.207915327685,17978.393521539187
Tmsb10,11085.987245780523,17862.018717052735
Tmsb10,11094.023026168265,17865.343122685706
Tmsb10,11094.632557283836,17878.48799162391
Tmsb10,11108.335876949048,18369.986459968022
Tmsb10,11109.044927896395,17842.552384659
Tmsb10,11104.50300117631,17817.73986036615
Tmsb10,11094.720385138775,17834.477667222316
Tmsb10,11097.201666416377,17826.687977213332
Tmsb10,11100.34141499807,17811.361781330907
Tmsb10,11110.094629334993,17806.916670754348
Tmsb10,11106.912097970839,17807.104092309153
Tmsb10,11098.563346225752,17801.43089674528
Tmsb10,11133.175871984555,17884.508034475253
Tmsb10,11134.65473492349,17859.45489024577
Tmsb10,11125.980266456281,17880.836413136818
Tmsb10,11153.963706068564,17828.508949849955
Tmsb10,11166.63812275651,17835.813666563947
Tmsb10,11139.262570582778,16995.50641262827
Tmsb10,11137.685718533347,16984.873690958193
Tmsb10,11136.370914921581,16980.77734973462
Tmsb10,11131.778224243219,16974.355757312238
Tmsb10,11151.84550926035,16987.893999055745
Tmsb10,11152.98384096965,16995.997956740037
Tmsb10,11161.546248892837,16977.139513292164
Tmsb10,11149.904158719539,17953.59726513083
Tmsb10,11173.83098393513,17940.597248557315
Tmsb10,11159.461900191105,17934.160180370975
Tmsb10,11153.952384347498,17903.209245571717
Tmsb10,11177.494263904397,17900.968388028497
Tmsb10,11170.202943511258,17885.569659208086
Tmsb10,11161.902168391658,17882.663117124554
Tmsb10,11167.19955974666,17878.95170457053
Tmsb10,11186.487362237798,17780.731061734263
Tmsb10,11175.67666695935,17789.36827748384
Tmsb10,11169.021261401866,17796.54067945764
Tmsb10,11200.93257538799,17905.489352895685
Tmsb10,11189.170793958516,17902.79063862574
Tmsb10,11198.547283373566,17895.774226287795
Tmsb10,11200.130281249587,17844.081580118065
Tmsb10,11203.591355629827,17840.82003735824
Tmsb10,11209.13250075311,17845.174456769913
Tmsb10,11208.828841713392,17776.996201814414
Tmsb10,11200.524104871303,17794.135747574346
Tmsb10,11211.642694355241,17806.218288083684
Tmsb10,11200.568018754626,17794.100692579534
Tmsb10,11198.364353933992,17792.467087689274
Tmsb10,11207.070380488347,17795.527735936485
Tmsb10,11213.229057883837,17793.345203797966
Tmsb10,11221.876609317054,17792.143224662334
Tmsb10,11204.59638485352,17806.252250988382
Tmsb10,11221.417666477559,17933.207506637096
Tmsb10,11205.615287894096,17957.733082584433
Tmsb10,11216.899738315738,17936.94585579271
Tmsb10,11207.34290243947,17938.090260991165
Tmsb10,11210.812481281266,17929.79661901352
Tmsb10,11220.381705197828,17946.197087453136
Tmsb10,11214.640890894325,17941.399618630516
Tmsb10,11218.740032373751,17948.07824866528
Tmsb10,11207.458739598867,18221.18465574269
Tmsb10,11205.06888777305,18207.892186391575
Tmsb10,11196.59765288507,17875.30745139928
Tmsb10,11218.055712945175,17872.53986796481
Tmsb10,11215.604747022886,17870.769750645464
Tmsb10,11235.081333130338,16916.47556487584
Tmsb10,11238.712373246222,17790.664745633585
Tmsb10,11233.658406028064,17769.13982705445
Tmsb10,11227.039952119607,17788.556134795832
Tmsb10,11243.066945351648,17785.93206355378
Tmsb10,11239.296120784085,17782.31986917785
Tmsb10,11229.160967041937,17878.593601457775
Tmsb10,11223.38875059897,17878.66389845914
Tmsb10,11247.075395314198,17856.337571397857
Tmsb10,11234.636608234578,17848.715537472377
Tmsb10,11238.828400208688,17847.26399566456
Tmsb10,11248.079274789045,17835.03568667642
Tmsb10,11251.218338287455,17834.57635945558
Tmsb10,11242.418292237806,17825.76393159169
Tmsb10,11254.718172313867,17823.80512076849
Tmsb10,11231.276578702153,17820.626791064074
Tmsb10,11258.659077272652,17839.179951050115
Tmsb10,11245.310725529902,17839.507305407664
Tmsb10,11254.17969757596,16668.227102249366
Tmsb10,11259.283994402482,17751.888990120606
Tmsb10,11288.467823315441,17761.777025225576
Tmsb10,11274.645054665207,17770.51309787986
Tmsb10,11265.862862091106,17864.078249756163
Tmsb10,11267.996921850534,17756.447436744842
Tmsb10,11246.858201220433,17757.77440574887
Tmsb10,11241.63759725865,17751.43185407364
Tmsb10,11247.977477251863,17755.4581923403
Tmsb10,11267.490127811754,17798.56486450325
Tmsb10,11291.147478466832,17807.34345787147
Tmsb10,11285.904713164757,17813.12464687898
Tmsb10,11277.785415679054,17837.003004847775
Tmsb10,11276.981240665393,17808.3541171831
Tmsb10,11293.087780440677,17810.083742249568
Tmsb10,11282.649997534883,16933.124721071228
Tmsb10,11270.291421022079,16923.77779668145
Tmsb10,11281.100925159062,16924.243139279737
Tmsb10,11287.09941297314,16940.989381680723
Tmsb10,11300.789439820579,17895.40973855331
Tmsb10,11287.37947881164,17890.19851945803
Tmsb10,11274.175063804358,17893.288780245603
Tmsb10,11281.310199326681,17927.26009350609
Tmsb10,11281.333572303958,17946.49678665275
Tmsb10,11253.441000718703,17927.566627675624
Tmsb10,11281.417352473814,17934.37955546905
Tmsb10,11280.018257834476,17939.99026997825
Tmsb10,11307.45237330323,17872.319803651477
Tmsb10,11312.460902088947,17742.336533669302
Tmsb10,11312.522795418381,17740.674779428748
Tmsb10,11315.497565596115,17745.182683809464
Tmsb10,11321.987861784908,17738.812244808243
Tmsb10,11314.24301262997,17749.089292051693
Tmsb10,11306.7172842354,17749.281274683257
Tmsb10,11317.121889559638,17803.96563218363
Tmsb10,11320.245582185427,17796.591166705955
Tmsb10,11313.767843505982,17801.240893403767
Tmsb10,11336.093605371603,16904.255669017613
Tmsb10,11329.012206968822,16883.263647179352
Tmsb10,11337.338852040868,16906.57347808805
Tmsb10,11340.515477462252,16888.26140769265
Tmsb10,11331.177255949628,16906.717027717714
Tmsb10,11354.645286049317,17818.377181291384
Tmsb10,11330.19108504708,17813.56822576876
Tmsb10,11342.599084811403,18110.188139743488
Tmsb10,11331.170299179197,18119.467533975912
Tmsb10,11360.518441371496,17715.25923509486
Tmsb10,11345.766383282722,17764.439094426885
Tmsb10,11352.026267643354,17769.550276132453
Tmsb10,11352.779544647614,17755.145192522064
Tmsb10,11350.049597981526,17772.523246088305
Tmsb10,11356.294173170156,17798.23999758872
Tmsb10,11354.681234393496,18249.21110088182
Tmsb10,11356.78633622398,18251.569983442867
Tmsb10,11361.272848331288,18253.808501510273
Tmsb10,11380.527431899854,17893.541127745753
Tmsb10,11360.172584676755,17908.16302209723
Tmsb10,11378.681285193423,17913.34066221187
Tmsb10,11376.059861872958,17911.989495852267
Tmsb10,11376.325091871764,17768.88225320481
Tmsb10,11386.996395384462,17763.476296046494
Tmsb10,11375.833474013121,17761.12700655469
Tmsb10,11385.803059650074,17776.934595144477
Tmsb10,11390.808245003833,17778.553537342574
Tmsb10,11387.249991059634,17780.677445293262
Tmsb10,11404.397802884147,18147.28962485704
Tmsb10,11392.656883607453,18142.96292217364
Tmsb10,11409.633785409302,18139.53010706572
Tmsb10,11394.129934959998,18129.801883898992
Tmsb10,11399.411132202475,18130.859651146126
Tmsb10,11389.210896535737,18124.79387108275
Tmsb10,11403.245256074795,18144.95126597087
Tmsb10,11408.52690080746,18138.912657050576
Tmsb10,11399.927925120015,17979.11024974116
Tmsb10,11393.065823819392,17975.545294172054
Tmsb10,11396.275697687108,17967.0022852885
Tmsb10,11388.249003256842,17975.670018192104
Tmsb10,11375.616143325256,17719.962878832044
Tmsb10,11410.501873086341,17728.80993296795
Tmsb10,11399.36253672388,17805.359439901797
Tmsb10,11382.189970769801,17827.772451989433
Tmsb10,11396.775373419756,17814.86221181032
Tmsb10,11381.371117476661,17811.818330500584
Tmsb10,11400.07372027589,17819.180391014932
Tmsb10,11426.518075036058,17818.274853687566
Tmsb10,11423.416233572443,17827.788511450395
Tmsb10,11396.531792140373,17827.381526586265
Tmsb10,11435.184171392384,17822.35882457432
Tmsb10,11426.18351932578,17834.696088722118
Tmsb10,11418.229115404658,17815.473557060795
Tmsb10,11412.850998467595,17746.827599618628
Tmsb10,11423.283791115151,17734.677004096135
Tmsb10,11447.478180550306,17755.71497455984
Tmsb10,11434.13133598028,17770.61907124912
Tmsb10,11412.8737930939,17675.95724294987
Tmsb10,11416.024893338476,17680.536796528144
Tmsb10,11421.97607971725,17717.137174041734
Tmsb10,11438.406859969928,17728.825261598216
Tmsb10,11420.301514888473,17716.545189597044
Tmsb10,11432.80128240493,17716.57918039081
Tmsb10,11466.592998536986,17775.507303474285
Tmsb10,11469.343774277158,17787.677353451178
Tmsb10,11448.68458340626,17781.739746198997
Tmsb10,11463.006693760457,17809.340423062717
Tmsb10,11461.651843867648,16650.407603640033
Tmsb10,11454.37436687578,17950.301240154688
Tmsb10,11468.924634028252,17985.19642028424
Tmsb10,11468.766608418779,17748.061370848078
Tmsb10,11479.928435222442,17702.886382941513
Tmsb10,11491.16999217175,17715.85237725059
Tmsb10,11487.966733019495,17706.214338020283
Tmsb10,11478.148668257965,17710.592945445846
Tmsb10,11486.8678769418,17697.24609411751
Tmsb10,11490.366154256932,17707.2710163456
Tmsb10,11486.212875364781,17852.206705606874
Tmsb10,11479.33877433546,17827.94705018527
Tmsb10,11484.983378272682,17829.56812117278
Tmsb10,11513.544913382892,17787.734292000347
Tmsb10,11486.829942066333,17771.52573666195
Tmsb10,11509.79851254078,17681.43752656443
Tmsb10,11514.131295744939,17680.86233630045
Tmsb10,11525.686583969016,18083.31865888261
Tmsb10,11525.290670663811,17706.815179659916
Tmsb10,11539.654422182784,17699.889130585776
Tmsb10,11538.478497385944,17711.152727853558
Tmsb10,11540.256084430053,17746.8317698905
Tmsb10,11555.856549922913,17741.476053668554
Tmsb10,11538.8683291493,17745.583100192966
Tmsb10,11550.698694846891,17771.125384951825
Tmsb10,11534.63801572207,17764.995411808344
Tmsb10,11543.40104780221,17771.2164608821
Tmsb10,11559.032386927556,17782.960792112535
Tmsb10,11555.825806134102,17683.711618233185
Tmsb10,11553.163539864205,17689.79681017317
Tmsb10,11573.727725198836,17801.14138373062
Tmsb10,11558.019232901846,17648.845633558198
Tmsb10,11556.026040043293,17650.312442747785
Tmsb10,11562.990143635796,17638.556309541953
Tmsb10,11563.689280896271,17693.957193889026
Tmsb10,11573.453926663211,17705.79760797175
Tmsb10,11556.53231972259,17710.092569668086
Tmsb10,11583.138286803409,17715.29850759112
Tmsb10,11588.876719743546,17732.215811186994
Tmsb10,11593.74290737257,17718.289720004715
Tmsb10,11595.869252073486,17591.831198535598
Tmsb10,11596.691103146686,17587.309700522634
Tmsb10,11603.855407789126,17577.246448260954
Tmsb10,11582.138045512898,17589.531577509628
Tmsb10,11599.576869779748,17574.579136875454
Tmsb10,11600.308787220287,17583.583423978027
Tmsb10,11604.098467111176,17599.734551676163
Tmsb10,11596.206733433813,17680.733306405604
Tmsb10,11586.382351736082,17700.74234235092
Tmsb10,11603.415410165966,17684.40226821965
Tmsb10,11592.190302763975,17697.240871317725
Tmsb10,11594.06088528942,17692.095983757474
Tmsb10,11596.70430670865,17690.209628879456
Tmsb10,11615.405168348088,17677.407563842713
Tmsb10,11595.373264597216,17678.174680355565
Tmsb10,11601.901344641727,17725.09745330788
Tmsb10,11607.001275224065,17736.365465526298
Tmsb10,11596.687304331766,17633.858460948806
Tmsb10,11589.686199321535,17640.09389054854
Tmsb10,11589.11374790081,17635.77773966915
Tmsb10,11612.828495560192,17803.60487732632
Tmsb10,11602.02270858155,17812.241371346026
Tmsb10,11600.33585270287,17811.20809129479
Tmsb10,11617.331653298792,17816.47608728641
Tmsb10,11609.968958693093,17801.525814708762
Tmsb10,11613.126034241202,17814.806440742777
Tmsb10,11601.338518277034,17813.22354310888
Tmsb10,11604.50507819391,17818.72895312149
Tmsb10,11629.881166484922,17638.883993153733
Tmsb10,11628.593234005852,17651.548750899092
Tmsb10,11614.243819029904,17639.152939050866
Tmsb10,11613.084876703278,17774.65834212159
Tmsb10,11622.100071090885,17695.914379315913
Tmsb10,11645.386486669477,17668.245623547697
Tmsb10,11627.949713777962,17678.14014380203
Tmsb10,11637.197431646424,17651.691728135258
Tmsb10,11631.810921892473,17643.99537921178
Tmsb10,11655.112984548581,17652.378730388667
Tmsb10,11646.4401772937,17641.210188857323
Tmsb10,11665.760205002105,17641.043240615847
Tmsb10,11665.147407878052,17739.281045771986
Tmsb10,11668.810787636019,17752.454353368852
Tmsb10,11698.239314010705,17687.87865352638
Tmsb10,11665.288962657463,17701.417147302465
Tmsb10,11659.273561267644,17818.535163555713
Tmsb10,11669.536150112684,17826.60726406117
Tmsb10,11647.02344481505,17807.275628925538
Tmsb10,11692.354018503353,17632.747874350778
Tmsb10,11685.328448606517,17818.555738316638
Tmsb10,11684.951401831066,17796.845690710667
Tmsb10,11680.714047645813,17795.178718883173
Tmsb10,11686.639764852735,17678.57553217608
Tmsb10,11693.527472780315,17682.43981379628
Tmsb10,11691.806610621916,17713.159285098798
Tmsb10,11697.747121977749,17727.999622833162
Tmsb10,11701.657186555043,17725.35709211096
Tmsb10,11699.600104350213,17721.78598287364
Tmsb10,11715.159012539734,17720.199366042885
Tmsb10,11704.44413397208,17721.92052926033
Tmsb10,11691.780012688441,17768.995008986323
Tmsb10,11720.999467037682,17615.972364287834
Tmsb10,11716.718662840281,17603.88109328305
Tmsb10,11717.335226464553,17601.38451670908
Tmsb10,11710.161180172163,17616.24221923494
Tmsb10,11727.385672582794,17631.093163422825
Tmsb10,11713.354537195168,17612.891027432583
Tmsb10,11741.338877071104,17662.609292273715
Tmsb10,11718.863645089354,17682.031634068997
Tmsb10,11727.100002588062,17667.02879220693
Tmsb10,11738.50280738526,17605.73223823774
Tmsb10,11734.307869375783,17645.40157297148
Tmsb10,11748.072275097455,17648.222857285185
Tmsb10,11736.33239891392,17643.738797466496
Tmsb10,11764.66817193539,17642.68229662643
Tmsb10,11742.093473807075,17657.292441202884
Tmsb10,11748.958785684114,17644.158369053737
Tmsb10,11752.3619388114,17666.40647209756
Tmsb10,11747.400069418074,17770.6413873579
Tmsb10,11755.478274368734,17784.62452423671
Tmsb10,11753.957364039743,17969.507344176687
Tmsb10,11766.420208383199,17965.207026697328
Tmsb10,11747.148744876986,17965.113382126892
Tmsb10,11778.744240816464,17721.202905086626
Tmsb10,11774.13569317057,17744.295783376157
Tmsb10,11767.889330381422,17939.511575322744
Tmsb10,11780.159519355799,17947.67854401097
Tmsb10,11765.701692702476,17940.40577272848
Tmsb10,11764.624545057048,17607.190917524425
Tmsb10,11772.432553085207,17611.859384895954
Tmsb10,11769.610675445701,17615.00606596969
Tmsb10,11774.912490545192,17623.034664134764
Tmsb10,11787.917676230176,17626.74581549035
Tmsb10,11789.393194068194,17616.653307550692
Tmsb10,11781.637616239199,17689.589750009665
Tmsb10,11769.745756889411,17680.402608981658
Tmsb10,11783.155776647347,17667.47729483421
Tmsb10,11779.069246869665,17665.20565290631
Tmsb10,11774.116116400823,17674.86848028347
Tmsb10,11784.803379427145,17659.57935786861
Tmsb10,11766.428634734242,17681.14341014637
Tmsb10,11783.958268429444,17665.148232950527
Tmsb10,11782.432672863879,17673.266735563764
Tmsb10,11782.06477102075,17695.71354424417
Tmsb10,11797.093384409762,17689.5843299275
Tmsb10,11776.32961250994,17799.852453146497
Tmsb10,11793.859623295491,17808.285753236847
Tmsb10,11786.65494157648,17806.566578368427
Tmsb10,11798.406505961535,17706.56047136123
Tmsb10,11796.657975255974,17700.29736940195
Tmsb10,11789.860665962637,17710.876601523167
Tmsb10,11795.67363131121,17708.686288980436
Tmsb10,11804.777957199427,17711.928573742112
Tmsb10,11802.342495753775,17580.206411810705
Tmsb10,11825.51753220317,18068.615753807666
Tmsb10,11814.684218056042,18089.25938027171
Tmsb10,11827.904152440258,18077.357581077067
Tmsb10,11837.443159250532,18076.31098814047
Tmsb10,11816.472888073622,18065.423961091867
Tmsb10,11808.078624220878,18073.40582947577
Tmsb10,11825.205457833295,17648.598887918277
Tmsb10,11802.29055092558,17645.038464870056
Tmsb10,11812.5314366744,17638.59302794397
Tmsb10,11824.242360275926,17683.55945673364
Tmsb10,11822.874367240101,17676.965435936796
Tmsb10,11822.89406668477,17651.94060859168
Tmsb10,11820.361552192544,17735.315436956724
Tmsb10,11824.790611297396,17549.293977833615
Tmsb10,11830.507509256106,17557.421528296913
Tmsb10,11857.65050517268,17574.047255346617
Tmsb10,11839.563855325323,17549.057864306473
Tmsb10,11860.230663153052,17576.61140451918
Tmsb10,11848.769184048919,17562.163267953645
Tmsb10,11845.928885894113,17577.83552664693
Tmsb10,11840.23284041916,17566.32184523701
Tmsb10,11848.1157540796,17564.657068988574
Tmsb10,11843.656067518441,17666.72502830874
Tmsb10,11869.714859607047,17697.68896637928
Tmsb10,11857.403752439477,17651.20583308765
Tmsb10,11873.362915478701,17633.293312413058
Tmsb10,11857.26664245684,17642.07914790565
Tmsb10,11870.671659267371,17639.671071004184
Tmsb10,11865.923252347526,17625.2925273655
Tmsb10,11874.7337144254,17638.679791665716
Tmsb10,11866.018131824301,17637.337843768702
Tmsb10,11865.431908268072,17637.478121884593
Tmsb10,11847.795175929072,17626.164460214382
Tmsb10,11867.883512155566,17644.385182244085
Tmsb10,11871.927553604764,17627.223113888613
Tmsb10,11868.388989383597,17635.247158752903
Tmsb10,11872.126099127205,17586.213351099228
Tmsb10,11864.427732024265,17595.391870316646
Tmsb10,11863.02020847741,17586.45593851836
Tmsb10,11852.611638638138,17581.13662890029
Tmsb10,11855.911358327176,17579.393830186676
Tmsb10,11866.693064750409,17580.337811050045
Tmsb10,11883.60419529002,17490.351472372655
Tmsb10,11901.624103020678,17492.32676953591
Tmsb10,11902.442467155239,17490.17608930469
Tmsb10,11895.652278237494,17552.69637393682
Tmsb10,11888.801349573681,17554.0190366354
Tmsb10,11907.408001011714,17543.858061673487
Tmsb10,11909.014457877995,17553.92710845842
Tmsb10,11899.54703391213,17601.82292020361
Tmsb10,11888.972322443346,17609.536755125508
Tmsb10,11891.200092879375,17604.5444761549
Tmsb10,11911.250329315691,17594.08417722029
Tmsb10,11888.869903557337,17701.72135906392
Tmsb10,11900.787336692805,17682.33477311967
Tmsb10,11895.238628325196,17704.395614514546
Tmsb10,11919.479741001807,17654.259032329053
Tmsb10,11899.367204589591,18261.114774932586
Tmsb10,11919.343175432341,17561.14762054662
Tmsb10,11908.56705046942,17582.297572742074
Tmsb10,11928.702244157734,17575.07204762608
Tmsb10,11906.307388580995,17575.29501827005
Tmsb10,11931.611152731914,17565.432380283026
Tmsb10,11911.2351904812,17564.704022945665
Tmsb10,11929.647068598444,17521.609948447247
Tmsb10,11950.588717942781,17987.73265443167
Tmsb10,11985.875734263176,18253.34904000987
Tmsb10,11976.565003561926,18252.950830952355
Tmsb10,11971.994805006527,18257.64733390561
Tmsb10,11986.876152108223,18248.276134939042
Tmsb10,11985.305319705989,18252.831537584178
Tmsb10,11984.84763106509,18265.8028345027
Tmsb10,11952.429444056967,17584.477014205968
Tmsb10,11957.627462901182,17578.651021262027
Tmsb10,11942.30209527438,17598.73862895493
Tmsb10,11947.446004014566,17581.071747323214
Tmsb10,11949.969282278485,17579.786684055533
Tmsb10,11941.69305560736,17578.524104480646
Tmsb10,11960.775062154145,17583.234773873668
Tmsb10,11953.078118339163,17637.534113460413
Tmsb10,11961.86745749109,17642.976380831995
Tmsb10,11945.224546817351,17640.30010648949
Tmsb10,11944.27164386355,17637.3825705199
Tmsb10,11951.132542187428,17634.63276766735
Tmsb10,11959.537685630072,17528.17395908646
Tmsb10,11944.715152460662,17502.402600808568
Tmsb10,11953.632719230982,17523.107127078834
Tmsb10,11968.053617444539,17519.355977458337
Tmsb10,11981.728217781596,17508.27817981305
Tmsb10,11965.257886917789,17529.258213019213
Tmsb10,11967.076990834568,17522.966069895727
Tmsb10,11973.688960908774,17501.075339411287
Tmsb10,11973.946154672443,17534.137860969186
Tmsb10,11959.485945488648,17633.69292623417
Tmsb10,11964.68237954854,17553.052631806673
Tmsb10,11974.603217011932,18164.566758714314
Tmsb10,11979.279014974602,18149.385408761565
Tmsb10,11968.757913749072,18146.907914690277
Tmsb10,11973.13702363017,18148.10209360919
Tmsb10,11977.500118114367,18148.858182849664
Tmsb10,11970.868523389909,18154.74128034581
Tmsb10,11990.339830809738,17483.737763189496
Tmsb10,11972.673984680552,17488.600362082027
Tmsb10,11984.98609346297,17493.81354993687
Tmsb10,11972.010051729287,17502.633744558996
Tmsb10,11987.08453282233,17277.179131790774
Tmsb10,11982.219936426904,17267.159035975208
Tmsb10,12013.84176970402,17277.82177559675
Tmsb10,11995.240088628196,17281.672740443362
Tmsb10,11990.94542677114,17269.825056956943
Tmsb10,11989.584947799438,17259.309603179674
Tmsb10,11992.335881750456,17654.285226869426
Tmsb10,11994.01945022261,17635.630098490325
Tmsb10,12008.310090481487,17642.061768321935
Tmsb10,11991.346799076477,17438.177233107665
Tmsb10,11991.809056990513,17458.652568152087
Tmsb10,12010.325240951408,17444.236507191996
Tmsb10,11972.343288973158,17460.252534110008
Tmsb10,12000.115732230399,17452.21114377162
Tmsb10,11980.422073484813,17442.675603028296
Tmsb10,12005.83818326848,18229.84424039386
Tmsb10,11999.018557863837,18223.7481566126
Tmsb10,12004.714716571836,18234.77504914098
Tmsb10,12018.152335972267,18213.495885105112
Tmsb10,12012.690829317644,18222.982987212585
Tmsb10,12007.959623304387,18192.112062927295
Tmsb10,12010.759692937481,17482.45110983583
Tmsb10,12036.325276909536,17469.693890797167
Tmsb10,12016.302228256705,17497.1391880376
Tmsb10,12024.467525525866,17509.19368063898
Tmsb10,12016.544540664858,17517.004729321645
Tmsb10,12009.986420180247,17445.674404126195
Tmsb10,11990.822543961594,17436.74613288919
Tmsb10,11997.416225267329,17431.27772746147
Tmsb10,12008.852991451222,17558.526833075328
Tmsb10,12024.826706102524,17551.94574454846
Tmsb10,12013.164220965375,17538.213528217315
Tmsb10,12033.089431921084,17562.84395883093
Tmsb10,12044.853237590276,17443.540117360164
Tmsb10,12051.283658790846,17470.74775098987
Tmsb10,12054.495781439206,17476.165366852227
Tmsb10,12052.700940443783,17491.177024656074
Tmsb10,12036.831494097232,17470.469424439398
Tmsb10,12035.3811953852,17445.6664720281
Tmsb10,12044.020180085072,16474.46853842058
Tmsb10,12046.288278857486,16460.95811478538
Tmsb10,12041.131277233411,16464.480965021037
Tmsb10,12038.018039382605,17499.156683837828
Tmsb10,12067.996433243927,17476.4148788831
Tmsb10,12056.663967868119,17496.5801188422
Tmsb10,12054.150420542128,17431.208795793482
Tmsb10,12087.841128741153,17454.00140880494
Tmsb10,12081.24023145851,17546.712123166857
Tmsb10,12078.287172614066,17491.422851425214
Tmsb10,12096.808388088248,17494.545529361138
Tmsb10,12072.472532585269,17404.50470347017
Tmsb10,12071.587378486289,17423.110360443734
Tmsb10,12080.76074209053,17457.199376973662
Tmsb10,12131.831541410093,18118.968943681433
Tmsb10,12101.567497293288,18119.283438984636
Tmsb10,12104.887868003952,18108.48961337755
Tmsb10,12097.587585532026,18135.603262481054
Tmsb10,12091.266143593513,18124.918602575788
Tmsb10,12089.162762459846,17506.509633784877
Tmsb10,12085.650536706702,17516.25244563274
Tmsb10,12113.717544949694,17500.630214477897
Tmsb10,12112.307579221793,17566.402591520582
Tmsb10,12107.425716115642,17438.82022272688
Tmsb10,12114.818870909776,17429.089304599405
Tmsb10,12106.594606267261,17422.826356130743
Tmsb10,12111.851511745761,17430.748224722305
Tmsb10,12111.838165106064,17436.08638749948
Tmsb10,12120.989389514169,17413.604558796913
Tmsb10,12114.053432025035,17474.888995722795
Tmsb10,12112.189696379983,17466.203909983524
Tmsb10,12124.811651441456,17486.919548142796
Tmsb10,12115.975094829679,17464.475584329644
Tmsb10,12110.787392093724,17465.106892695952
Tmsb10,12117.10176502977,17463.23679755558
Tmsb10,12099.48581364642,17455.33658327948
Tmsb10,12118.442632587894,17484.921503392998
Tmsb10,12102.06168414274,17329.653350129924
Tmsb10,12100.920492502997,17341.505500012372
Tmsb10,12123.345754534921,17327.862948710754
Tmsb10,12114.069346876286,17330.440773862654
Tmsb10,12098.066383216796,17331.505677373832
Tmsb10,12115.185524596258,17317.767338371697
Tmsb10,12104.666611130424,17333.291663269036
Tmsb10,12152.423976181452,17519.256690540722
Tmsb10,12122.952290821348,17511.412838775424
Tmsb10,12151.410570513488,17510.955344494196
Tmsb10,12147.119829970396,17517.62004530524
Tmsb10,12126.44986702722,17516.1517641879
Tmsb10,12143.962058751778,17504.814078297415
Tmsb10,12145.835647266433,17526.041307016534
Tmsb10,12160.407525820998,17504.603134001834
Tmsb10,12133.844474394646,17509.313950062235
Tmsb10,12149.903949392392,17387.14092949807
Tmsb10,12141.746205694906,17389.014194001717
Tmsb10,12142.686829850365,17388.183196405378
Tmsb10,12151.142295343878,17391.07587176902
Tmsb10,12150.82827890663,17400.478639543704
Tmsb10,12150.712648441491,17388.38428772475
Tmsb10,12132.262078677211,17379.176084926952
Tmsb10,12156.818293043323,17390.998211557362
Tmsb10,12138.424104964433,17406.130802291813
Tmsb10,12132.711770057542,17350.778830335905
Tmsb10,12148.944219363195,17418.441689325566
Tmsb10,12148.856176289004,17429.839166919046
Tmsb10,12154.84336144482,17433.860105769534
Tmsb10,12140.836222480815,17611.909139370062
Tmsb10,12173.64678925111,17481.993215134324
Tmsb10,12163.54862185158,17487.710662022808
Tmsb10,12168.417541205026,17451.510216721286
Tmsb10,12174.198857641453,17461.48339597362
Tmsb10,12167.393306327614,17479.754959085847
Tmsb10,12195.203263488616,17819.768895481717
Tmsb10,12191.186044303093,17815.079227815757
Tmsb10,12184.591064906968,17822.6349968534
Tmsb10,12188.926293851506,17382.213448628663
Tmsb10,12190.506353826588,17405.481076825647
Tmsb10,12196.569673465527,17402.791058396397
Tmsb10,12191.516127854404,17392.60660635979
Tmsb10,12189.632613383352,16381.539757995837
Tmsb10,12188.375888357186,17440.755774191548
Tmsb10,12160.993088365405,17433.667675658908
Tmsb10,12192.250624518989,17433.306760856354
Tmsb10,12183.72880696493,17438.148247530393
Tmsb10,12200.972669961404,17430.02849979672
Tmsb10,12201.568289574165,17345.498888556664
Tmsb10,12216.688987505673,17374.17550728164
Tmsb10,12209.121215047935,17369.659172588752
Tmsb10,12214.649988837837,17371.36333582572
Tmsb10,12213.142428161413,17363.094814776756
Tmsb10,12205.21057803709,17365.93567879955
Tmsb10,12200.151837443269,17377.513642552258
Tmsb10,12193.301378573251,17254.19228558107
Tmsb10,12197.377072164361,17269.02513683151
Tmsb10,12197.786789665142,17265.199295149945
Tmsb10,12203.959319465863,17578.336751801537
Tmsb10,12208.484698161967,17575.75604231309
Tmsb10,12209.583533673176,17447.313993445714
Tmsb10,12213.696288351026,17431.081354825048
Tmsb10,12202.470232236365,17278.006722823207
Tmsb10,12216.348091450938,17414.0239603424
Tmsb10,12229.518667375953,17402.12309538964
Tmsb10,12247.72973597687,17918.72213543455
Tmsb10,12217.501261512107,17289.918085165773
Tmsb10,12246.84737409684,17386.40562198953
Tmsb10,12231.220530681283,17395.33134391795
Tmsb10,12258.032070198653,16976.118877973047
Tmsb10,12264.92863947188,16965.46106680513
Tmsb10,12262.76959184985,16984.774570951588
Tmsb10,12249.099105492865,16980.93283929803
Tmsb10,12251.213431455924,16974.611760460164
Tmsb10,12250.142395622703,16945.82953259902
Tmsb10,12252.793188148316,17426.57024365115
Tmsb10,12242.245042979142,17428.804222739822
Tmsb10,12256.559978618592,17424.54537177599
Tmsb10,12246.321771642033,17422.76354391724
Tmsb10,12250.502469031371,17412.317839213876
Tmsb10,12259.056124419008,17422.97468626994
Tmsb10,12249.53928582669,17420.8794192298
Tmsb10,12271.82164678322,17420.18506740894
Tmsb10,12247.558324814621,17338.420017498913
Tmsb10,12263.382678598828,17329.23572827882
Tmsb10,12258.431035926882,17330.17305625818
Tmsb10,12252.856160763191,17346.180745868485
Tmsb10,12256.791205634368,17342.51304668981
Tmsb10,12250.790653792528,17336.384917728697
Tmsb10,12241.832174731702,17353.427504511055
Tmsb10,12265.643445999694,17346.156935018123
Tmsb10,12251.886572274792,17338.54049036904
Tmsb10,12275.00532712989,16548.56390334744
Tmsb10,12269.187301499023,16553.413054288383
Tmsb10,12258.356566380788,16546.346197016344
Tmsb10,12266.45885903303,17164.164307601557
Tmsb10,12265.04677793692,17158.786425783102
Tmsb10,12259.450718555245,17159.908202174396
Tmsb10,12269.208763130344,17167.526806039976
Tmsb10,12262.172739063104,17242.16608181512
Tmsb10,12271.716537241718,17240.776249790106
Tmsb10,12264.516686043451,17260.994944421633
Tmsb10,12249.497647243892,17245.652356614206
Tmsb10,12283.118528534225,17480.02281118446
Tmsb10,12299.201526451976,17341.96004334238
Tmsb10,12292.771612473356,17328.939568584978
Tmsb10,12282.854985096137,17334.74012594893
Tmsb10,12304.742415338758,16393.894560451416
Tmsb10,12286.619187109985,16419.010434832977
Tmsb10,12291.597534355193,17237.07681706592
Tmsb10,12290.94013399642,17259.59678235545
Tmsb10,12289.206277642601,17242.36250936842
Tmsb10,12282.491125930912,17199.503077468034
Tmsb10,12283.24392796028,17201.889441883766
Tmsb10,12281.806185993826,17211.464273944875
Tmsb10,12310.325597278614,17304.994958753665
Tmsb10,12292.42030382405,17457.589620789407
Tmsb10,12279.73886618733,17445.602064757477
Tmsb10,12313.282444097595,17542.596079738614
Tmsb10,12308.98033048447,17533.17281729043
Tmsb10,12305.735263363471,17540.96226566829
Tmsb10,12298.160918203675,18033.51876536067
Tmsb10,12308.317168113976,18007.45730622501
Tmsb10,12291.423297511239,18012.953813862936
Tmsb10,12312.736028304751,18000.890332511928
Tmsb10,12296.196572975552,18027.608508078476
Tmsb10,12313.834692482877,18001.93002191421
Tmsb10,12297.180811539742,18014.25843597352
Tmsb10,12298.807350685962,18015.107054343945
Tmsb10,12301.719686662665,18000.276930221386
Tmsb10,12321.50207540544,18077.082400042298
Tmsb10,12302.817974629474,18086.401366145255
Tmsb10,12299.79382657011,18091.936611936835
Tmsb10,12288.678761857018,17153.205753911083
Tmsb10,12324.847269070617,17154.992115309647
Tmsb10,12321.226573465783,17163.967899946467
Tmsb10,12331.841953526982,17281.353128512103
Tmsb10,12324.947039249957,17382.726069754794
Tmsb10,12333.849791736211,17199.054223315867
Tmsb10,12341.9723191085,17199.487602651185
Tmsb10,12333.9795385575,17184.93556527881
Tmsb10,12341.82746054953,16350.92325517524
Tmsb10,12336.836160925715,16362.089625883431
Tmsb10,12338.53411370567,16357.034915470544
Tmsb10,12342.500788688027,17434.011316241435
Tmsb10,12339.693910023008,17235.379027276205
Tmsb10,12346.729269953546,17338.48243977564
Tmsb10,12344.79402761472,17343.36006580274
Tmsb10,12361.587970645483,17350.890523996713
Tmsb10,12333.519849322374,17349.150539807193
Tmsb10,12358.382034377628,17315.53728300634
Tmsb10,12332.161334982226,17311.177028171187
Tmsb10,12354.818611670911,17322.81088870908
Tmsb10,12365.706862294597,17281.263575179237
Tmsb10,12370.685316325718,17266.728117736475
Tmsb10,12376.200498155871,17160.74587290493
Tmsb10,12377.800206540589,17164.557961645085
Tmsb10,12375.03638028781,17149.27976502424
Tmsb10,12370.469811200797,16325.47089814159
Tmsb10,12392.412320814978,16308.545892894024
Tmsb10,12382.548112815208,16316.802377156548
Tmsb10,12363.90449900387,17265.750978869833
Tmsb10,12370.473006724966,17257.902384860943
Tmsb10,12369.967108823183,17263.991002386912
Tmsb10,12395.116093954011,17225.863523559194
Tmsb10,12371.795502403142,17183.830365373073
Tmsb10,12388.913438099682,17196.93962277063
Tmsb10,12367.84399969619,17178.638786090927
Tmsb10,12378.874585380176,17193.13146443323
Tmsb10,12378.262640373623,17181.88795027315
Tmsb10,12380.620293671482,17113.78414946723
Tmsb10,12389.696465091425,17109.724923622518
Tmsb10,12381.199638039267,17102.38798944727
Tmsb10,12397.886518903344,17122.01736740315
Tmsb10,12385.942677453522,17133.219929028757
Tmsb10,12389.833958647594,17105.29071259268
Tmsb10,12416.750528138646,17150.526946152724
Tmsb10,12404.735638072712,17173.317402092067
Tmsb10,12414.955192836145,17134.791951853993
Tmsb10,12409.965779272521,17053.62128482475
Tmsb10,12410.149458165582,17071.865780198143
Tmsb10,12405.103917547438,17058.628889182553
Tmsb10,12413.3454811157,17063.06528485065
Tmsb10,12398.612360280635,17063.35480685525
Tmsb10,12401.306650530043,17457.04756017607
Tmsb10,12455.82705985562,17227.736591705587
Tmsb10,12431.987030108652,17148.50641757298
Tmsb10,12420.550375854327,17155.809164167782
Tmsb10,12442.760571226367,17152.152655217775
Tmsb10,12419.89383146558,17151.271854793704
Tmsb10,12441.55785489063,17133.61032449007
Tmsb10,12415.592662247478,17134.96489001503
Tmsb10,12422.337736137175,17124.21663977132
Tmsb10,12423.813682759022,17102.66687124672
Tmsb10,12417.365043624548,17093.53815155269
Tmsb10,12430.33976538982,17090.213442910695
Tmsb10,12423.705522432176,17089.27250564339
Tmsb10,12446.076380195338,17091.836964913284
Tmsb10,12430.341302806044,17093.466188710863
Tmsb10,12434.589649496158,17081.68614105896
Tmsb10,12418.780613674848,17785.526959974202
Tmsb10,12438.894521059203,17789.30443830747
Tmsb10,12439.380630704687,17777.481656799795
Tmsb10,12445.657468374318,17789.145300510776
Tmsb10,12443.75012832592,17777.252670197442
Tmsb10,12454.651993602592,17775.95322075492
Tmsb10,12429.104763688443,17796.044811581243
Tmsb10,12434.865848588477,17783.481040433264
Tmsb10,12446.390347963474,17283.940930735134
Tmsb10,12445.114374468963,17298.428507399316
Tmsb10,12444.177990924354,17303.84994328241
Tmsb10,12447.76260061558,17288.524684469707
Tmsb10,12452.67384469514,17052.451563631083
Tmsb10,12454.793368737981,17047.685754130354
Tmsb10,12465.35215799771,16993.203086036534
Tmsb10,12469.34223049861,17007.36653082656
Tmsb10,12478.723414925656,17002.217513733987
Tmsb10,12470.063709079579,17010.628528805784
Tmsb10,12465.839724159787,16998.7874725742
Tmsb10,12450.516893441567,17007.690639444667
Tmsb10,12458.63042976535,17073.24729139952
Tmsb10,12465.442647221855,17015.363444820374
Tmsb10,12467.972149258956,17606.072929713984
Tmsb10,12484.20381504922,17123.30649433273
Tmsb10,12497.802124975999,16970.75917515134
Tmsb10,12491.31788613229,17146.55557351767
Tmsb10,12476.898947403482,17166.783484507618
Tmsb10,12497.22368873173,17161.223114359615
Tmsb10,12494.212534984803,17159.237428878896
Tmsb10,12480.583514826776,17167.62272229055
Tmsb10,12498.343602171608,17132.598414453238
Tmsb10,12507.064376770768,17164.972030514513
Tmsb10,12494.319439849325,17148.638622056093
Tmsb10,12498.674899373244,17636.25901293473
Tmsb10,12491.240956714157,17639.997595715853
Tmsb10,12493.254257821027,17633.401977917983
Tmsb10,12484.811606437275,17807.08703101437
Tmsb10,12500.59501154057,17795.410516647167
Tmsb10,12495.97710300377,17796.88252686591
Tmsb10,12493.995083127893,17796.198461234228
Tmsb10,12481.431149497437,17050.926431820862
Tmsb10,12496.837275556805,17054.49991340618
Tmsb10,12488.905875003804,16969.83332209908
Tmsb10,12504.799985077276,17574.702101584702
Tmsb10,12513.208867774798,17018.38043055274
Tmsb10,12533.913295914072,17018.89183901201
Tmsb10,12539.858004784432,17092.544326274834
Tmsb10,12537.638383836229,17108.409659901972
Tmsb10,12535.371732190486,17100.249562444616
Tmsb10,12528.43422548173,17058.18618403626
Tmsb10,12518.04881015371,17059.36951955262
Tmsb10,12542.29571752444,17065.35821672123
Tmsb10,12530.358447625078,16985.14637917382
Tmsb10,12539.686201710087,16986.913389428915
Tmsb10,12532.121324692293,16969.15203838973
Tmsb10,12517.530327063898,16994.721896028623
Tmsb10,12538.941499233846,17001.00154770967
Tmsb10,12535.451201363248,17170.048132913915
Tmsb10,12520.569947819151,17160.303081254267
Tmsb10,12532.39155837142,17179.80143638426
Tmsb10,12526.82516275714,17166.039058536564
Tmsb10,12556.907182430625,16090.792469308482
Tmsb10,12541.979782174994,16081.769286392919
Tmsb10,12541.19650573386,16075.702743240381
Tmsb10,12530.006374807572,16074.157058751654
Tmsb10,12545.345949384182,16060.579104261811
Tmsb10,12565.756080273111,17075.651323912803
Tmsb10,12572.552563649884,17066.149802095508
Tmsb10,12564.077383030748,17065.72617451395
Tmsb10,12575.952871681799,17075.1089478605
Tmsb10,12571.6195271751,17065.531025211912
Tmsb10,12553.84245219773,17514.164121478174
Tmsb10,12547.774049325943,17510.053981730893
Tmsb10,12562.147731214949,17515.314234616653
Tmsb10,12586.09433664332,17202.269550955083
Tmsb10,12584.769508315225,17220.87140686825
Tmsb10,12588.079394744187,17235.960863266366
Tmsb10,12571.272005565761,16984.316730200237
Tmsb10,12564.024102386866,16982.83508856971
Tmsb10,12566.497746059113,16964.364485591643
Tmsb10,12577.080960505538,16974.627431449455
Tmsb10,12564.744319961394,16980.586095826107
Tmsb10,12562.119339044752,16986.687795184815
Tmsb10,12581.632162291364,16976.415803509033
Tmsb10,12569.22623899712,16984.697514597327
Tmsb10,12575.400289877367,16983.731160784493
Tmsb10,12588.611937402946,16904.655530802193
Tmsb10,12576.96083503163,16991.80398879785
Tmsb10,12584.84227766574,17009.8639633958
Tmsb10,12586.40026812892,17005.423203858114
Tmsb10,12598.5716775601,16993.956817908085
Tmsb10,12595.140253782169,17001.01524146292
Tmsb10,12603.713644052612,16993.04778488107
Tmsb10,12589.26961962693,16996.061696427918
Tmsb10,12609.38605908234,16935.4824907567
Tmsb10,12589.526760921728,16942.88496823724
Tmsb10,12594.95235139104,16940.28957825585
Tmsb10,12608.092638893044,16911.557854246137
Tmsb10,12597.366385569605,16909.43156494401
Tmsb10,12620.555434472773,16921.907425009565
Tmsb10,12613.540736650139,17058.326781468368
Tmsb10,12608.821230729238,17051.35096707618
Tmsb10,12607.91077423465,17049.725307414086
Tmsb10,12605.918652497858,17063.35149902988
Tmsb10,12604.12800095163,17073.866904816274
Tmsb10,12613.274786170343,17054.55353222239
Tmsb10,12608.242147414276,17049.568490491867
Tmsb10,12609.45086575918,17047.212078441986
Tmsb10,12608.556632300784,17046.69822764722
Tmsb10,12615.184586722798,17325.079522811055
Tmsb10,12614.712802875629,17326.719072307784
Tmsb10,12615.492516794542,16839.702816591813
Tmsb10,12611.335314569691,16831.42930537799
Tmsb10,12633.071702975345,16852.596544315806
Tmsb10,12625.715468979004,16842.038590511856
Tmsb10,12619.73043434213,16866.008030880825
Tmsb10,12620.365677266647,16860.225455852524
Tmsb10,12618.414761504406,17024.92017035424
Tmsb10,12633.267091323178,17055.3849155799
Tmsb10,12640.490509822666,17046.776234011173
Tmsb10,12632.466782393094,17047.14080569823
Tmsb10,12605.387093266098,17018.13133828488
Tmsb10,12635.73213509102,17035.696028296086
Tmsb10,12632.74377217054,17527.392972065303
Tmsb10,12635.823771251327,17533.411543259943
Tmsb10,12632.669079807447,17518.217862356476
Tmsb10,12624.953891209643,17548.258064382044
Tmsb10,12641.444981174265,17533.286750618394
Tmsb10,12615.462272982737,17529.078317315867
Tmsb10,12643.116662305674,17119.707069307853
Tmsb10,12630.764825728204,17139.643757534417
Tmsb10,12634.114098223667,17125.481551082095
Tmsb10,12650.925237867863,17124.417262663836
Tmsb10,12649.59299359906,17477.021982368045
Tmsb10,12647.834421899492,17484.900997802357
Tmsb10,12640.915958537613,17494.707640893605
Tmsb10,12642.455404216733,17012.52246079619
Tmsb10,12639.085626709635,17005.245378989268
Tmsb10,12634.798886293504,16981.55128698264
Tmsb10,12653.067726258118,17002.216298378862
Tmsb10,12646.258345162976,16995.384062925623
Tmsb10,12658.168800121259,17462.740555666514
Tmsb10,12650.8656778554,16754.452231325384
Tmsb10,12656.271293616544,16856.841669803922
Tmsb10,12653.078722834549,16851.77672137167
Tmsb10,12647.394886271131,16867.6974585486
Tmsb10,12648.001348312806,16838.627006871255
Tmsb10,12661.05642243602,16818.742960807627
Tmsb10,12661.991864768703,17522.83809604863
Tmsb10,12655.092200035317,17519.090955353644
Tmsb10,12663.751104460769,16892.05309488984
Tmsb10,12662.5829318343,16799.350470192207
Tmsb10,12668.823505718381,16804.237972028426
Tmsb10,12689.379901267197,16794.469928530405
Tmsb10,12690.817980476768,16803.703315595085
Tmsb10,12678.412432610423,16779.573139941607
Tmsb10,12667.184740467248,16775.484722332832
Tmsb10,12677.717986986538,16787.023197061582
Tmsb10,12688.465031821856,16992.114420557045
Tmsb10,12685.476910775651,16972.81496395891
Tmsb10,12687.92502611884,16755.69146776749
Tmsb10,12689.743479360808,16762.706472665213
Tmsb10,12686.241192196261,16757.55182934129
Tmsb10,12707.768884579546,17396.335905605618
Tmsb10,12713.999203757914,17400.674650288882
Tmsb10,12715.358241608703,17396.0985480019
Tmsb10,12708.582471228174,17403.23655904054
Tmsb10,12708.65112196674,17399.523367477268
Tmsb10,12702.827484977746,17414.07295028159
Tmsb10,12697.025882919335,17398.40852906529
Tmsb10,12704.790321471246,16716.494900760375
Tmsb10,12695.89484370874,16719.51151923412
Tmsb10,12714.523268558352,16720.79071750039
Tmsb10,12698.72439102281,16673.884034935538
Tmsb10,12703.78949981288,16682.576946898927
Tmsb10,12702.419590346519,16676.77806958287
Tmsb10,12709.32100014966,16745.113247579993
Tmsb10,12718.249177821162,16750.760453341714
Tmsb10,12729.402236045738,16798.07943918417
Tmsb10,12717.781806648178,16793.320781459137
Tmsb10,12766.485701940623,16743.805824314473
Tmsb10,12742.392264784525,16741.92630317834
Tmsb10,12761.970599863555,16737.818598974667
Tmsb10,12750.550515472185,16733.18714837776
Tmsb10,12730.16193951276,16747.894510966744
Tmsb10,12757.702665418943,17286.6683818427
Tmsb10,12737.86255266141,16661.426033100477
Tmsb10,12781.712341370072,16671.71089888493
Tmsb10,12750.894403249265,16674.91413477333
Tmsb10,12771.563412363203,17366.236262285456
Tmsb10,12755.412676411477,17367.07804018943
Tmsb10,12768.281853288721,17363.91479085571
Tmsb10,12760.399896921715,17387.28390862502
Tmsb10,12766.765666910343,17377.32336941576
Tmsb10,12758.075683496201,16998.997278714633
Tmsb10,12776.47196540067,16702.050730044295
Tmsb10,12772.381290214007,16714.0587526908
Tmsb10,12785.36617440087,16701.78898828552
Tmsb10,12784.821906090277,16706.02345368649
Tmsb10,12775.894857176481,16700.411708978445
Tmsb10,12785.87603008929,16699.102748509293
Tmsb10,12772.13326223436,15993.684311718624
Tmsb10,12777.991238241148,16001.252407585196
Tmsb10,12779.492990705312,15985.179028922637
Tmsb10,12777.859501883704,15976.409819219038
Tmsb10,12792.707908005068,16645.471434847725
Tmsb10,12791.342031825425,16640.16552638136
Tmsb10,12782.892768626863,16647.53036031084
Tmsb10,12787.326558221612,16645.192157804922
Tmsb10,12760.416966986715,16653.59957998946
Tmsb10,12779.59111791811,16645.007512333927
Tmsb10,12766.24141799744,16637.34089502394
Tmsb10,12788.977224030217,16978.22605603971
Tmsb10,12786.215852415613,16957.26849870602
Tmsb10,12778.82967793307,16969.167719669156
Tmsb10,12787.904930128458,16828.16927907898
Tmsb10,12809.90803240871,16838.719102759806
Tmsb10,12806.1012211587,16561.159896445413
Tmsb10,12815.741894571733,16665.682783539272
Tmsb10,12827.960014997721,17326.337467074824
Tmsb10,12835.36699441983,17786.55283444813
Tmsb10,12829.16084318143,17783.643450814696
Tmsb10,12849.834140331775,17783.011819717598
Tmsb10,12827.709592137051,16743.78489342389
Tmsb10,12840.381783816934,16742.82889146028
Tmsb10,12843.87141547736,16744.31102242967
Tmsb10,12830.219317382984,16746.192404871024
Tmsb10,12848.74560410833,16639.666661835912
Tmsb10,12843.262790776078,16640.74045084308
Tmsb10,12851.580119271724,16649.73053047721
Tmsb10,12835.51078246322,16641.99542004903
Tmsb10,12835.105023550297,16640.7933306626
Tmsb10,12825.582440143357,16645.60394828751
Tmsb10,12855.797824234505,16707.86733235146
Tmsb10,12855.195977862495,16717.782441116942
Tmsb10,12852.738597814414,16702.840862181576
Tmsb10,12860.034346000248,16713.583234834885
Tmsb10,12854.787717433612,16869.737751711422
Tmsb10,12872.989303832617,16654.03502272073
Tmsb10,12868.014651644444,16668.44879608201
Tmsb10,12855.436205164335,16669.09835417577
Tmsb10,12873.760171547177,16685.987382019895
Tmsb10,12861.87499901309,16661.54869615342
Tmsb10,12876.694620358903,16621.15090895061
Tmsb10,12864.02738590731,16612.86096894987
Tmsb10,12885.32200927966,16609.914951023915
Tmsb10,12851.54833008093,17511.29370294142
Tmsb10,12870.379000152543,17506.829789708303
Tmsb10,12857.251729039326,17513.17309810424
Tmsb10,12880.406215242268,17520.290440214223
Tmsb10,12866.939702342646,17511.823015491882
Tmsb10,12880.778839509025,16787.269153483812
Tmsb10,12891.901454848112,16782.63122481215
Tmsb10,12894.135862686211,16783.077506129186
Tmsb10,12886.252702691689,16765.622118930143
Tmsb10,12895.118472467804,16778.435258243866
Tmsb10,12887.139771471268,16789.489044836566
Tmsb10,12895.073341521225,16556.185594468494
Tmsb10,12889.037054789143,16575.763553795015
Tmsb10,12894.457058942293,16557.600969300736
Tmsb10,12885.789331176642,16561.07930403129
Tmsb10,12907.110854029674,16558.073128228807
Tmsb10,12891.775508529037,16556.54189542112
Tmsb10,12896.174553286022,17659.90135196811
Tmsb10,12886.211463645923,17653.695796136468
Tmsb10,12914.339854762356,16649.086912672825
Tmsb10,12903.84091409004,16632.629266565193
Tmsb10,12925.287829413432,16638.889401101667
Tmsb10,12908.280078310443,16644.51749940207
Tmsb10,12917.741491522971,16630.791622083896
Tmsb10,12904.550343963452,16632.16765771198
Tmsb10,12910.64079961772,16641.34083867557
Tmsb10,12947.963112498717,16565.071907587986
Tmsb10,12948.024420301752,16724.414660959465
Tmsb10,12943.795728412602,16719.344185304108
Tmsb10,12930.381737818909,16715.72660586639
Tmsb10,12939.817675264425,16713.18327429231
Tmsb10,12913.293123265345,16712.588843116497
Tmsb10,12927.603044552026,17100.114725525706
Tmsb10,12943.80168121162,17091.530598809033
Tmsb10,12950.255799510884,16522.590077865858
Tmsb10,12938.46174588673,16539.488534753997
Tmsb10,12931.137310286762,16535.664906289843
Tmsb10,12928.022243695903,16531.60939399685
Tmsb10,12942.4970346106,16529.2959250286
Tmsb10,12938.914476798444,16547.62192936573
Tmsb10,12928.969045995476,16608.328470213426
Tmsb10,12950.964796098859,16635.723821289273
Tmsb10,12944.113445158837,16648.435725614177
Tmsb10,12946.858299790527,16663.109448679952
Tmsb10,12949.103267713965,16652.505142897986
Tmsb10,12947.380573466986,17141.681931346135
Tmsb10,12961.283015179228,17139.116219709813
Tmsb10,12947.107591928903,17155.106400269382
Tmsb10,12956.377770095065,16836.98908100687
Tmsb10,12966.728327000263,16831.67550830157
Tmsb10,12972.73473133536,16482.987509825158
Tmsb10,12968.227555786192,16469.762441304432
Tmsb10,12955.2877817793,16472.504459094955
Tmsb10,12976.490458337694,16484.182739423002
Tmsb10,12958.173188916191,16481.462446399215
Tmsb10,12975.09226152635,16489.664587494797
Tmsb10,12969.57948891888,16479.032227347085
Tmsb10,12976.826284678848,16613.383516025442
Tmsb10,12958.785888389004,16614.013303540036
Tmsb10,12960.562119782911,16614.987106646815
Tmsb10,12956.923178356183,17054.529302457417
Tmsb10,12940.101826978562,17062.258923132704
Tmsb10,12965.318522126421,16748.173070282268
Tmsb10,12993.538283358417,17097.862933512883
Tmsb10,12988.222808019635,17081.20861445535
Tmsb10,13000.077105563527,16461.111072560514
Tmsb10,12996.502397062173,16450.46613051939
Tmsb10,12973.197901903894,16454.909841564753
Tmsb10,12994.403631829378,16511.45026467585
Tmsb10,13000.900672416481,16654.404130772327
Tmsb10,12978.785573547342,16660.56225123194
Tmsb10,12999.866866259661,16679.323055608922
Tmsb10,12997.467879685013,16656.522333038847
Tmsb10,13018.270177639824,16665.04352343483
Tmsb10,13005.305167351864,16661.528060695277
Tmsb10,13007.226275713587,16581.616196064737
Tmsb10,12995.482987783953,16615.302533639224
Tmsb10,13000.960452623047,16604.08033428334
Tmsb10,13005.143342889865,16617.936984476244
Tmsb10,13006.590480596224,16477.3797127576
Tmsb10,13027.137588410198,16483.66700963202
Tmsb10,13038.429613765864,16485.35675225235
Tmsb10,13025.344327419767,16480.49915891594
Tmsb10,13021.259291056333,16481.49096508953
Tmsb10,13015.83281777863,16488.940215527808
Tmsb10,13023.013452653035,16440.930427922933
Tmsb10,13011.924245457087,16436.937171745696
Tmsb10,13028.878223367088,16422.04276104524
Tmsb10,13033.054510542264,16430.07039143523
Tmsb10,13014.262489385317,16439.533339463094
Tmsb10,13040.34286174738,16432.710506853655
Tmsb10,13018.075093146788,16563.216838526525
Tmsb10,13010.214453684832,16551.083521314504
Tmsb10,13022.343253761612,16553.979769604153
Tmsb10,13024.87346359759,16400.40524644217
Tmsb10,13041.384257895741,16404.31457445058
Tmsb10,13042.34535624513,16520.279120542982
Tmsb10,13047.99989237325,16515.460861415482
Tmsb10,13047.790180556385,16521.804158018804
Tmsb10,13034.37261394013,16511.047239267715
Tmsb10,13057.275062565517,17011.57814381739
Tmsb10,13049.91624457603,17021.228771071976
Tmsb10,13057.879607612065,17011.642883728695
Tmsb10,13060.613758079058,17026.43049289652
Tmsb10,13064.31651896982,17014.986214780114
Tmsb10,13053.302194890895,17003.16776058194
Tmsb10,13050.018087114013,16992.083657861982
Tmsb10,13064.445866939455,16484.478161589188
Tmsb10,13068.859691190743,16482.64569690867
Tmsb10,13063.614608172125,16476.621135070476
Tmsb10,13071.800851208125,16456.24330079711
Tmsb10,13066.505617138642,16393.73109389422
Tmsb10,13054.324496556252,16378.52490722599
Tmsb10,13074.684178961013,16394.52032807385
Tmsb10,13068.055895339492,16397.976811937762
Tmsb10,13041.118929700484,16432.486855106294
Tmsb10,13080.017784462178,16539.24375577318
Tmsb10,13069.809381289402,16537.46087417237
Tmsb10,13105.40332618039,16527.967325033427
Tmsb10,13074.593677065897,16532.81006715595
Tmsb10,13097.867028399332,16524.859296289993
Tmsb10,13075.369073639402,16543.92040953299
Tmsb10,13081.421243570285,16540.24169720442
Tmsb10,13085.635356323413,16533.783008081322
Tmsb10,13077.557869154556,16597.02510680656
Tmsb10,13099.965801470187,16408.91719656419
Tmsb10,13089.498372371876,16419.78752408984
Tmsb10,13114.920836960464,16406.870298134978
Tmsb10,13095.362808303682,16408.281052772025
Tmsb10,13104.534841663672,16415.9742996085
Tmsb10,13093.134277815187,16409.473213044777
Tmsb10,13093.220258539599,16968.926928625344
Tmsb10,13098.108137260586,16978.363030468507
Tmsb10,13088.692793268156,16443.23872063795
Tmsb10,13099.375695551284,16452.602357463144
Tmsb10,13087.928812837597,16453.694524999017
Tmsb10,13096.997301206022,16455.182718618627
Tmsb10,13103.882586268535,16505.064419210637
Tmsb10,13100.773603664402,16503.82877922917
Tmsb10,13103.261477663005,16497.160827090484
Tmsb10,13118.587654217756,16507.100523661404
Tmsb10,13107.326707913688,16510.11238717297
Tmsb10,13123.08213746712,16502.518437234852
Tmsb10,13099.545422397581,16502.020322285578
Tmsb10,13106.062447306678,16505.685169307577
Tmsb10,13126.661025892061,16451.769497612677
Tmsb10,13125.932146903866,16450.857974851526
Tmsb10,13121.297049545468,16366.014158823828
Tmsb10,13117.263414170942,16385.39882669309
Tmsb10,13144.867620482768,16388.379703663522
Tmsb10,13142.152786177647,16383.833515775852
Tmsb10,13131.70248732637,16370.48707630317
Tmsb10,13122.982460383684,16363.937200485221
Tmsb10,13124.508842670592,16386.2601807016
Tmsb10,13141.895146475,16366.150622678453
Tmsb10,13121.257944143541,16381.951382924746
Tmsb10,13118.694790068897,16381.70524608793
Tmsb10,13126.187272310633,16370.644721528726
Tmsb10,13132.139094848902,16373.69628469872
Tmsb10,13134.28420600488,16940.550230514436
Tmsb10,13143.385001284094,16964.508101174357
Tmsb10,13142.601941823506,16950.397848195942
Tmsb10,13141.945571909004,17437.273446632385
Tmsb10,13136.520559537823,17439.68727748716
Tmsb10,13145.749653533894,16420.566816947612
Tmsb10,13132.430878454856,16415.577273073115
Tmsb10,13123.8469167627,16414.93405883582
Tmsb10,13121.930205772827,16579.997295168174
Tmsb10,13115.35488727537,16585.959549833395
Tmsb10,13133.757566663724,16582.36051121326
Tmsb10,13125.719912683262,16975.488902803376
Tmsb10,13150.341609179288,16345.991305233534
Tmsb10,13166.599253324204,16349.154776895173
Tmsb10,13143.435012457585,16345.73473379257
Tmsb10,13163.39890491893,16332.287666550976
Tmsb10,13167.520218214104,16344.791083948945
Tmsb10,13140.796697181888,16337.669286064904
Tmsb10,13173.468042834902,16369.213996963172
Tmsb10,13195.13699458781,16363.447918785116
Tmsb10,13160.194695265265,16367.244817709572
Tmsb10,13159.82938201524,16483.229549722375
Tmsb10,13192.86549749308,16483.28391401043
Tmsb10,13170.31037135324,16408.535443023007
Tmsb10,13171.568535899576,16390.66673301462
Tmsb10,13173.569902565705,16528.48365795185
Tmsb10,13173.770587871071,16528.264558565555
Tmsb10,13184.048840953335,16387.909630727616
Tmsb10,13196.858206458342,16404.254873373447
Tmsb10,13157.204783476698,16392.049374275084
Tmsb10,13182.016160424828,16416.841182225762
Tmsb10,13202.275626941295,16419.285771187504
Tmsb10,13197.580547141662,16414.88811394236
Tmsb10,13198.802524097462,16409.631105377684
Tmsb10,13202.95357864541,16431.2524421625
Tmsb10,13193.091902978127,16425.18017942964
Tmsb10,13182.927219744659,17247.231845305218
Tmsb10,13205.647200597963,16467.963729848507
Tmsb10,13203.222202054429,16619.57771217614
Tmsb10,13198.351676879622,16870.420911590274
Tmsb10,13213.394267207768,16866.983384381685
Tmsb10,13211.783049042995,16852.678120724402
Tmsb10,13209.96528201406,16903.333617342774
Tmsb10,13212.152642523792,16915.496945951083
Tmsb10,13296.967039139896,16825.568713741086
Tmsb10,13290.817838979387,16809.33355819836
Tmsb10,13296.064061319355,16809.144261478683
Tmsb10,13307.75887310301,16822.842551465477
Tmsb10,13312.052846347386,16803.03010045722
Tmsb10,13315.462149971405,16806.476459317328
Tmsb10,13335.87460764324,16874.927797128996
Tmsb10,13313.217876206098,16879.98640090082
Tmsb10,13310.17049819099,16871.445566359893
Tmsb10,13346.111648174783,16731.70463470167
Tmsb10,13341.816770970996,16745.659730165004
Tmsb10,13348.928077716986,16749.38683253974
Tmsb10,13379.280994730976,16814.06215537997
Tmsb10,13375.309936440033,16823.26939146284
Tmsb10,13378.633285239493,16785.395664332096
Tmsb10,13415.023731935815,16733.862849272384
Tmsb10,13446.81396518457,17247.75354599853
Tmsb10,13460.43145944232,17250.541824990076
Tmsb10,13462.501078464738,17260.695167780024
Tmsb10,13465.814302407607,16983.046103812132
Tmsb10,13449.66750411448,16984.889576142017
Tmsb10,13473.368319481204,16989.788002098252
Tmsb10,13522.249277330287,16919.182563579638
Tmsb10,13513.496966526596,16929.886327844935
Tmsb10,13518.377019630343,16932.517238745877
Trp53i11,6441.608380155174,15049.314810540216
Trp53i11,7010.597175407216,13918.796089025403
Trp53i11,7044.443165111549,14109.877378176481
Trp53i11,7279.685631494394,14975.619688080345
Trp53i11,7518.228906225147,15867.088886805504
Trp53i11,7610.191447563842,14509.652770303712
Trp53i11,7613.901255422504,14497.157639142879
Trp53i11,8366.316387348787,15322.398944007417
Trp53i11,8380.404284300295,15335.911360404714
Trp53i11,8379.130627254788,15338.134926682169
Trp53i11,8541.847360531125,17098.627092862287
Trp53i11,8578.099686447342,17166.248894134606
Trp53i11,8684.733694412216,17045.46889760283
Trp53i11,8679.727842785385,16900.868217606345
Trp53i11,8677.297576330777,16916.903146564706
Trp53i11,8991.328043770149,17257.671948862262
Trp53i11,9827.338691681583,18062.053677892018
Trp53i11,10505.718366939798,16908.643345396376
Trp53i11,10513.636096256203,17848.435775479255
Trp53i11,11212.87873820961,18210.771251642545
Trp53i11,11285.275624266662,18374.404608412122
Trp53i11,11325.038942987923,16899.600879358062
Trp53i11,11332.173153568954,16907.700662447747
Trp53i11,11423.98920977931,17786.855149729574
Vip,6287.488221064043,14512.503484975872
Vip,6851.970923438197,15131.420979812787
Vip,6937.339146752408,14162.343980990208
Vip,6962.900909490931,15467.258390854755
Vip,6974.251120723628,14270.484932659145
Vip,7033.045199633579,15592.802889120929
Vip,7030.7080304313395,15588.29061598795
Vip,7039.43747763446,14950.55221159429
Vip,7062.845298286795,14115.243330494677
Vip,7121.157481455313,14948.530796498122
Vip,7287.75824147552,15062.791019392293
Vip,7284.14845621178,15074.473588288543
Vip,7275.634770703371,15069.949273595645
Vip,7349.88953710796,16320.470518219001
Vip,7479.780532553928,15177.370795522274
Vip,7568.619388509339,16011.243271669617
Vip,8282.13089778119,16936.72347331068
Vip,8382.230021525193,16831.070891624924
Vip,8431.211260955353,16805.576340225256
Vip,8696.669580509784,17705.14727227445
Vip,9099.543771041424,17411.899637070124
Vip,9757.141037316382,17486.886372539564
Vip,9774.537380721136,17504.326507458154
Vip,9755.276239816912,17511.482516025284
Vip,9773.772989513142,17510.265950135177
Vip,9767.306029645095,17508.66226519197
Vip,9765.896017646806,17492.194640885624
Vip,9762.690695670648,17493.286165807716
Vip,9761.590446629403,17504.058929476905
Vip,10373.908558325309,17956.008469081284
Vip,10388.147604365331,17957.632714248182
Vip,10842.548830068801,18215.007235966234
Vip,10852.287248019844,18227.989378368733
Vip,10849.485972417546,18229.590789942562
Vip,10840.478816005912,18228.30202417739
Vip,12647.558424425966,17139.20821447898
Vip,12641.3704545304,15953.12751139388
Vip,12660.576393026775,15947.909602037407
Vip,12675.259155883761,16689.088672777496
Vip,12858.887843849712,16578.465862546956
Vip,12921.47085577495,17230.732881262382
Vip,12916.010402208321,17204.893001764667
Vip,12913.665769869951,17204.495905911284
Vip,12928.668095304267,17221.806952224408
Vip,12899.850374091146,17209.927607735306
Vip,12909.186518195256,17215.95816336344
Vip,13025.39850277276,16939.611601266282
Vip,13471.150090763525,17192.433517421916
Vsnl1,6378.6554310564,14438.202435814781
Vsnl1,6403.463433774396,14953.697384342115
Vsnl1,6579.04262591561,14776.613018783959
Vsnl1,6569.597327430969,14762.642807890908
Vsnl1,6602.1989675412115,14694.581305190219
Vsnl1,6600.562162621443,14694.311301866275
Vsnl1,6611.044112800021,14409.233889013747
Vsnl1,6621.782607851987,14393.309248636891
Vsnl1,6656.3694623715455,14409.599304024585
Vsnl1,6642.763087096839,14409.679815754858
Vsnl1,6804.838086047516,14117.960654109398
Vsnl1,6805.70564100262,14118.880580038593
Vsnl1,6801.2890083777065,14113.336552627405
Vsnl1,6855.832073904145,15114.483877875879
Vsnl1,6849.762270510753,15127.163965472564
Vsnl1,6858.852188929574,15127.53047224826
Vsnl1,6883.189146007123,13977.218740853523
Vsnl1,6875.176820021661,13976.117395691504
Vsnl1,6888.187374286123,13979.002340255665
Vsnl1,6888.711459589354,13756.883133985506
Vsnl1,6890.991937116175,13774.029635916284
Vsnl1,6884.686746279547,13756.57532763113
Vsnl1,6881.333139034291,14128.836457437816
Vsnl1,6904.172959567508,14837.599271591345
Vsnl1,6881.187640752025,14833.37207888891
Vsnl1,6883.436268868094,14830.414704815848
Vsnl1,6902.099955276691,14242.69929214664
Vsnl1,6883.415835842714,14228.077932031354
Vsnl1,6903.123908179169,14246.191883571999
Vsnl1,6910.988686121301,14242.526706617591
Vsnl1,6883.588332370118,14230.021804993856
Vsnl1,6915.235988988884,14237.327657760768
Vsnl1,6896.52076249747,14237.260865833605
Vsnl1,6917.358580913866,14598.075875665623
Vsnl1,6912.220864208231,14603.754837660485
Vsnl1,6904.873389293593,14578.099742012979
Vsnl1,6894.672279166872,14591.087055401644
Vsnl1,6877.280021104101,14587.24948463058
Vsnl1,6903.892342379051,14578.606691522888
Vsnl1,6892.660214356689,14511.68643742639
Vsnl1,6934.7216894408075,14669.95558047319
Vsnl1,6926.0655565894,14679.336799020948
Vsnl1,6915.056565964675,14662.797468434803
Vsnl1,6914.04869697986,14667.414353341992
Vsnl1,6902.649974072605,14648.538543292558
Vsnl1,6910.479273772728,15402.252157385117
Vsnl1,6924.0081968049,13795.291341558592
Vsnl1,6926.079717942096,13979.557979440056
Vsnl1,6937.753677812245,13998.423005249277
Vsnl1,6919.32104669126,13997.909475581195
Vsnl1,6923.743248115793,13990.496963571299
Vsnl1,6937.472994117141,13996.524875693409
Vsnl1,6903.6370730709095,13985.107901258634
Vsnl1,6921.332718275735,13983.505198532766
Vsnl1,6921.348551116724,13991.666115870077
Vsnl1,6919.906332036948,13995.961401589275
Vsnl1,6921.988568337339,13987.323762359358
Vsnl1,6916.0294592456485,14018.023937357044
Vsnl1,6909.483886794705,13993.854439122892
Vsnl1,6937.123724968449,13999.245796936097
Vsnl1,6925.723766121117,14004.58874011438
Vsnl1,6932.174713552482,13989.501686579306
Vsnl1,6921.544353488913,13978.381235820172
Vsnl1,6914.916769440095,13995.2155639095
Vsnl1,6922.204849983807,14008.645737038396
Vsnl1,6934.39107104948,13982.490018562223
Vsnl1,6927.361198215925,13993.755743779388
Vsnl1,6913.005461385802,13994.083567080332
Vsnl1,6927.119572647009,14366.398857810738
Vsnl1,6933.459632944601,14378.855879351215
Vsnl1,6918.001663890301,14376.08627671977
Vsnl1,6918.358638041957,14363.330466192734
Vsnl1,6920.093610175698,14373.64585337838
Vsnl1,6910.661769643752,14810.436073965477
Vsnl1,6921.738298899975,14806.875795072036
Vsnl1,6911.765249048137,14820.046275421111
Vsnl1,6922.579728617226,14819.343032902563
Vsnl1,6931.165526604156,14633.533028653206
Vsnl1,6942.578400901685,14633.645111559008
Vsnl1,6924.4216940277065,14619.408138216975
Vsnl1,6918.33853522105,14631.652885984082
Vsnl1,6940.047521164426,14165.632820716906
Vsnl1,6934.000833504499,14191.31396370062
Vsnl1,6927.155139759498,14564.151863914423
Vsnl1,6923.791642424033,14562.350501060255
Vsnl1,6912.66477119987,14576.826244419037
Vsnl1,6934.986794309133,14562.036224302046
Vsnl1,6921.3618680615555,14583.903488277298
Vsnl1,6934.387257429383,13913.726768379842
Vsnl1,6935.328995774667,14247.35198435798
Vsnl1,6930.9175146999105,14480.406815281205
Vsnl1,6935.041758895058,13677.855145307387
Vsnl1,6937.860893287973,13663.970693236679
Vsnl1,6961.463089219193,13750.24232595918
Vsnl1,6941.175746251832,13746.649675710465
Vsnl1,6950.86543341247,13751.813948450312
Vsnl1,6940.980418624742,13761.428112942867
Vsnl1,6945.633448574321,13768.086595061763
Vsnl1,6953.442109706444,13759.164336831775
Vsnl1,6932.780728299177,13758.645595650765
Vsnl1,6943.058171685825,13743.451455827751
Vsnl1,6938.72021703731,14160.23633076327
Vsnl1,6935.446005978991,14139.27536954367
Vsnl1,6965.60985066422,13789.290034426047
Vsnl1,6953.201407798452,13776.96263529104
Vsnl1,6970.885083892478,15478.058774723706
Vsnl1,6963.53073230763,15465.581271629126
Vsnl1,6975.214717929586,15467.518649084921
Vsnl1,6964.782086491682,14006.221304452194
Vsnl1,6956.917740192939,14001.947062307945
Vsnl1,6940.815907523321,14002.759253002872
Vsnl1,6971.355327340316,14006.37777038152
Vsnl1,6946.097565045688,13980.5522574784
Vsnl1,6949.879911776054,13993.77624914309
Vsnl1,6979.312829237845,14510.241342015932
Vsnl1,6964.460120300451,14507.301592513119
Vsnl1,6968.851521518806,14669.0048991972
Vsnl1,6969.727471075809,14667.514653525313
Vsnl1,6962.568218946385,14539.805710306033
Vsnl1,6979.990200914898,14871.249767399251
Vsnl1,6973.47191144699,14304.781761384762
Vsnl1,6972.9922112363,14306.8821753555
Vsnl1,6975.151085760625,14575.087229060808
Vsnl1,6990.786603565613,13783.066395629658
Vsnl1,6982.236555880123,13772.277406973888
Vsnl1,6977.235183872955,13755.723385599347
Vsnl1,6961.731983431731,13831.074487772446
Vsnl1,6980.758382078696,13980.562663104662
Vsnl1,6945.25743685365,13985.527742815812
Vsnl1,6979.192978993047,14130.061872910368
Vsnl1,6959.018344796621,14113.941714485538
Vsnl1,6968.863233426056,14115.095752136018
Vsnl1,6968.955268782929,14475.37843829069
Vsnl1,6979.6833429213,14481.007789625763
Vsnl1,6976.828346528835,14463.16783585846
Vsnl1,6969.283512637012,14468.891994113741
Vsnl1,6991.674154974215,14459.433988669678
Vsnl1,6985.522353674883,14492.806436018163
Vsnl1,6981.884587114694,14481.35820063981
Vsnl1,6988.921524179604,14484.970057605913
Vsnl1,6954.903803821535,14473.867327021268
Vsnl1,6973.798933874994,14482.542831193054
Vsnl1,6964.940371788494,14483.686701976234
Vsnl1,6980.597366475458,14467.087073170398
Vsnl1,6968.089413018084,14477.461569309511
Vsnl1,6973.630775917478,14461.491284816064
Vsnl1,6981.49836649207,14463.956971634309
Vsnl1,6978.513944045539,14474.59880500766
Vsnl1,6991.025839333992,14462.987503426048
Vsnl1,6972.149737617542,14478.069869051542
Vsnl1,6957.600506357159,14466.484678287734
Vsnl1,6986.3494077480345,13902.009414257049
Vsnl1,6973.361371492489,13882.371732015656
Vsnl1,6985.976176810502,13878.449360362802
Vsnl1,6969.969629610541,14395.751594440162
Vsnl1,6997.856551027243,14093.053011969005
Vsnl1,6988.0297005343855,14212.36091338395
Vsnl1,6980.99801946659,14253.651128051248
Vsnl1,6984.5497343500765,14277.417489532065
Vsnl1,6969.656291200164,13981.022325127953
Vsnl1,6977.266627588058,13994.61747700445
Vsnl1,6980.6736898014,13995.357100095816
Vsnl1,6969.082612562652,14003.93197278725
Vsnl1,6990.5106652164495,14433.248729868172
Vsnl1,6985.804506421381,14399.530666461453
Vsnl1,6986.013310068252,14418.653356908753
Vsnl1,6981.655299265765,14562.385011086113
Vsnl1,6972.0950604178415,14555.25007470175
Vsnl1,6985.910693604179,13871.039188744551
Vsnl1,6973.327720719328,14226.059809871147
Vsnl1,6987.797325622281,14189.646579690647
Vsnl1,6976.45605650241,14191.401287309009
Vsnl1,6979.19932698331,14569.884399703222
Vsnl1,6999.076791452092,14577.338764475191
Vsnl1,6985.464445301895,14189.202722509297
Vsnl1,6974.696476120368,14204.953626736007
Vsnl1,7005.394058054915,14811.211690665494
Vsnl1,7009.193637806138,14362.19383739117
Vsnl1,7001.142432098211,14356.164598817653
Vsnl1,6997.368429585656,14373.791736076839
Vsnl1,6976.047457936494,14356.365723066854
Vsnl1,7001.585010292899,14377.759216596309
Vsnl1,7004.0626816691365,14370.450539933645
Vsnl1,6999.836724482197,15639.160620270362
Vsnl1,7020.175900152114,15648.36515652155
Vsnl1,7015.099902176592,15637.497618127187
Vsnl1,7012.001580921035,15632.901524781675
Vsnl1,7000.734527737562,15643.00707961969
Vsnl1,7005.484351128257,15663.381674550523
Vsnl1,6990.489142671941,14178.961999161002
Vsnl1,7027.153708809648,14193.555253177887
Vsnl1,7001.758700697838,14193.912910738867
Vsnl1,6997.631125304436,14004.839207247416
Vsnl1,6996.550107840043,14006.944040683442
Vsnl1,7000.007582768853,13977.923665514663
Vsnl1,6994.239306396132,15009.505465684437
Vsnl1,7003.716787544957,15017.366593662118
Vsnl1,7012.791328266698,15015.349083990603
Vsnl1,7000.369088967666,14520.08056612292
Vsnl1,7019.853683732888,14734.37243338314
Vsnl1,7010.909535234987,14326.886093061592
Vsnl1,7008.538366748729,14321.988479169704
Vsnl1,7027.53449178621,14320.057830386353
Vsnl1,7022.560191348922,14298.418221079073
Vsnl1,7008.410720209468,14323.500065224902
Vsnl1,7039.002080655659,14332.471300560072
Vsnl1,7012.272552884268,14329.29509112441
Vsnl1,7016.105118968429,14318.66856457506
Vsnl1,7032.289895046126,14328.271259114143
Vsnl1,7047.578276433306,14332.475326179409
Vsnl1,7031.7715552527225,14432.447412873984
Vsnl1,7041.299885244167,14573.919637502897
Vsnl1,7024.904985277502,14560.043858420708
Vsnl1,7036.071079311295,14570.333119796047
Vsnl1,7030.0524390731625,14579.753667021127
Vsnl1,7041.828548548503,14564.805902778395
Vsnl1,7035.511820564826,14883.008914359847
Vsnl1,7027.335081280237,13855.191226810588
Vsnl1,7016.793768322121,13863.99609442304
Vsnl1,7027.5581283738275,13874.1403344771
Vsnl1,7014.322473840463,13885.337034124232
Vsnl1,7025.953815738404,13872.500077881004
Vsnl1,7026.626569457685,13874.90404768411
Vsnl1,7018.493551025555,13871.712130776352
Vsnl1,7015.623720118599,13864.809950237433
Vsnl1,7008.643824644958,13867.825015823986
Vsnl1,7039.948764164817,15561.444825330287
Vsnl1,7034.874074319461,14861.406506555722
Vsnl1,7028.803342479987,14855.51304403094
Vsnl1,7016.542781342515,14762.731744481593
Vsnl1,7024.461619109344,14955.742943457813
Vsnl1,7038.824734054249,14955.451760450696
Vsnl1,7022.906026457248,14970.05418334527
Vsnl1,7032.990773002361,14954.453061953742
Vsnl1,7046.920117919478,14957.879134663053
Vsnl1,7054.230820165693,14967.803205292974
Vsnl1,7045.521757319748,14951.277315712176
Vsnl1,7031.327472153539,14954.873204609074
Vsnl1,7026.89456489761,14963.825338082634
Vsnl1,7033.164654606907,14013.412375155189
Vsnl1,7025.510653849613,14013.688450316084
Vsnl1,7029.194010914493,14005.314052856525
Vsnl1,7030.660866431745,14494.095812986105
Vsnl1,7046.698986599742,14503.191986352922
Vsnl1,7050.285309610824,14507.898863543287
Vsnl1,7045.753293139179,14494.1714902853
Vsnl1,7032.722488891082,14494.11191688032
Vsnl1,7040.0175348310595,14485.810112088004
Vsnl1,7033.166190293362,14502.326309336979
Vsnl1,7042.881042768805,14774.213515990428
Vsnl1,7036.896377368396,14360.618746362841
Vsnl1,7034.856203920432,14365.96266683928
Vsnl1,7046.538877870371,14875.926015867011
Vsnl1,7031.833731115791,14864.564303358335
Vsnl1,7032.530214065793,14864.134806335156
Vsnl1,7042.531784863567,14003.117780436542
Vsnl1,7031.587915149795,13974.480306927588
Vsnl1,7033.527412759242,13963.80069208478
Vsnl1,7029.41060356427,13968.280672732266
Vsnl1,7057.574914842398,13836.18418130419
Vsnl1,7027.988798265359,13774.939267935288
Vsnl1,7054.921516509124,13778.6223248856
Vsnl1,7053.458548483919,13775.932898177101
Vsnl1,7063.111926210549,14185.426917513105
Vsnl1,7071.857074927078,14192.061634948419
Vsnl1,7062.873700210095,14185.964976024596
Vsnl1,7045.951157087896,14189.805444661291
Vsnl1,7066.716001648676,14201.762106311453
Vsnl1,7065.120225609576,13728.286627607566
Vsnl1,7049.501428070789,14215.04902304047
Vsnl1,7058.168421091983,14213.740243011136
Vsnl1,7036.659840474332,14232.236843975035
Vsnl1,7040.845179106433,14226.85184397378
Vsnl1,7050.2591167051305,14198.493866414256
Vsnl1,7044.006294571761,14225.596286798856
Vsnl1,7046.251338536834,14228.906249066875
Vsnl1,7062.616106982645,15508.835527765652
Vsnl1,7060.984549978239,15478.53547531801
Vsnl1,7061.771030699742,14917.906994328598
Vsnl1,7066.239396647356,14236.369742450619
Vsnl1,7065.5332609863035,14249.597559143058
Vsnl1,7060.844563250419,14242.909366942145
Vsnl1,7076.478622119878,14250.829081351001
Vsnl1,7065.89631337872,14245.171874995625
Vsnl1,7076.303153188817,14235.799900354437
Vsnl1,7060.5194854174015,14241.462019300077
Vsnl1,7064.866799958728,14232.738820877636
Vsnl1,7066.201304805565,14241.635170512202
Vsnl1,7063.485105403963,14241.102308172447
Vsnl1,7085.83750606471,14558.21030758775
Vsnl1,7068.043987801783,14558.260229262216
Vsnl1,7066.675286378229,14537.403615618814
Vsnl1,7064.447009404093,14756.539112765951
Vsnl1,7085.137061689429,14419.130448716356
Vsnl1,7061.398582253212,14401.095606071884
Vsnl1,7067.1537648524,14418.41351689585
Vsnl1,7081.567930313081,14399.096312271091
Vsnl1,7086.627940150533,14405.494122210299
Vsnl1,7073.892618454468,14404.472283962623
Vsnl1,7088.97748683277,14331.87061452612
Vsnl1,7086.909169657618,14315.078477342751
Vsnl1,7088.172716716375,14308.444460605946
Vsnl1,7077.611622591839,14333.036084800955
Vsnl1,7077.05795180168,14505.61889006047
Vsnl1,7062.835414140167,14515.415533621177
Vsnl1,7071.558105381491,14489.040830726759
Vsnl1,7084.962670435071,14488.085014212174
Vsnl1,7070.8964473904425,14499.566684642014
Vsnl1,7059.170433523501,14508.19794404928
Vsnl1,7069.8821543284075,14496.234564744862
Vsnl1,7074.181985074098,14502.226575007073
Vsnl1,7065.710199554157,13929.723451647636
Vsnl1,7084.464844630263,13933.300933862176
Vsnl1,7053.013840598356,13945.050392903124
Vsnl1,7085.245130246574,14861.519132182693
Vsnl1,7071.125172687224,14869.047773999422
Vsnl1,7065.863276605309,14854.047822489147
Vsnl1,7082.441135742428,14139.768993635173
Vsnl1,7077.654336161294,14146.013105662143
Vsnl1,7077.863675878255,14367.09374336085
Vsnl1,7074.100657561762,14378.17260249415
Vsnl1,7066.589762146991,14387.599109461706
Vsnl1,7074.355293222223,14363.778074015163
Vsnl1,7076.604942697605,14361.01158652087
Vsnl1,7062.8040351851605,14391.80632565819
Vsnl1,7078.347459032021,14375.623511612494
Vsnl1,7065.910030429194,14385.807252125433
Vsnl1,7076.685441732615,14366.726021728953
Vsnl1,7086.025700222427,14370.343704857003
Vsnl1,7072.08992434832,14390.454855033498
Vsnl1,7063.586105244171,14366.029933318467
Vsnl1,7069.715714477468,14373.216305394522
Vsnl1,7066.907048482975,14377.09347034775
Vsnl1,7068.2018184547815,14374.136259613879
Vsnl1,7079.692480375352,14380.624221114753
Vsnl1,7069.010384419696,14384.87616312839
Vsnl1,7067.8985635932895,15000.531665551152
Vsnl1,7077.166701121593,14986.072667579943
Vsnl1,7091.24568793239,14998.434631296277
Vsnl1,7071.747528009684,14984.34582347719
Vsnl1,7073.603326846433,15014.373723437186
Vsnl1,7078.826900472357,15001.587892380321
Vsnl1,7075.749941967444,14994.335370386236
Vsnl1,7076.794512986796,15000.505195317093
Vsnl1,7083.180670033811,14985.326559180192
Vsnl1,7066.045210700377,15013.43980591789
Vsnl1,7082.900439904913,15000.84763988067
Vsnl1,7078.89752524653,15003.854635684842
Vsnl1,7093.642093225889,16019.719562255352
Vsnl1,7076.909336406743,14822.160346735776
Vsnl1,7071.654510556024,14829.80302201811
Vsnl1,7083.545481671164,14818.96536108788
Vsnl1,7111.058746434016,14645.057749980517
Vsnl1,7103.837342008064,14637.874322541533
Vsnl1,7093.357286725935,14637.615889817745
Vsnl1,7094.325409026646,14653.407747453477
Vsnl1,7099.477011698795,13701.307385109561
Vsnl1,7084.440266214715,13718.007331157814
Vsnl1,7083.724513259362,13693.290754937683
Vsnl1,7092.645415341636,14167.740921872426
Vsnl1,7105.083811794673,14165.35907951383
Vsnl1,7114.826622511417,14184.175618523219
Vsnl1,7098.890926035808,14172.958725080014
Vsnl1,7095.674252045886,14179.751941352933
Vsnl1,7106.0063753188215,14184.464085778118
Vsnl1,7101.427212141278,14172.95805236774
Vsnl1,7106.821767638397,14177.839346266946
Vsnl1,7103.225213010937,13869.906030897082
Vsnl1,7090.501638670454,13864.02900265972
Vsnl1,7091.502101242253,13870.332822343773
Vsnl1,7085.864194454303,13876.400081773278
Vsnl1,7089.322759011309,13876.03862411353
Vsnl1,7080.889675051082,14769.22444175294
Vsnl1,7105.740397364196,14765.143022542408
Vsnl1,7099.0448481260355,14781.951249023858
Vsnl1,7119.443716625259,14781.305957012495
Vsnl1,7088.580570889239,14785.376772622465
Vsnl1,7115.0431017338415,14771.074604066602
Vsnl1,7085.252374760371,14775.38262131858
Vsnl1,7110.491410245672,14777.065438618207
Vsnl1,7100.080385665604,14772.744470760541
Vsnl1,7091.525871501678,14768.117299769785
Vsnl1,7095.964122518107,14779.378271470028
Vsnl1,7083.704135626127,14796.279005559916
Vsnl1,7099.168963630794,14779.881934470783
Vsnl1,7102.874808641818,14763.239116835093
Vsnl1,7098.073383432395,14784.775023758993
Vsnl1,7098.264141707702,14775.729421692311
Vsnl1,7105.714888242628,14769.872614416397
Vsnl1,7096.321394963542,14792.581803775236
Vsnl1,7114.10916370176,14900.343943991977
Vsnl1,7095.067121992443,14910.72985750148
Vsnl1,7102.770405111988,13884.78584410483
Vsnl1,7137.198430289223,13752.515603583553
Vsnl1,7098.0753556346735,13765.10579153987
Vsnl1,7118.7161189169055,14945.875114424463
Vsnl1,7112.739818318711,14934.042353206909
Vsnl1,7126.395634418517,14927.81091067546
Vsnl1,7121.119683793599,14931.886274335962
Vsnl1,7117.8236581811825,14949.85621910797
Vsnl1,7138.682077440873,14933.877231793853
Vsnl1,7124.5749722162045,14693.701701673817
Vsnl1,7113.281159848718,14697.074541586491
Vsnl1,7120.183699221769,14696.695921247314
Vsnl1,7119.855033745176,14677.397110557376
Vsnl1,7117.14255165474,14690.196208707393
Vsnl1,7138.575668635447,14687.499778609419
Vsnl1,7121.311291080644,14689.997019323382
Vsnl1,7127.882238564373,14982.650254740955
Vsnl1,7121.828089141137,15031.648071470005
Vsnl1,7143.359765618146,15037.512313743046
Vsnl1,7125.344492713711,15035.808639228771
Vsnl1,7129.747078664234,15252.2691071151
Vsnl1,7113.554483485198,15262.199636503223
Vsnl1,7136.956092590251,15065.05303758294
Vsnl1,7134.033385339613,15065.724394325385
Vsnl1,7132.510371532693,15728.666230820012
Vsnl1,7144.833937049984,15737.520250975227
Vsnl1,7146.0761773741115,15727.60938562845
Vsnl1,7147.245176430464,14314.805485436895
Vsnl1,7146.225449920076,14317.36645431068
Vsnl1,7145.206899515114,14313.133827531658
Vsnl1,7147.296768926081,14321.71540960413
Vsnl1,7141.553322776294,15142.13302690978
Vsnl1,7121.135172068721,15164.152755877145
Vsnl1,7126.072520530869,15153.246869487435
Vsnl1,7146.624336699921,15159.657073267043
Vsnl1,7133.382243739757,15158.974136837403
Vsnl1,7149.547076267841,14728.491462929916
Vsnl1,7163.327166828752,14719.463151464653
Vsnl1,7144.107050171436,14737.468445906987
Vsnl1,7150.343924477342,14727.005384749527
Vsnl1,7170.935403578018,15129.553954487152
Vsnl1,7152.059131291714,15024.770814291855
Vsnl1,7183.3462676812815,15258.891222448827
Vsnl1,7169.197680738055,15260.152546341387
Vsnl1,7153.345351081304,15257.036257868996
Vsnl1,7179.064218894021,15266.128440875884
Vsnl1,7154.572647229587,15260.407575779856
Vsnl1,7158.7579105936975,15263.543392157648
Vsnl1,7144.803082426564,13760.279974879732
Vsnl1,7169.722748030615,15367.987703119497
Vsnl1,7160.797755247754,14403.423882965631
Vsnl1,7167.271203305675,14396.44501863209
Vsnl1,7180.349926712874,15399.899627752227
Vsnl1,7172.446014420521,15386.395691413285
Vsnl1,7201.871097326137,14813.761831950265
Vsnl1,7181.692767365858,14810.929138305848
Vsnl1,7188.131007259681,15442.593870652523
Vsnl1,7194.3112046309125,15443.13229058522
Vsnl1,7201.326709173099,16094.770463532406
Vsnl1,7190.254787742858,16079.806225246846
Vsnl1,7197.9263681572065,16094.021491846344
Vsnl1,7194.276408060554,14134.126052182564
Vsnl1,7190.19637096647,15281.520295077287
Vsnl1,7215.5789822687775,13819.05377218688
Vsnl1,7194.456373853326,13811.96296186139
Vsnl1,7199.643273179182,15110.485166871638
Vsnl1,7200.278056500753,15110.775222839682
Vsnl1,7209.954728475427,15122.272938743836
Vsnl1,7203.525421289468,15100.768099854833
Vsnl1,7184.994318277268,15106.490070991627
Vsnl1,7220.796893943567,15131.072920900566
Vsnl1,7178.331729359358,15110.416686189881
Vsnl1,7204.380727971231,15109.690260216234
Vsnl1,7196.722562059797,15237.580134868878
Vsnl1,7217.671617563111,15231.960242869942
Vsnl1,7198.738032881633,15233.041084472889
Vsnl1,7203.157787211827,15242.34094747525
Vsnl1,7209.595586387977,15246.479543142184
Vsnl1,7218.183667740615,15228.743059452772
Vsnl1,7206.590615806785,15226.442159906423
Vsnl1,7214.146692766917,15221.383156552562
Vsnl1,7214.289552961681,15246.238425673318
Vsnl1,7207.491112773973,15351.200269413068
Vsnl1,7179.101302553292,14978.38307760864
Vsnl1,7207.028322701403,14979.006793184892
Vsnl1,7199.538242574957,14987.619420863257
Vsnl1,7209.871341098095,14880.403775148321
Vsnl1,7198.588757357755,14860.809715795747
Vsnl1,7204.262617159076,14157.741226506552
Vsnl1,7214.056596843702,14154.147415532634
Vsnl1,7195.184338942074,14159.246156932188
Vsnl1,7216.639301635994,15137.149219983952
Vsnl1,7205.797149759647,15133.005641021544
Vsnl1,7214.876264470766,15146.40621285137
Vsnl1,7235.414619023956,14974.662102175207
Vsnl1,7213.5461808226,14965.524796016087
Vsnl1,7221.72377996195,14948.741315251193
Vsnl1,7218.912899547993,14950.554439277315
Vsnl1,7222.007233490213,14836.617392516187
Vsnl1,7216.511315559395,14838.472189540445
Vsnl1,7195.719486821286,14938.33405782873
Vsnl1,7199.9266336725295,14886.617161259397
Vsnl1,7222.910536166159,14894.850805877797
Vsnl1,7205.889793883328,15313.098458296423
Vsnl1,7225.21490940867,15020.848183339202
Vsnl1,7219.126087974051,15021.231021992284
Vsnl1,7226.131893987775,15082.811462442487
Vsnl1,7219.239747833781,15075.773982092678
Vsnl1,7221.051117542523,15075.53425191758
Vsnl1,7238.620713706552,14591.304879816786
Vsnl1,7219.764354838063,14593.90721048612
Vsnl1,7207.760823011571,14708.293146952457
Vsnl1,7229.978013221809,14981.236718502116
Vsnl1,7236.684251605955,14990.898798182248
Vsnl1,7233.348559553487,14983.301090254867
Vsnl1,7247.340906014813,14918.357991871213
Vsnl1,7243.295368370374,15494.06597736653
Vsnl1,7262.788004837758,15053.100405297138
Vsnl1,7258.590130250841,15041.117148557374
Vsnl1,7246.816049242882,15038.81244446528
Vsnl1,7257.406925621472,15039.59142219004
Vsnl1,7237.171003369509,15056.827194727191
Vsnl1,7249.520311299479,15306.75347272865
Vsnl1,7267.523726442947,15338.886013923366
Vsnl1,7274.332618169885,15343.537158553772
Vsnl1,7262.896019780997,15183.959017807134
Vsnl1,7275.616092530398,15147.034253700574
Vsnl1,7261.640447555339,15174.475918846
Vsnl1,7276.385937022418,15167.711021423722
Vsnl1,7257.618540052235,15177.074057283746
Vsnl1,7255.678402336774,15152.33737053078
Vsnl1,7252.70771980273,15157.7860932782
Vsnl1,7262.981248159993,15178.05037913287
Vsnl1,7274.591757413978,15167.559150569381
Vsnl1,7258.865711521534,15179.377124293418
Vsnl1,7251.103949043717,15256.139193955474
Vsnl1,7275.490505507304,14976.7591546112
Vsnl1,7279.320945529551,14997.800931766198
Vsnl1,7268.3728463221705,14976.011490459254
Vsnl1,7293.4081166034075,15250.390346574637
Vsnl1,7288.109082201191,15226.935747991114
Vsnl1,7280.819023224893,13899.07765225784
Vsnl1,7281.701842748641,13916.102510076986
Vsnl1,7288.932185670652,13908.009202017272
Vsnl1,7297.185762721577,15485.011267685411
Vsnl1,7304.133475840517,15515.24838262535
Vsnl1,7291.342371335897,15488.18676312539
Vsnl1,7301.5725579732425,15492.818062219994
Vsnl1,7307.112084281984,15517.388301840256
Vsnl1,7292.260020813514,15379.628481298314
Vsnl1,7291.451026855831,15381.251429729507
Vsnl1,7304.537398619064,15557.305834350982
Vsnl1,7306.080372138254,15550.617920747589
Vsnl1,7304.521457212366,15547.608233022755
Vsnl1,7295.986003914037,15564.585438226115
Vsnl1,7293.642509740992,15585.109522264518
Vsnl1,7298.55893583087,15550.7432544306
Vsnl1,7296.947915111629,15566.955852969
Vsnl1,7294.446667720498,15565.582870793567
Vsnl1,7307.588269544617,15566.17311462395
Vsnl1,7293.172365752339,15574.323084197991
Vsnl1,7280.1214198136895,15571.08094493536
Vsnl1,7296.272052848898,15573.59259033838
Vsnl1,7291.78184327936,15570.51516526413
Vsnl1,7289.421310512899,15558.180249856765
Vsnl1,7296.298186647953,15573.404729933347
Vsnl1,7298.332325460915,15366.660550057723
Vsnl1,7296.252670740583,15350.342689944491
Vsnl1,7304.8165921477175,15370.421807757124
Vsnl1,7322.60582767153,15444.79204219585
Vsnl1,7327.853780170305,15449.613384013903
Vsnl1,7324.246083971629,15449.563537307346
Vsnl1,7337.452511699549,15639.972639733975
Vsnl1,7341.385432259902,15510.295397115426
Vsnl1,7348.5225495298,15369.726809155143
Vsnl1,7361.066944108343,15379.92961122112
Vsnl1,7334.8228563566545,15367.307670405575
Vsnl1,7357.890010294887,15383.003119862902
Vsnl1,7339.978587510978,15358.280364148619
Vsnl1,7343.294782435649,15374.967507409394
Vsnl1,7361.156900775579,15611.213548857704
Vsnl1,7358.140874470513,16295.541355498033
Vsnl1,7363.184294964327,16311.160453505512
Vsnl1,7350.354109562767,16316.482231062704
Vsnl1,7370.9124234822375,15508.237042329203
Vsnl1,7363.156481749944,15500.684370964173
Vsnl1,7352.419091273552,15499.601993699258
Vsnl1,7354.912863004168,15722.658275878932
Vsnl1,7368.952395515186,14256.912368192981
Vsnl1,7354.569633532326,14811.824663918791
Vsnl1,7377.104491842354,15267.444048229067
Vsnl1,7378.647239061322,15650.624274982107
Vsnl1,7382.951022854155,15650.78374285709
Vsnl1,7401.873884332962,15566.057424648568
Vsnl1,7390.708127830435,15702.912426316305
Vsnl1,7413.921813798471,15540.288538987808
Vsnl1,7418.397822124197,15355.473475993404
Vsnl1,7450.004446635687,15333.033369280756
Vsnl1,7443.592442930361,15330.25202035735
Vsnl1,7435.8509743126915,15817.914655077671
Vsnl1,7438.181130046771,15788.310324453658
Vsnl1,7429.768356546318,15814.234243812803
Vsnl1,7462.2572588030125,15713.465052567864
Vsnl1,7444.971719976106,15748.888901838101
Vsnl1,7451.357952569482,15935.982544723556
Vsnl1,7452.242425583215,15938.604548781714
Vsnl1,7446.487061268535,15927.163049012257
Vsnl1,7460.395012846461,15815.331845902941
Vsnl1,7468.696955162633,15824.345967263002
Vsnl1,7493.229355696197,15174.075786187805
Vsnl1,7469.493948735208,15195.991465843741
Vsnl1,7465.43362441831,15647.266304144661
Vsnl1,7496.253566169034,15705.274391052933
Vsnl1,7490.824766909861,15708.787134124657
Vsnl1,7479.720034763817,15710.027948292285
Vsnl1,7496.015024818229,15718.247306416197
Vsnl1,7483.542962888241,15741.140315556551
Vsnl1,7532.586548458652,15785.975634654245
Vsnl1,7522.200545739553,15771.129400352009
Vsnl1,7525.149473809912,15793.884797389466
Vsnl1,7506.630210599105,15693.713403541715
Vsnl1,7521.320900594539,15694.257067299308
Vsnl1,7519.208934948908,15711.176503328663
Vsnl1,7536.60201344721,15760.329248066508
Vsnl1,7515.578762532681,15734.72478675975
Vsnl1,7530.953596290022,15758.191607340572
Vsnl1,7535.353891464747,15759.297144876638
Vsnl1,7520.343421612241,15750.657590442057
Vsnl1,7523.314689533495,15742.800853915072
Vsnl1,7532.8941994285815,15438.327717093158
Vsnl1,7530.90468396774,15426.86192840695
Vsnl1,7521.354927320975,15414.320064539765
Vsnl1,7520.556357510452,15867.264155405179
Vsnl1,7561.995033164797,16050.138019935066
Vsnl1,7538.241618523062,15773.874780025317
Vsnl1,7558.630248759789,15797.854013439146
Vsnl1,7568.232074536187,15797.020515343442
Vsnl1,7572.36173496607,15938.065055723071
Vsnl1,7566.054524570719,15937.83226438571
Vsnl1,7585.9553367146855,15941.699497533536
Vsnl1,7567.0407390356495,16021.712033613676
Vsnl1,7572.953541304971,16008.547918092961
Vsnl1,7576.9770301534245,16022.809977719722
Vsnl1,7584.882382685899,15887.872176066263
Vsnl1,7587.133291099024,14505.139769357847
Vsnl1,7592.167195270191,14493.559628989526
Vsnl1,7597.576139212285,14505.72795451256
Vsnl1,7593.448481801409,14506.970500084808
Vsnl1,7607.338084697071,14500.76748140159
Vsnl1,7609.309932825375,14498.868993290518
Vsnl1,7613.423793526443,15626.954898960508
Vsnl1,7588.00485288245,15626.842788943011
Vsnl1,7588.738072742032,16025.8264822813
Vsnl1,7586.238492612717,16618.503242266754
Vsnl1,7576.8225320327465,16629.07635400312
Vsnl1,7582.448639519049,16634.19298731488
Vsnl1,7596.491446864026,16622.61597962841
Vsnl1,7612.733773229032,15990.685536927069
Vsnl1,7611.032796855807,15995.775206443846
Vsnl1,7611.844391224826,16109.77215685987
Vsnl1,7598.939850713496,16134.82654393829
Vsnl1,7615.930952776239,16117.71743451113
Vsnl1,7615.591606897792,16109.480374743342
Vsnl1,7651.569433572023,16002.278742675664
Vsnl1,7638.781201955396,16017.324345259154
Vsnl1,7633.588442666366,16011.40402560284
Vsnl1,7616.762666604751,16388.12672502275
Vsnl1,7622.96713181116,16378.194258777272
Vsnl1,7608.870176142398,16381.306634704912
Vsnl1,7625.325573824655,16376.799099078049
Vsnl1,7624.655948547076,16381.219966211293
Vsnl1,7616.828647124518,16358.803302567483
Vsnl1,7635.850406409137,16373.025648643496
Vsnl1,7616.539526581405,16365.021930756162
Vsnl1,7631.709330609667,16059.932223705846
Vsnl1,7629.475914778686,16045.354939104618
Vsnl1,7644.505073402534,15935.175346410779
Vsnl1,7651.82572613058,15931.176737498143
Vsnl1,7644.297276819875,15935.777928367364
Vsnl1,7656.140379420413,15977.078137286097
Vsnl1,7655.34502522889,15982.218809855302
Vsnl1,7653.04240076275,15986.516114345144
Vsnl1,7641.061358367758,16172.28186880378
Vsnl1,7665.734475002523,16174.178346678016
Vsnl1,7668.922023913107,16028.19742789429
Vsnl1,7664.81269295067,16018.090958459383
Vsnl1,7687.0185030221055,16013.009829795568
Vsnl1,7670.91715385129,16031.369292743439
Vsnl1,7695.6295007304525,16135.016324444308
Vsnl1,7683.475572631095,16133.760741912536
Vsnl1,7669.483087110313,16136.338286256572
Vsnl1,7670.958594323448,16235.767884183626
Vsnl1,7679.560611510833,16218.544394060698
Vsnl1,7661.034326453052,16233.243360420216
Vsnl1,7683.633793849955,15953.700484142277
Vsnl1,7697.863952575898,15970.371333650026
Vsnl1,7705.3158267413555,16256.612788124437
Vsnl1,7697.59545089488,16253.90675631224
Vsnl1,7696.240610259073,16262.658900700657
Vsnl1,7711.601364060943,16288.008717587318
Vsnl1,7714.621766850283,16152.406280912164
Vsnl1,7719.018874186334,16174.719189066198
Vsnl1,7719.1492292781295,16156.724313174285
Vsnl1,7717.547040131482,16124.261654088208
Vsnl1,7722.967515082734,16220.330108780248
Vsnl1,7744.319283690017,16207.537368006402
Vsnl1,7749.847994350329,16144.01610345268
Vsnl1,7761.250290471394,16283.009283290994
Vsnl1,7786.173685699139,16268.405016764382
Vsnl1,7766.485616479965,16279.900383423153
Vsnl1,7773.060907459758,16272.5155904668
Vsnl1,7767.32079176103,16287.954576555221
Vsnl1,7786.262300528441,16272.03455492672
Vsnl1,7779.343943875603,16275.679657293766
Vsnl1,7782.129217301102,16287.076775748092
Vsnl1,7779.347671898989,16280.973153499532
Vsnl1,7777.900426827356,16282.46285250181
Vsnl1,7755.283526188109,16289.331975019175
Vsnl1,7772.507419055018,16299.66744939593
Vsnl1,7775.424377739327,16288.504297427797
Vsnl1,7774.035172054833,16278.3194371232
Vsnl1,7763.268053942612,16284.959600093536
Vsnl1,7762.1955629309505,16284.275033255719
Vsnl1,7759.724754128906,16271.931146925486
Vsnl1,7775.493236920759,16291.279322098733
Vsnl1,7776.151382134832,16274.87487901908
Vsnl1,7767.448888548413,16284.384200278146
Vsnl1,7772.241984208074,16278.235436370807
Vsnl1,7773.9373105657305,16298.039649488066
Vsnl1,7789.778074690244,16268.846850055095
Vsnl1,7765.415709659979,16275.34383167365
Vsnl1,7750.424840937821,16275.776847071045
Vsnl1,7780.160596357036,16266.992270229937
Vsnl1,7762.6222443741835,16283.560217812885
Vsnl1,7766.455743665444,16157.103357086997
Vsnl1,7756.864632209824,16253.536607437747
Vsnl1,7756.801633516923,15228.959000278262
Vsnl1,7760.278750791484,15207.91830172639
Vsnl1,7753.587249994088,15219.498857292981
Vsnl1,7766.555622687642,15184.308095125005
Vsnl1,7769.822008227008,15209.074398251674
Vsnl1,7765.830780568519,16039.139929500558
Vsnl1,7781.601721423937,16035.107665708672
Vsnl1,7758.433569258273,16039.01811894
Vsnl1,7753.9577572847365,16113.338052549809
Vsnl1,7761.001574292595,16083.265552411855
Vsnl1,7778.568950842286,16086.661302266724
Vsnl1,7763.19050793425,16402.625333038788
Vsnl1,7774.42429193084,16320.633598039638
Vsnl1,7793.019013609412,16312.610836199776
Vsnl1,7786.300492681158,16321.347338852825
Vsnl1,7792.858486013984,16323.269508187546
Vsnl1,7772.840286627384,16328.259334243545
Vsnl1,7780.189017115944,16325.787995005094
Vsnl1,7783.264939663869,16327.526519285317
Vsnl1,7783.78108218844,16318.523676662744
Vsnl1,7777.445085414185,16330.251754688854
Vsnl1,7778.624721476156,16325.40434592767
Vsnl1,7781.126205598565,16339.513109688083
Vsnl1,7767.336719732443,16323.425869086226
Vsnl1,7773.007172698839,16327.27271609845
Vsnl1,7775.822463374174,16317.152473726535
Vsnl1,7787.4684534222615,16329.046639388336
Vsnl1,7774.241953286056,16322.721377048721
Vsnl1,7794.519795054554,16239.298783592696
Vsnl1,7790.689684061825,16252.220251199107
Vsnl1,7795.790675526629,16370.934732369737
Vsnl1,7793.759757711541,16349.418524839348
Vsnl1,7798.593237966192,16364.503578406146
Vsnl1,7811.109254718761,16211.59443107373
Vsnl1,7802.863373558438,16216.123569682208
Vsnl1,7828.851979414522,16388.51643683876
Vsnl1,7823.982516545193,16389.33517782316
Vsnl1,7823.689069601122,16377.557127088845
Vsnl1,7812.3641096352285,16249.82097783527
Vsnl1,7834.292881108311,16203.358615184725
Vsnl1,7849.590436743017,16408.57908962155
Vsnl1,7841.399135922764,16410.3394076481
Vsnl1,7859.918052013335,16418.833487963515
Vsnl1,7850.718148111982,15705.317666294495
Vsnl1,7858.153766017696,15682.459035836759
Vsnl1,7820.879938418791,15693.82400987819
Vsnl1,7851.134162620368,16327.681639736913
Vsnl1,7857.929927471135,16337.491052787635
Vsnl1,7873.43252922787,16337.626853377753
Vsnl1,7904.5342183384455,16389.22275565196
Vsnl1,7893.302480632692,16387.10802673907
Vsnl1,7914.891845280647,16360.378921759686
Vsnl1,7900.0835392332965,16363.038321428814
Vsnl1,7902.580975207926,16340.267628404114
Vsnl1,7908.903533261083,16349.843543690675
Vsnl1,7900.0337263732445,16343.66365668936
Vsnl1,7900.469959883354,16343.57651970771
Vsnl1,7930.142814113027,16491.2227485395
Vsnl1,7918.284773010864,16503.52879310974
Vsnl1,7935.186065142371,16501.485442510086
Vsnl1,7906.962748435286,16490.337865306592
Vsnl1,7927.8693719545145,16501.634351547502
Vsnl1,7918.592537292237,16499.867060476106
Vsnl1,7899.889960969457,16460.5970860083
Vsnl1,7914.673583046072,16456.579759215798
Vsnl1,7932.656487827457,16337.796167827144
Vsnl1,7934.71318521888,16339.641699785267
Vsnl1,7910.400576466824,16459.862047866856
Vsnl1,7948.912730848033,16382.920095479652
Vsnl1,7946.078767635575,16392.850101558248
Vsnl1,7957.765356964711,16412.12213060232
Vsnl1,7940.721743656333,16448.5582991678
Vsnl1,7957.527525656834,16486.241063966183
Vsnl1,7949.524991087424,16357.737228255803
Vsnl1,7952.262795815385,16350.843758507472
Vsnl1,7940.846522687107,16352.023784767502
Vsnl1,7974.425856796971,16919.245261749835
Vsnl1,7986.110713538875,16489.194433596374
Vsnl1,8003.316584536009,16461.29429464946
Vsnl1,8005.395280876128,16467.348203045112
Vsnl1,8000.8354971360895,16465.082657983647
Vsnl1,8009.606380588863,16486.20132832807
Vsnl1,8004.390090967998,16471.325754572816
Vsnl1,8011.769142631236,16472.815518910502
Vsnl1,7992.987612493375,16473.009233092223
Vsnl1,8000.243285803796,16466.623830501212
Vsnl1,8008.881227303373,16459.883928139607
Vsnl1,8011.592091910581,16618.894948075573
Vsnl1,8011.975977201504,14854.418435949852
Vsnl1,7996.8530729443155,14853.243550391415
Vsnl1,8019.88806874968,14853.721036029352
Vsnl1,8005.338137578389,16506.32782563219
Vsnl1,8004.312176181404,16497.52283070251
Vsnl1,8013.895423408139,16489.856475940174
Vsnl1,8054.584319177506,16411.092129200693
Vsnl1,8029.3614069550185,16402.29313651964
Vsnl1,8029.996062984664,16425.020508174162
Vsnl1,8035.556350343832,16392.567657902473
Vsnl1,8034.569746452622,16402.564310940743
Vsnl1,8060.7913893189425,16660.53050887438
Vsnl1,8067.694955337682,16651.598116978792
Vsnl1,8061.8819054063415,16660.030402241657
Vsnl1,8098.544902647471,16501.92624473266
Vsnl1,8075.060029077271,16552.900768176365
Vsnl1,8084.035218002308,15047.707302927818
Vsnl1,8081.35237818799,15045.268436922786
Vsnl1,8099.244114563556,16630.203705585984
Vsnl1,8122.426546919939,16624.789935945337
Vsnl1,8099.431737178877,16627.31127959257
Vsnl1,8109.3984683701165,16629.056518771366
Vsnl1,8098.379800822426,16629.816196291096
Vsnl1,8123.769792005902,16616.6751614309
Vsnl1,8116.4558374801945,16622.259333109996
Vsnl1,8118.669230720148,16635.904057780717
Vsnl1,8099.572821228842,16633.48889118737
Vsnl1,8114.640085283966,16634.548773241586
Vsnl1,8105.648400725773,16635.936317296208
Vsnl1,8118.725846232414,16630.167973138756
Vsnl1,8106.006790229478,16625.159455348658
Vsnl1,8119.388187584171,16629.55949036859
Vsnl1,8098.536159365626,16613.926569621213
Vsnl1,8109.524225185703,16639.54461729739
Vsnl1,8111.38068114934,16631.24435017075
Vsnl1,8113.454093156171,16629.677058359277
Vsnl1,8115.30250526635,16621.474454283572
Vsnl1,8107.547783192275,16637.69079832132
Vsnl1,8108.42527647734,16625.052777081535
Vsnl1,8123.432778437933,16617.80709761531
Vsnl1,8125.59090046676,16627.596982659416
Vsnl1,8102.184043856549,16629.988327995685
Vsnl1,8133.193247543495,16530.837917602035
Vsnl1,8138.50359538612,16536.23483046201
Vsnl1,8138.61169272154,16524.005363588403
Vsnl1,8125.70843417643,16637.556452185367
Vsnl1,8150.159968904547,16601.97050143634
Vsnl1,8153.344708017276,16590.072983860686
Vsnl1,8175.148459414995,16558.251575223792
Vsnl1,8180.723353483617,16599.578902603094
Vsnl1,8194.819767410005,16603.289366474444
Vsnl1,8180.625740792287,16803.511765214098
Vsnl1,8185.212166142776,16811.654273636275
Vsnl1,8172.947976532347,16808.268120919216
Vsnl1,8176.889210241306,16791.32072847579
Vsnl1,8198.809185519121,16749.127160417178
Vsnl1,8200.808809935757,16762.141630867274
Vsnl1,8193.456363512982,16744.95587064632
Vsnl1,8220.676647030801,16568.31521522653
Vsnl1,8216.793177822747,16551.045875257205
Vsnl1,8214.113924405136,16578.14362669399
Vsnl1,8200.21559313873,15186.794451330983
Vsnl1,8198.787660854001,15166.27035312454
Vsnl1,8202.383930051648,15169.2486250225
Vsnl1,8177.11559348031,15188.799665326467
Vsnl1,8187.9141063672305,15189.99406403727
Vsnl1,8216.765115707243,16798.16858688475
Vsnl1,8211.664358148546,16798.673773981405
Vsnl1,8201.823815311456,16543.46706686797
Vsnl1,8208.765986310118,15177.908206401946
Vsnl1,8213.000371783382,15187.044494697018
Vsnl1,8205.966391862408,15200.447121980706
Vsnl1,8220.466340497556,16654.78694901357
Vsnl1,8204.222149642663,16667.577337112845
Vsnl1,8237.24396902135,16716.7561906963
Vsnl1,8236.882992436738,16739.63315506253
Vsnl1,8235.20342933762,16735.55848465661
Vsnl1,8261.87995631185,16664.913455797498
Vsnl1,8243.26736079894,16648.840418346022
Vsnl1,8246.388876039156,16742.160980392746
Vsnl1,8245.736388749976,16765.038684400195
Vsnl1,8252.558202931466,16764.261737692636
Vsnl1,8268.997570212032,16675.455638070627
Vsnl1,8271.903384137302,16660.76401802767
Vsnl1,8274.233081425593,16677.41755336297
Vsnl1,8289.776346114953,16829.058156247545
Vsnl1,8276.370946914834,16823.32866829151
Vsnl1,8293.557604156493,16777.04439570581
Vsnl1,8285.72283679833,16772.942620991686
Vsnl1,8280.138291710715,16785.316782758637
Vsnl1,8284.7561196161,16767.943296489833
Vsnl1,8284.61229471807,16780.347736629217
Vsnl1,8298.13275655556,16773.278282367857
Vsnl1,8315.190983710367,16840.772512877124
Vsnl1,8313.718696077725,16838.183614116726
Vsnl1,8348.66059975662,16795.678965951858
Vsnl1,8335.599907492779,16861.135645704126
Vsnl1,8337.949217781705,16844.40326115296
Vsnl1,8335.568620021422,16909.16720714758
Vsnl1,8369.216618038534,16749.837692632704
Vsnl1,8375.614987093963,16737.66146631678
Vsnl1,8400.19503257103,16869.351964467587
Vsnl1,8382.38676848298,16884.394303123565
Vsnl1,8388.970465349446,16879.02924528092
Vsnl1,8365.778089481822,16833.892477205507
Vsnl1,8382.84119263743,16828.337225742067
Vsnl1,8364.276332725649,16840.408830948738
Vsnl1,8355.949582954045,16836.384255520254
Vsnl1,8361.929108985572,16824.247459904956
Vsnl1,8377.539174513731,16831.568735072426
Vsnl1,8362.251900467492,16796.933391713912
Vsnl1,8353.47783595643,16790.886422765918
Vsnl1,8371.077183066116,15331.645766796826
Vsnl1,8367.863429576279,15335.339262892268
Vsnl1,8366.14161874311,15338.647485873065
Vsnl1,8361.098172463448,15352.626773563743
Vsnl1,8380.43978576564,15332.001586762482
Vsnl1,8367.85773164695,15337.556121384185
Vsnl1,8372.428465631028,15347.127272106183
Vsnl1,8380.736301526615,16959.348209070577
Vsnl1,8386.361452373192,16961.58080754635
Vsnl1,8376.755169471488,16965.083386264007
Vsnl1,8391.375517127086,16743.89379117929
Vsnl1,8421.661269934537,16934.77492842603
Vsnl1,8392.269613109787,16921.30099426816
Vsnl1,8409.983961047861,15175.423363209813
Vsnl1,8395.775124735579,15162.7193083696
Vsnl1,8383.492126264799,15166.983628150874
Vsnl1,8407.6168718288,15180.336675041384
Vsnl1,8402.168797290993,15185.936487099045
Vsnl1,8386.578575455962,15161.314661206747
Vsnl1,8426.091932074276,16832.023113793126
Vsnl1,8422.287873583555,16903.5080223141
Vsnl1,8431.654014541282,16809.31201746017
Vsnl1,8439.808048914882,16801.303818067096
Vsnl1,8416.726663729798,16820.48724285703
Vsnl1,8439.878257638999,16813.71044600316
Vsnl1,8420.996084215038,16816.04867152061
Vsnl1,8442.472328103167,16810.763907558845
Vsnl1,8433.788123355773,16812.105184997017
Vsnl1,8432.740954059414,16804.64488212552
Vsnl1,8426.933531792518,16806.022287008767
Vsnl1,8432.535317120917,16811.771775541514
Vsnl1,8446.643748171598,16794.964334081295
Vsnl1,8431.662173998635,16802.17732787196
Vsnl1,8448.24366131223,16822.35599446074
Vsnl1,8434.069593896826,16793.69819092463
Vsnl1,8445.834060289799,16816.723315772968
Vsnl1,8420.227866776835,16954.256936483656
Vsnl1,8456.418498941748,17049.26572060242
Vsnl1,8464.96206988531,16983.010961656608
Vsnl1,8465.864902542355,17027.939748340807
Vsnl1,8478.256584328125,17083.04573796823
Vsnl1,8511.6455186714,16895.675522745623
Vsnl1,8505.563522548066,16935.17833186261
Vsnl1,8515.181211564184,16945.023404865886
Vsnl1,8538.58013009311,16914.23958773237
Vsnl1,8548.88759504309,16892.683813515385
Vsnl1,8530.790801793846,16901.31846285323
Vsnl1,8546.11830631533,16876.754417528577
Vsnl1,8530.398121488117,16898.5462613374
Vsnl1,8542.280016685358,17104.460067347954
Vsnl1,8546.3852395364,17118.944998188923
Vsnl1,8549.416350750007,17219.20469925462
Vsnl1,8542.649907772968,16996.726082957088
Vsnl1,8584.189209734253,17035.1161992234
Vsnl1,8578.46442438948,17046.08214820865
Vsnl1,8571.375059760574,16911.23833079579
Vsnl1,8570.48671863893,16916.455622296722
Vsnl1,8575.496745133154,16917.435800700696
Vsnl1,8598.93269327912,17063.77385849048
Vsnl1,8580.7028647241,17071.999791935163
Vsnl1,8611.927567875038,17078.5461661958
Vsnl1,8602.611647627775,17080.151636080067
Vsnl1,8598.63397706047,16997.286027897622
Vsnl1,8602.712038589532,17135.183851614336
Vsnl1,8607.855475839902,17142.206243969675
Vsnl1,8605.940403881561,17136.561644875368
Vsnl1,8612.174344281608,16960.966724596492
Vsnl1,8619.97051130874,16970.0653377816
Vsnl1,8633.453490325066,17171.631225909587
Vsnl1,8647.865531388134,17191.808093175416
Vsnl1,8633.418754756744,17159.10612775168
Vsnl1,8651.127440486614,17176.630241657436
Vsnl1,8628.264104658101,17164.222385093693
Vsnl1,8639.14895818973,17123.327666552173
Vsnl1,8641.805161377932,17113.77562911718
Vsnl1,8662.762785296947,17064.566023731182
Vsnl1,8653.015172524862,17064.017829433305
Vsnl1,8640.77271501853,17071.31828287169
Vsnl1,8656.54491226655,17141.43347203485
Vsnl1,8667.479554885764,17133.958106795213
Vsnl1,8685.814053171227,15478.004988395664
Vsnl1,8681.452161152964,16915.920012239687
Vsnl1,8674.01455670808,16918.683372972875
Vsnl1,8661.16877365784,16914.399246864894
Vsnl1,8678.37580052397,17173.367920419685
Vsnl1,8674.531026627814,17202.97469227724
Vsnl1,8693.678123620104,17119.715452578115
Vsnl1,8686.3654961249,17124.330191454355
Vsnl1,8697.233757154876,17124.718366059566
Vsnl1,8681.353420923595,17119.0684270895
Vsnl1,8677.885510925242,17108.561281201317
Vsnl1,8704.404177786866,17707.121063532926
Vsnl1,8694.503747920311,17710.158502081118
Vsnl1,8714.533850087719,17705.151430525708
Vsnl1,8704.671643299764,17689.122355709558
Vsnl1,8692.36066916323,17697.651784468042
Vsnl1,8692.427796334321,17692.09952763543
Vsnl1,8693.611412310021,17695.700365093333
Vsnl1,8682.865403023772,17712.442904488613
Vsnl1,8718.275117688694,17651.635046680683
Vsnl1,8685.90021194828,17648.214541040717
Vsnl1,8693.697040010216,17630.552380233657
Vsnl1,8691.79346520256,17648.437774192662
Vsnl1,8707.112911706567,17163.285535703824
Vsnl1,8713.971250622655,17123.46462888146
Vsnl1,8725.566696522674,17143.988568128858
Vsnl1,8731.315859187322,17133.828740820914
Vsnl1,8730.107143802645,17180.168031939873
Vsnl1,8722.824703357577,17153.13255088583
Vsnl1,8704.674090833465,17204.622209362118
Vsnl1,8730.058566669968,17193.025953078602
Vsnl1,8733.457585384158,17280.8744988399
Vsnl1,8764.28256415898,17203.613228549264
Vsnl1,8753.3756501938,17399.95543847226
Vsnl1,8775.581515636492,17421.44448045225
Vsnl1,8765.546737994437,17446.97388140752
Vsnl1,8753.009871636154,17409.392301750493
Vsnl1,8758.889609698439,17423.980741180316
Vsnl1,8801.624049179118,17254.654220748627
Vsnl1,8790.264442140997,17255.494317255852
Vsnl1,8792.912821469301,17254.92455993458
Vsnl1,8803.102867200638,17258.258383610762
Vsnl1,8788.248765023733,17258.926697464485
Vsnl1,8783.720711921895,17262.052672060272
Vsnl1,8794.957675823418,17251.890760903934
Vsnl1,8799.258892480088,17281.06893883701
Vsnl1,8794.14772799605,17134.98504162972
Vsnl1,8791.56710173907,17142.001291580033
Vsnl1,8806.607651551052,17137.159020791158
Vsnl1,8793.226540677137,17143.02733669898
Vsnl1,8804.485981377822,17128.513058963483
Vsnl1,8807.887768774339,17140.918378661114
Vsnl1,8794.334641951695,17124.940441919884
Vsnl1,8804.522272725613,17172.967521009537
Vsnl1,8807.719905377993,17201.72697498182
Vsnl1,8810.132296181735,17203.619275671666
Vsnl1,8811.700445771276,17179.788219242608
Vsnl1,8802.115819097451,17180.941771083315
Vsnl1,8829.860478448514,17237.07108600776
Vsnl1,8827.602943161904,17279.88192444971
Vsnl1,8837.858092926052,17271.425395879305
Vsnl1,8851.869356325304,17755.162210166643
Vsnl1,8848.748526656498,17782.674916349384
Vsnl1,8846.582666243105,17751.074482067215
Vsnl1,8851.09406406614,17388.454248355927
Vsnl1,8851.75496349401,17391.018934119653
Vsnl1,8859.600544624262,17396.167750564313
Vsnl1,8849.142563591386,17343.333241391992
Vsnl1,8865.245223425534,17344.548199884168
Vsnl1,8858.344332122224,17350.88331937273
Vsnl1,8869.05819074868,17351.636632066537
Vsnl1,8871.67803896827,17332.476525497194
Vsnl1,8886.482365553462,17209.45959946103
Vsnl1,8906.258658039314,17147.55056135185
Vsnl1,8875.24781836125,17159.608157016137
Vsnl1,8902.102007918182,17166.263824284597
Vsnl1,8907.396716155314,17387.960216340656
Vsnl1,8908.18977812164,17369.978415756552
Vsnl1,8920.796779484792,17375.686663930002
Vsnl1,8897.664249088752,17225.67612952888
Vsnl1,8934.373020830653,17194.802074766965
Vsnl1,8931.72467555772,17212.698138885273
Vsnl1,8946.069069084338,17208.20438179085
Vsnl1,8935.109998927475,17198.51038544037
Vsnl1,8934.08023303072,17202.34957367921
Vsnl1,8932.211292641785,17192.549280661162
Vsnl1,8942.71282904045,17196.975901595422
Vsnl1,8939.775683656471,17199.56394287872
Vsnl1,8937.298814344207,17200.98353007057
Vsnl1,8936.6402793719,17193.570519602366
Vsnl1,8949.64118930897,17198.12221033577
Vsnl1,8936.514314209628,17203.26548525764
Vsnl1,8929.79744378693,17202.90646170809
Vsnl1,8934.812200386285,17190.295346364568
Vsnl1,8949.147772078293,17192.82747339339
Vsnl1,8934.172561075298,17213.576719257228
Vsnl1,8926.01023275872,17189.039392082803
Vsnl1,8934.845488812784,17194.029784978393
Vsnl1,8932.260676272834,17200.35965265785
Vsnl1,8930.496931942975,17204.68927656854
Vsnl1,8943.261519312613,17189.63779909895
Vsnl1,8930.417123356865,17202.313879091464
Vsnl1,8934.53464087271,17192.870959104428
Vsnl1,8938.200161318171,17227.967636979192
Vsnl1,8920.132844688318,17214.06957370581
Vsnl1,8942.899471079654,17204.041908931533
Vsnl1,8939.803430342681,17196.490578712237
Vsnl1,8927.405320173688,17198.59672196365
Vsnl1,8932.513948326181,17204.350349130946
Vsnl1,8940.728214496501,17222.513469788148
Vsnl1,8934.927036770301,17205.14883462903
Vsnl1,8933.71770783715,17192.81982586557
Vsnl1,8944.418458243248,17198.580757320775
Vsnl1,8955.612346020427,17263.100076871742
Vsnl1,8941.575253446888,17276.540447109546
Vsnl1,8952.307624018049,17319.232969188695
Vsnl1,8972.726877280187,17309.574747552066
Vsnl1,8963.804356637254,17364.60886585016
Vsnl1,8951.114501321936,17375.346563532203
Vsnl1,8976.943940692787,17342.343299086944
Vsnl1,8970.311144097126,17334.450364020122
Vsnl1,8983.092710498639,15974.882322765488
Vsnl1,8974.426844101923,15971.786581432583
Vsnl1,8975.4212343959,15967.987041638291
Vsnl1,8992.172618490738,17252.745709959
Vsnl1,8992.297227235262,17253.751208473255
Vsnl1,8996.815741391849,17266.919999306327
Vsnl1,9003.365854814552,16068.742969072197
Vsnl1,9009.892719360641,17360.053190397983
Vsnl1,9012.83692030781,17328.0079740291
Vsnl1,9017.52651731047,17390.503607917526
Vsnl1,9007.368709538783,17389.948867547188
Vsnl1,9049.394817761455,17271.126125434115
Vsnl1,9031.303553302929,17277.27455694994
Vsnl1,9038.629981527567,17275.10304588919
Vsnl1,9029.210615414613,17271.690573675456
Vsnl1,9026.978767059023,17272.559150858724
Vsnl1,9037.08181307895,17307.94027684511
Vsnl1,9032.022579741866,17238.172011660223
Vsnl1,9062.244864705077,17236.98833395036
Vsnl1,9044.34017464868,17239.304347268182
Vsnl1,9057.129645817631,17244.556874132497
Vsnl1,9047.52837423061,17436.8337199136
Vsnl1,9059.31811622173,17419.071370801306
Vsnl1,9096.315733083718,17306.225896575485
Vsnl1,9088.71312061551,17465.766244995844
Vsnl1,9086.743857549936,17454.13495657237
Vsnl1,9104.659603935863,17467.654843751305
Vsnl1,9084.5110146198,18032.435048560794
Vsnl1,9108.384117724745,18040.263294155226
Vsnl1,9077.964214812904,18039.013688343934
Vsnl1,9095.366268828233,17274.373620732757
Vsnl1,9094.346931629501,17266.010764527877
Vsnl1,9088.505717190246,17255.741291030903
Vsnl1,9110.847829360393,17374.54289723499
Vsnl1,9127.815751626229,17376.146693446044
Vsnl1,9129.310772694427,17383.868836059333
Vsnl1,9146.828598497943,17017.131400092752
Vsnl1,9183.248766683862,17407.586306628997
Vsnl1,9170.686980053128,17394.00060552526
Vsnl1,9170.170421778292,17404.671834571156
Vsnl1,9188.15928059192,18088.348815496603
Vsnl1,9209.630196836015,18104.9798758253
Vsnl1,9172.919204355318,18097.146115660842
Vsnl1,9201.549389488468,17558.39529758319
Vsnl1,9184.50109387353,17589.16675508026
Vsnl1,9190.909995833044,17565.8330768764
Vsnl1,9187.974900147034,17334.868255792226
Vsnl1,9185.058718793161,17365.6884094865
Vsnl1,9201.375253915683,17432.599288633057
Vsnl1,9237.411663166615,17477.12172540255
Vsnl1,9236.681257097316,18092.37134700353
Vsnl1,9247.242774102244,18103.61984283592
Vsnl1,9227.2147236524,17563.518717797335
Vsnl1,9247.382060556576,17573.283532010824
Vsnl1,9229.915042393603,17562.76606622783
Vsnl1,9253.919643458024,17554.636398085426
Vsnl1,9243.106670668387,17397.656742891086
Vsnl1,9236.618192854814,17412.791553028554
Vsnl1,9251.717224972119,17448.700235184104
Vsnl1,9242.433146711368,17453.87484067423
Vsnl1,9269.469987791741,17488.331807313807
Vsnl1,9292.167582744149,17511.729774373685
Vsnl1,9277.107576752693,17509.417618836218
Vsnl1,9268.88267535933,17506.22708996448
Vsnl1,9279.470387009298,17496.12762201536
Vsnl1,9268.70853495548,17499.617577811692
Vsnl1,9295.946840430908,17501.91243628217
Vsnl1,9278.577944486802,17502.349721345254
Vsnl1,9295.148035337137,17511.044977042515
Vsnl1,9280.195197697192,17500.86940534442
Vsnl1,9269.686059920745,17494.552619736987
Vsnl1,9277.953149112742,17489.452328627824
Vsnl1,9273.137236979683,17497.22408697604
Vsnl1,9275.65531636306,17489.147998658802
Vsnl1,9283.716304375466,17566.370622313112
Vsnl1,9297.0418775117,17582.323657528224
Vsnl1,9308.983736845725,17748.86519035161
Vsnl1,9288.401031821822,17760.882755987393
Vsnl1,9300.990449815303,17755.953008307664
Vsnl1,9307.092970362337,17747.322144061753
Vsnl1,9292.043632475046,17751.001912248565
Vsnl1,9294.593606627985,17754.829945690657
Vsnl1,9313.59042996586,17267.409841499022
Vsnl1,9289.87352579915,17249.21746124127
Vsnl1,9295.73239761449,17372.524012845864
Vsnl1,9300.775204708272,17407.705452917984
Vsnl1,9310.935904990121,17483.19952379514
Vsnl1,9330.423394198935,17459.71011131867
Vsnl1,9319.278189592305,17505.901350067223
Vsnl1,9322.348541810657,17519.086277949194
Vsnl1,9337.088784686004,17504.87196318911
Vsnl1,9320.611097581026,17487.90414306818
Vsnl1,9328.82939710268,17509.64895701547
Vsnl1,9316.354698274212,17489.82430069037
Vsnl1,9359.25571344598,17404.261251641623
Vsnl1,9389.627202642096,17456.87521672692
Vsnl1,9369.912526242486,17453.812958273757
Vsnl1,9410.777313104794,17400.470717869048
Vsnl1,9396.489352674795,17402.0057112777
Vsnl1,9402.396438508345,17390.14507823827
Vsnl1,9403.235828076284,17406.16287928701
Vsnl1,9418.22762921745,17447.85598530022
Vsnl1,9431.50652622438,17502.565006987643
Vsnl1,9413.279251759284,17501.663846591346
Vsnl1,9436.10842298221,17504.930329786846
Vsnl1,9430.594131697118,17609.98693744843
Vsnl1,9426.509958131539,15995.371517606314
Vsnl1,9417.049107051243,16001.81938231768
Vsnl1,9412.336084832981,15991.61279552942
Vsnl1,9424.934042589397,17424.463570583594
Vsnl1,9419.326030983622,17423.87866661327
Vsnl1,9434.088545252467,17405.52091477247
Vsnl1,9430.292608272921,17419.663153636615
Vsnl1,9426.538566439303,17417.732596902733
Vsnl1,9444.373128314966,17416.36904857294
Vsnl1,9431.152211096993,17407.287546731168
Vsnl1,9435.872420166288,17423.64078833743
Vsnl1,9433.335704111923,17401.96263018832
Vsnl1,9433.550261691076,17470.589048540645
Vsnl1,9447.728238682244,17444.686144963638
Vsnl1,9471.191194760306,17535.407327986806
Vsnl1,9443.179646004268,17539.20713371411
Vsnl1,9460.242004843692,17548.36293357559
Vsnl1,9452.70905972061,16433.800989032272
Vsnl1,9459.70926412381,16424.457504479666
Vsnl1,9453.356143015866,16436.259542682972
Vsnl1,9462.166138013874,17596.47888736599
Vsnl1,9487.570290764916,17465.018730709668
Vsnl1,9493.97632326639,17444.637186916018
Vsnl1,9482.012159277903,17449.627314045716
Vsnl1,9477.802957519178,17430.13256465996
Vsnl1,9486.224812464865,17441.064779975488
Vsnl1,9503.495232400328,17446.18852414975
Vsnl1,9506.344923383238,17485.894188486494
Vsnl1,9521.36916969686,17488.786210459966
Vsnl1,9493.578456649282,17593.06568377071
Vsnl1,9487.477960837632,17589.129401347185
Vsnl1,9515.892420077429,17600.228645936033
Vsnl1,9491.225109437724,17598.744800084478
Vsnl1,9522.612493045192,17552.535137430492
Vsnl1,9513.68620430446,17668.33238264863
Vsnl1,9547.825871655317,17523.87933735806
Vsnl1,9530.394592398743,17530.51226291565
Vsnl1,9551.469197463464,17567.356191018876
Vsnl1,9529.496643952554,17560.212569458752
Vsnl1,9547.75482528926,17565.659755954504
Vsnl1,9547.460515151453,17638.367982791813
Vsnl1,9537.447138890622,17470.40807191662
Vsnl1,9562.001849017492,17490.99992641134
Vsnl1,9544.51018841167,17490.16283798562
Vsnl1,9554.446127061046,17490.344699480444
Vsnl1,9546.695688367066,17489.81474382386
Vsnl1,9553.949583254209,17487.324374654527
Vsnl1,9549.363265518205,17481.9379210552
Vsnl1,9543.408963643846,17608.344721755057
Vsnl1,9587.600702261021,17652.703576999244
Vsnl1,9577.804742721548,17705.53151729023
Vsnl1,9578.815226666049,17504.619513214984
Vsnl1,9592.144334435603,17488.326692492108
Vsnl1,9580.609557640577,17509.163448458068
Vsnl1,9593.855291245132,17565.231955290594
Vsnl1,9584.57974476406,17567.312518384733
Vsnl1,9593.29577577787,17571.854080622074
Vsnl1,9583.05857721751,17960.81946289658
Vsnl1,9622.302405738536,17556.148162792055
Vsnl1,9625.120633191536,17578.920062923626
Vsnl1,9624.859751840457,17618.114854839783
Vsnl1,9621.446602342225,17625.06299572243
Vsnl1,9640.819362979053,17647.62272016478
Vsnl1,9645.415453515161,17653.850832491462
Vsnl1,9624.325841338714,17658.06753753596
Vsnl1,9655.374747201733,17578.835005761295
Vsnl1,9657.15230303431,17579.227857882892
Vsnl1,9659.456341703879,17604.27334195586
Vsnl1,9640.824732356605,17583.72630489475
Vsnl1,9656.200521233863,17635.89725526041
Vsnl1,9647.644770947694,17623.37964378411
Vsnl1,9680.24763194497,17617.994538172145
Vsnl1,9662.817890781656,17612.43956735802
Vsnl1,9676.247190333588,17698.982962501683
Vsnl1,9666.108506585191,17687.051542095152
Vsnl1,9678.959378631453,17711.35161047618
Vsnl1,9663.330419868578,17679.651469408476
Vsnl1,9695.612061028714,17662.65340935193
Vsnl1,9714.494971718428,17569.96701891022
Vsnl1,9716.265783783556,17574.948941206632
Vsnl1,9718.654158848485,17569.02800569807
Vsnl1,9702.33143079939,17740.959585532182
Vsnl1,9718.776973510086,17646.2259782966
Vsnl1,9753.885419858112,18114.011116416517
Vsnl1,9732.262216423409,16635.81358115402
Vsnl1,9732.672671954897,16661.40912438553
Vsnl1,9732.860167580633,16646.16455260205
Vsnl1,9739.75969965497,17746.058964847813
Vsnl1,9756.267096401802,17612.614464760944
Vsnl1,9743.670326457785,17605.101340888774
Vsnl1,9750.3532545994,17717.576608016127
Vsnl1,9754.613173019548,17722.347485395807
Vsnl1,9762.338378845943,17722.365620849254
Vsnl1,9758.590366286722,17714.29790873579
Vsnl1,9774.191074035612,17499.84257790868
Vsnl1,9773.503648498643,17521.23937871159
Vsnl1,9780.74758332746,17512.28179122387
Vsnl1,9758.977827730087,17708.095972821153
Vsnl1,9788.755492313541,17592.2854361744
Vsnl1,9794.848321205161,17698.108911647454
Vsnl1,9796.772913058401,17714.699760787546
Vsnl1,9782.14757886705,17713.174757245684
Vsnl1,9845.648825267732,17640.542390620998
Vsnl1,9803.484374412794,17606.140038150323
Vsnl1,9815.655788491964,17635.839651907183
Vsnl1,9828.782236458326,17602.083576743295
Vsnl1,9851.44685742038,17598.55796567628
Vsnl1,9814.344370726089,17590.049026773333
Vsnl1,9818.792179742872,17654.572687180847
Vsnl1,9827.813625943874,17642.36308060864
Vsnl1,9836.813947598637,17649.221053031415
Vsnl1,9854.812059923872,17760.691152357787
Vsnl1,9859.092134655553,17761.17140835915
Vsnl1,9853.648051041204,17755.313689329414
Vsnl1,9853.973365169066,17743.00427764448
Vsnl1,9840.46323895881,17742.399098970855
Vsnl1,9878.220807162346,17801.508467097374
Vsnl1,9862.45528262434,17678.72728160178
Vsnl1,9856.816321339387,17699.923944268656
Vsnl1,9867.268869849891,17690.845794053395
Vsnl1,9884.911912740743,17778.53700350266
Vsnl1,9901.329961361289,17777.833780439996
Vsnl1,9886.016598894026,17774.527023952076
Vsnl1,9893.092055692508,17790.812402681397
Vsnl1,9885.314219802396,16339.22238807409
Vsnl1,9893.292714291545,17663.307653676515
Vsnl1,9893.996728236767,17662.208431530842
Vsnl1,9889.92637881949,17753.207036909716
Vsnl1,9923.834328860325,17718.630142715647
Vsnl1,9905.788551921345,17700.58442233457
Vsnl1,9913.072251076861,17638.72199466726
Vsnl1,9941.18984299477,18062.298046620417
Vsnl1,9927.083730704644,18054.494645375547
Vsnl1,9943.00028679475,17654.88181865936
Vsnl1,9953.740934446334,17637.164789219893
Vsnl1,9941.990611884321,17776.52560298887
Vsnl1,9950.701950195813,17758.962382811183
Vsnl1,9978.394160527541,17700.887668066658
Vsnl1,9974.632019768786,17704.344864398576
Vsnl1,9984.195395295377,17721.06841566217
Vsnl1,10025.52915490101,17651.39920417779
Vsnl1,10015.810448165901,17653.935812915013
Vsnl1,10017.14031397732,17662.090890176114
Vsnl1,10023.925902516796,17749.990913210328
Vsnl1,10045.7990822735,17720.94092116367
Vsnl1,10054.423105443015,17731.275106644873
Vsnl1,10036.270151008866,17733.96478886737
Vsnl1,10033.959407789487,17694.033365250325
Vsnl1,10038.115807055065,17691.42020762331
Vsnl1,10027.006890063252,17792.347878063072
Vsnl1,10080.825879926306,17855.923147300844
Vsnl1,10078.094775826721,17855.506065645248
Vsnl1,10062.523283334616,17800.200431323763
Vsnl1,10079.678103164662,17788.842068734022
Vsnl1,10090.030438772501,17826.323176727296
Vsnl1,10061.762734804222,17728.359031519216
Vsnl1,10076.215679508978,17721.649560594135
Vsnl1,10075.001147326282,17732.713616540124
Vsnl1,10067.115386910991,17712.39842382544
Vsnl1,10108.99353519812,17703.906151355433
Vsnl1,10078.631118958427,17786.212881851698
Vsnl1,10125.622477606059,17764.161444579477
Vsnl1,10104.53658841914,17776.52222110632
Vsnl1,10092.335962913718,17793.38607853013
Vsnl1,10114.178106788182,17873.850706732774
Vsnl1,10113.013872726819,17879.754058141585
Vsnl1,10122.220395261167,17885.774807561003
Vsnl1,10152.785481740531,17752.969927301587
Vsnl1,10139.581034563993,17741.91005567018
Vsnl1,10163.610522028466,17844.92780029541
Vsnl1,10156.061222245224,17815.264307759997
Vsnl1,10168.854459074328,17843.29971305815
Vsnl1,10152.642283622892,17844.126695062336
Vsnl1,10156.347145072936,17684.48099424921
Vsnl1,10141.675168163256,17682.40158148427
Vsnl1,10154.557770149819,17681.56969019183
Vsnl1,10159.441976202992,17801.15192901189
Vsnl1,10155.243393355417,17788.416280751833
Vsnl1,10133.454374377909,17793.239395774242
Vsnl1,10156.017180778677,18195.17523378566
Vsnl1,10148.095101680921,18207.80356542052
Vsnl1,10161.79833282977,18224.793862460996
Vsnl1,10167.455064179325,17769.28441397362
Vsnl1,10179.500250326804,17761.72202540941
Vsnl1,10179.715320372476,17762.033679214877
Vsnl1,10196.027454840723,17806.576138082382
Vsnl1,10188.243526093293,17853.43175525974
Vsnl1,10186.658755075023,17854.733938769576
Vsnl1,10201.381837841682,17859.216497299574
Vsnl1,10230.037223392286,17754.392642819123
Vsnl1,10229.847696691619,17766.744976697377
Vsnl1,10234.93896739948,17760.08070228182
Vsnl1,10236.313194145287,17837.156726103378
Vsnl1,10268.587586114281,17757.85842342895
Vsnl1,10252.843143224325,17726.855213130457
Vsnl1,10276.306807042083,17899.587222544313
Vsnl1,10286.07085745043,17887.48566827494
Vsnl1,10278.203257064653,17882.25667647465
Vsnl1,10265.50046498813,17840.55022859925
Vsnl1,10276.381950446423,17823.094900067732
Vsnl1,10285.240352767321,17825.876426400206
Vsnl1,10305.695997909725,18343.642425978967
Vsnl1,10307.725772898795,17772.335646048006
Vsnl1,10306.509390129986,17783.240682892792
Vsnl1,10307.134164760595,17769.32093226581
Vsnl1,10321.136063472224,17841.38454474289
Vsnl1,10306.20372808881,17899.94227827157
Vsnl1,10320.810500780794,17849.178077063763
Vsnl1,10325.70420487069,17849.885692446227
Vsnl1,10335.402623667705,17852.052947156248
Vsnl1,10328.857613784661,17781.358037297385
Vsnl1,10325.087659155897,17782.509536380418
Vsnl1,10323.692830097518,17776.373630149796
Vsnl1,10348.800862999617,17824.066899389647
Vsnl1,10349.710437625428,17831.582482113183
Vsnl1,10353.986603715404,17780.01745237068
Vsnl1,10359.606091004054,17780.60889928085
Vsnl1,10364.052779232456,17775.944372735154
Vsnl1,10362.7324732098,17922.985763306446
Vsnl1,10362.002475900852,17927.04572553982
Vsnl1,10370.04850247821,17855.238733973543
Vsnl1,10361.99518633847,17579.741483943446
Vsnl1,10374.36651932407,17822.166208330622
Vsnl1,10384.908965709006,17823.706534655674
Vsnl1,10391.895314269985,17833.577062485325
Vsnl1,10380.019876244125,18020.345904811817
Vsnl1,10385.568169956161,18030.432514779914
Vsnl1,10380.051064212092,17949.52815138642
Vsnl1,10393.453828735872,17960.41157527094
Vsnl1,10390.054030837466,18099.820470903695
Vsnl1,10419.1337424053,16514.836845276153
Vsnl1,10408.727098717301,16513.82658873969
Vsnl1,10422.254719399052,17868.93647722274
Vsnl1,10394.817916171522,17864.255415213895
Vsnl1,10398.62591367515,17849.256854319945
Vsnl1,10394.89572089639,17857.035991996916
Vsnl1,10401.608456022757,17848.726229055846
Vsnl1,10399.552230427187,17851.674378977677
Vsnl1,10397.502620826941,17842.26076165873
Vsnl1,10391.594535695987,17860.38035029235
Vsnl1,10399.86794345696,17854.106648421795
Vsnl1,10387.016078295033,17862.88828630384
Vsnl1,10396.986140888552,17868.263204496292
Vsnl1,10411.028570308717,17860.527107582908
Vsnl1,10395.359802787827,17852.934230819785
Vsnl1,10414.911352587462,17845.602183505685
Vsnl1,10397.64127461271,17860.766666806496
Vsnl1,10410.175202556084,17862.839943713003
Vsnl1,10396.286033056149,17864.805500586932
Vsnl1,10386.034974015376,17865.703584358987
Vsnl1,10401.436305254012,17861.951369013954
Vsnl1,10405.661841190626,17855.652107791586
Vsnl1,10423.935675921048,17863.642826099604
Vsnl1,10402.894416020861,16955.54669819053
Vsnl1,10408.739780930313,16957.293941099004
Vsnl1,10411.708770918256,16952.186419184036
Vsnl1,10414.374075120959,16966.92915975259
Vsnl1,10433.699290256165,16917.025359188417
Vsnl1,10417.869276756544,17905.844858932604
Vsnl1,10409.822886424592,17922.602809597833
Vsnl1,10408.589092535352,17920.93555765514
Vsnl1,10439.250302665983,16535.658445399135
Vsnl1,10437.935964279899,17838.44233174163
Vsnl1,10441.786760913219,17869.937294793726
Vsnl1,10450.349486328834,17865.86740735635
Vsnl1,10450.601647076057,17875.639395129478
Vsnl1,10452.80320489858,17813.847029336845
Vsnl1,10473.052500390975,17842.843668549413
Vsnl1,10452.0075003874,17826.822038071186
Vsnl1,10472.590113843386,17921.385516391598
Vsnl1,10506.20953563692,17943.66850722989
Vsnl1,10540.757280185024,17853.950763715722
Vsnl1,10538.569111538573,17869.67738111806
Vsnl1,10519.059596226578,17859.105749667895
Vsnl1,10526.963148683213,17805.162298612184
Vsnl1,10522.890094255232,17824.9965833624
Vsnl1,10540.347084696801,17826.456531501353
Vsnl1,10537.184651955153,17885.671584087573
Vsnl1,10534.802027671458,17885.899322499798
Vsnl1,10580.3527003011,17838.83221312722
Vsnl1,10576.40353797359,17890.196872167173
Vsnl1,10581.596125918417,17900.769682859434
Vsnl1,10606.536721563365,17911.849287552985
Vsnl1,10606.003459985242,17900.509287682064
Vsnl1,10596.532403414316,17927.12691650576
Vsnl1,10596.121799914634,17935.945431728775
Vsnl1,10614.056598144567,17879.8832948643
Vsnl1,10618.353493322771,17955.412074527983
Vsnl1,10622.921469604584,17965.249977821135
Vsnl1,10648.610761682561,16573.706091476364
Vsnl1,10641.624639651263,16583.63440005104
Vsnl1,10637.313320009956,16586.647743208458
Vsnl1,10653.405797351586,16579.61926201892
Vsnl1,10638.854873956581,16579.772779639512
Vsnl1,10646.862560358139,16587.24755005009
Vsnl1,10672.855935179488,17957.670999686576
Vsnl1,10664.015944666737,17920.142654536427
Vsnl1,10683.82074118125,17914.773940804145
Vsnl1,10675.996030395365,17928.327251119452
Vsnl1,10665.458643871525,17935.163715533527
Vsnl1,10666.729339319074,17932.35792177734
Vsnl1,10664.735936538755,17929.720656903333
Vsnl1,10673.904801258257,17833.477846251724
Vsnl1,10668.719590054628,17834.38268048455
Vsnl1,10673.036677858485,18048.692924215706
Vsnl1,10673.811580920521,18038.29299742192
Vsnl1,10660.552056751558,18053.93847496125
Vsnl1,10709.505856186808,18234.990667685823
Vsnl1,10700.290042295455,18233.756073619872
Vsnl1,10716.124967591073,17907.946771019902
Vsnl1,10701.988260498565,17843.29625696743
Vsnl1,10723.203833360187,17840.803004062593
Vsnl1,10710.398283359498,17947.271452016255
Vsnl1,10724.53976047112,17948.472319028802
Vsnl1,10721.977709582316,17958.442131548712
Vsnl1,10724.484214727923,17957.81289348044
Vsnl1,10725.701083221431,17959.254544350366
Vsnl1,10718.873757337973,17947.10293407907
Vsnl1,10712.49861535796,17888.44165344246
Vsnl1,10756.803476713034,17814.9546574123
Vsnl1,10773.772583977332,17862.939883863677
Vsnl1,10762.64123238318,17869.597712986244
Vsnl1,10764.590542305277,17870.740741037087
Vsnl1,10798.603396342807,17997.62073249882
Vsnl1,10798.872613589923,18019.230646336742
Vsnl1,10803.604393209705,17999.770230267808
Vsnl1,10819.376370787031,17958.18927941127
Vsnl1,10825.417331829993,17961.53365875834
Vsnl1,10813.857129801147,17950.95201259818
Vsnl1,10844.347316946049,18221.393329608636
Vsnl1,10829.827826905144,18238.285009999538
Vsnl1,10861.341369630112,18211.90838168636
Vsnl1,10836.606922831523,18227.08736412884
Vsnl1,10845.389469608297,18234.739493360965
Vsnl1,10856.813884089248,18230.68316380689
Vsnl1,10826.223625277342,17907.381729952704
Vsnl1,10861.603784474235,17899.126044530913
Vsnl1,10872.080664237776,17886.174889276455
Vsnl1,10860.951696374636,17973.55825596467
Vsnl1,10895.305244639332,17911.310998353238
Vsnl1,10892.016517734115,16610.649843631767
Vsnl1,10874.259062681904,16621.776757564272
Vsnl1,10901.209235978855,17955.023477032966
Vsnl1,10903.46536714441,17964.586595045428
Vsnl1,10896.13175171777,17959.576626309634
Vsnl1,10897.724477432022,17964.23008562893
Vsnl1,10912.788294905298,17892.43035723571
Vsnl1,10915.467067039363,17881.979250746772
Vsnl1,10903.427451161398,17889.22169100823
Vsnl1,10903.54142985226,18002.33728294821
Vsnl1,10935.234094095,17988.274681716903
Vsnl1,10927.94404618068,18011.752890127173
Vsnl1,10928.22177137745,17992.797979745246
Vsnl1,10957.483259755314,17856.322079056015
Vsnl1,10954.866106202271,17864.89403046013
Vsnl1,10953.852146855994,17861.35314627946
Vsnl1,10951.165449040132,17821.18493912455
Vsnl1,10939.161734977592,17838.187583892483
Vsnl1,10943.627177034272,17832.05480284105
Vsnl1,10949.390719792356,17830.93543601098
Vsnl1,10971.081055554918,17940.394782938994
Vsnl1,10961.846776592567,17985.269779861534
Vsnl1,10955.717368816844,17960.41175337258
Vsnl1,10974.523757425763,17976.560535640554
Vsnl1,10963.214583258103,17980.83724660327
Vsnl1,10981.637995966541,17841.586958438576
Vsnl1,10977.64623989153,17840.297580115977
Vsnl1,10979.062856256678,17851.549838792675
Vsnl1,10979.795725153945,17851.849695732413
Vsnl1,10962.689378855997,17844.845093429383
Vsnl1,10969.148349540299,17847.759712083753
Vsnl1,10976.827656287864,17829.80544425303
Vsnl1,10979.153695133218,17847.076229028768
Vsnl1,10975.48488413522,17831.366208899308
Vsnl1,10979.243905621892,17838.59050973232
Vsnl1,10986.359068527312,17841.285008256204
Vsnl1,10970.909618620126,17837.208345410225
Vsnl1,10983.624607915535,17840.88387105349
Vsnl1,10971.760697067577,17853.162304793907
Vsnl1,10969.919395735664,17830.2720342976
Vsnl1,10982.223892226104,17892.598624909857
Vsnl1,11005.265078579632,17988.936821747302
Vsnl1,11008.313770769906,17987.94803859174
Vsnl1,11041.861526978946,17842.583183964525
Vsnl1,11031.370763805493,17851.44681369877
Vsnl1,11055.303232988219,18008.645812174753
Vsnl1,11104.769314967212,17834.78103617531
Vsnl1,11112.067493245946,17835.596081058946
Vsnl1,11097.254034193824,17823.341839846456
Vsnl1,11104.986389897556,17827.671170254467
Vsnl1,11087.462667456355,17936.8684162999
Vsnl1,11085.136530244543,17935.834578824433
Vsnl1,11141.32125200802,17864.555917459948
Vsnl1,11137.292017734253,17848.439293387968
Vsnl1,11122.307373122117,17846.353462463896
Vsnl1,11142.626479586232,17952.051445248493
Vsnl1,11165.296473428674,17898.873803255246
Vsnl1,11172.773938955548,16930.205747471246
Vsnl1,11191.708827059318,16963.876313258213
Vsnl1,11185.72152173782,16957.188380171436
Vsnl1,11201.536426721748,16943.73394466263
Vsnl1,11243.915873841823,18216.659880703934
Vsnl1,11232.227245565598,18222.64259755417
Vsnl1,11228.191104417634,18215.804320795123
Vsnl1,11221.687887192946,18204.86292747366
Vsnl1,11225.422111017775,18208.96892565311
Vsnl1,11212.303910602917,18209.796057152384
Vsnl1,11268.168173815171,17743.037949904156
Vsnl1,11279.21570809241,17895.50652948434
Vsnl1,11278.27952511683,17940.150840036793
Vsnl1,11277.160579962861,17941.398882402063
Vsnl1,11283.011995749423,17915.34116189947
Vsnl1,11293.448428596294,17745.15532795494
Vsnl1,11327.87808250533,17765.356266376337
Vsnl1,11316.513658901868,17759.373719571544
Vsnl1,11297.475703991571,17740.713510053567
Vsnl1,11310.506296801917,17743.221376662405
Vsnl1,11317.444802719236,17756.597896215615
Vsnl1,11316.54719541108,17769.341416287654
Vsnl1,11287.284951034753,17836.639491465943
Vsnl1,11303.898116927052,17830.74539263865
Vsnl1,11344.433585720379,16900.468749433374
Vsnl1,11339.443327638322,18123.30842931167
Vsnl1,11349.141393210839,18121.36982134009
Vsnl1,11348.912304674974,18125.90594815293
Vsnl1,11337.459001898236,18114.88323511895
Vsnl1,11333.420390151201,18103.303025254965
Vsnl1,11328.451770606634,18108.678505418
Vsnl1,11334.52709849674,18105.42393943046
Vsnl1,11352.615247650263,18115.358444600075
Vsnl1,11340.855257783242,18099.152213169004
Vsnl1,11360.531315877548,18100.572244155952
Vsnl1,11329.482565717824,18115.63113571515
Vsnl1,11347.18549409876,18116.152531715532
Vsnl1,11342.566093039108,18105.445434746478
Vsnl1,11340.30166247674,17719.928199470676
Vsnl1,11352.176673702808,18039.687118540554
Vsnl1,11344.44233987507,18041.019705283183
Vsnl1,11365.133761145293,18026.682935481003
Vsnl1,11350.878079047214,18049.626024817346
Vsnl1,11365.881590327548,17776.34053657809
Vsnl1,11350.271517892053,17757.4679886785
Vsnl1,11344.429207234836,17790.65401974636
Vsnl1,11371.858152934668,17896.33999834556
Vsnl1,11396.1965992036,17957.09671322981
Vsnl1,11396.139311967298,17980.823087397683
Vsnl1,11409.229560546664,17961.352079492983
Vsnl1,11406.492857326175,17951.891804213374
Vsnl1,11398.783480787704,17962.14836797363
Vsnl1,11399.45137540464,17954.533744687178
Vsnl1,11397.082989108134,17969.801441951244
Vsnl1,11390.448621920863,17812.668295773754
Vsnl1,11371.784259909911,17820.82652890941
Vsnl1,11388.124560231234,17803.262593063937
Vsnl1,11429.7583143051,17788.20665276014
Vsnl1,11473.315481550038,17771.230596021353
Vsnl1,11451.28249484255,17780.52588629768
Vsnl1,11469.988416762915,17970.08204278043
Vsnl1,11477.291053597874,17963.976086451432
Vsnl1,11462.90174073948,17968.007777041505
Vsnl1,11475.238044526957,17960.899597627384
Vsnl1,11464.718378779957,17762.67944978524
Vsnl1,11498.206661388254,17703.238053055753
Vsnl1,11483.37946409965,17711.436882515474
Vsnl1,11485.738856684662,17703.297458026995
Vsnl1,11496.047418485941,17847.171695150428
Vsnl1,11498.80250029019,17858.89449665285
Vsnl1,11488.96622152048,17852.92628457126
Vsnl1,11496.319627418196,17845.070174491215
Vsnl1,11485.481307229995,17837.82353420956
Vsnl1,11476.948049916185,17850.295086078164
Vsnl1,11511.12256148167,17808.2119941935
Vsnl1,11494.05468908143,17754.925051665716
Vsnl1,11509.764732715512,17672.804812369908
Vsnl1,11529.070475531866,18081.314230076743
Vsnl1,11525.439963794624,18066.611258690376
Vsnl1,11523.713666163001,17702.94556253487
Vsnl1,11529.049487705084,17716.42217526113
Vsnl1,11548.114844443775,17751.01345913631
Vsnl1,11542.006481829776,17693.2806446125
Vsnl1,11566.957615162142,17808.172523777004
Vsnl1,11578.676482451332,17646.427475490018
Vsnl1,11587.454297578603,17720.740019056273
Vsnl1,11578.617096062513,17650.060929662406
Vsnl1,11584.19311335564,17758.90901125212
Vsnl1,11607.930388609675,17757.73099271075
Vsnl1,11617.13750286758,17681.264045867305
Vsnl1,11661.631523804674,17661.194572349134
Vsnl1,11659.530655343364,17725.479814983166
Vsnl1,11657.478260038872,17715.538103391347
Vsnl1,11657.652272184343,17701.57667596841
Vsnl1,11664.935857272987,17826.830059216805
Vsnl1,11682.801242441517,17666.6105038588
Vsnl1,11675.209691193839,17659.376143143436
Vsnl1,11705.258402660214,17711.909062276845
Vsnl1,11707.557710754074,17713.3840714671
Vsnl1,11699.176793758881,17722.964838770655
Vsnl1,11710.238393545524,17720.753396228538
Vsnl1,11690.593426817499,17713.166021910885
Vsnl1,11702.43597162767,17727.825592545552
Vsnl1,11692.357258971022,17766.328609687702
Vsnl1,11749.556936697147,17761.65534051368
Vsnl1,11762.496971323802,17784.62095214018
Vsnl1,11748.607842783817,17690.942274173456
Vsnl1,11766.982859925036,17700.56314481502
Vsnl1,11755.455215453516,17692.36684235559
Vsnl1,11747.847570213557,17967.78868010032
Vsnl1,11794.189626944473,17714.002797716304
Vsnl1,11820.072763349848,17711.79385680435
Vsnl1,11821.256594457613,17566.119936211493
Vsnl1,11807.26348736712,17593.772313266807
Vsnl1,11811.631396636025,17584.36570898682
Vsnl1,11797.539516743029,17635.252904928253
Vsnl1,11817.919018486231,17629.70061116273
Vsnl1,11821.556694924639,17559.51198454492
Vsnl1,11833.129270030331,17594.324632504566
Vsnl1,11840.007556050268,17607.811223360754
Vsnl1,11815.31100721132,17605.444701013395
Vsnl1,11833.8083657428,17592.406614294476
Vsnl1,11834.609997931428,17552.879348402672
Vsnl1,11850.150246527,17689.296314691688
Vsnl1,11852.712839671709,17682.285399243014
Vsnl1,11858.824543220315,17683.877601647557
Vsnl1,11875.224469861134,17639.644710579367
Vsnl1,11867.377040808286,17643.076635336864
Vsnl1,11862.508219038573,17628.523422141814
Vsnl1,11863.865855487247,17587.97875835747
Vsnl1,11868.843835029522,17578.469183348792
Vsnl1,11871.62298606848,17586.51390517698
Vsnl1,11869.446658886342,17596.29166753718
Vsnl1,11887.991430003221,17543.713112960795
Vsnl1,11886.093037437515,17658.60583773471
Vsnl1,11920.037261333855,17668.641541503763
Vsnl1,11908.44286609418,18245.43399034887
Vsnl1,11906.470070617328,17566.974744341787
Vsnl1,11928.092327200959,17573.179556215913
Vsnl1,11928.716618871755,17641.3189802719
Vsnl1,11935.529972255634,17635.192367442887
Vsnl1,11943.639992312816,17637.769203126765
Vsnl1,11930.658340978145,17535.82519697727
Vsnl1,11941.889703996474,17998.609725075425
Vsnl1,11942.461403588986,17989.991207887288
Vsnl1,11951.324247949762,18001.94935415751
Vsnl1,11971.460546808212,17588.115326623574
Vsnl1,11953.010816541553,17580.920701477007
Vsnl1,11958.027537205193,17537.729673836177
Vsnl1,11972.540436390302,17556.616306524204
Vsnl1,11974.745019095997,17560.361702277747
Vsnl1,12006.04559411139,17497.299202151724
Vsnl1,11981.034055825981,17612.72337611654
Vsnl1,11993.556353291617,17296.128477074773
Vsnl1,11991.046623486272,17576.954098472987
Vsnl1,12002.042524775254,17441.465569154243
Vsnl1,11999.284996209006,17437.92088498959
Vsnl1,12035.770596638848,17546.801404339898
Vsnl1,12039.348901647305,17564.054631998006
Vsnl1,12009.90367624371,17558.463977401596
Vsnl1,12029.043562376633,17542.123926273824
Vsnl1,12057.360440141578,17554.620429521667
Vsnl1,12043.132849422193,17542.96138544364
Vsnl1,12046.589674070205,17604.169155333937
Vsnl1,12035.968571894215,17590.73318768439
Vsnl1,12047.812471944666,17511.6927320689
Vsnl1,12028.9958074858,17505.623565053953
Vsnl1,12039.894209479582,17508.50458510152
Vsnl1,12043.028033440707,17514.999118092743
Vsnl1,12008.996202281784,17520.892016294238
Vsnl1,12029.274439172581,17507.699652168438
Vsnl1,12038.907758171628,17527.766861329248
Vsnl1,12032.69722297325,17516.465554783666
Vsnl1,12043.30241498319,17512.1849997926
Vsnl1,12036.493623662394,17496.97109945359
Vsnl1,12024.967103639992,17528.641566023398
Vsnl1,12057.481028058659,17486.678428415704
Vsnl1,12047.18881094855,17479.54505546037
Vsnl1,12049.992811410748,17492.924408151175
Vsnl1,12047.865754186618,17538.896512296524
Vsnl1,12055.900730944511,17528.27198981767
Vsnl1,12076.845884453198,17429.29111393912
Vsnl1,12061.600916530308,17428.325355218407
Vsnl1,12058.946158891711,17427.610385744563
Vsnl1,12048.76646179111,17431.793665969908
Vsnl1,12088.20182560197,17563.912344601446
Vsnl1,12094.837497777624,17526.57550959036
Vsnl1,12085.593546009406,17494.28223994368
Vsnl1,12084.411691039639,17476.37139001484
Vsnl1,12095.244992330061,17512.129968090023
Vsnl1,12085.554579585463,17418.487059723368
Vsnl1,12094.18914327583,17454.12270126788
Vsnl1,12105.056134614688,17431.428989806587
Vsnl1,12120.055604538586,17457.32752134734
Vsnl1,12105.944708218574,17461.46480308084
Vsnl1,12102.057942005622,17470.630018248798
Vsnl1,12099.592217794516,17475.298958707117
Vsnl1,12116.02935598884,17485.04690424863
Vsnl1,12139.15673247964,17406.35932862298
Vsnl1,12146.771189858906,17393.324421813482
Vsnl1,12150.073805137461,17448.81368813085
Vsnl1,12135.22642904862,17433.30621835441
Vsnl1,12148.545932871311,17438.91032589674
Vsnl1,12161.309646684897,17493.2581047523
Vsnl1,12188.181282567311,17830.976765341802
Vsnl1,12193.945947027049,17833.5742332024
Vsnl1,12176.830997319252,17831.014919629135
Vsnl1,12178.250953096003,17386.429932752402
Vsnl1,12175.613253798854,17381.616320174006
Vsnl1,12189.202735380892,17394.069935834254
Vsnl1,12194.900408175681,17432.101420720734
Vsnl1,12193.365988835676,17440.070866171056
Vsnl1,12182.804253693907,17421.14903504949
Vsnl1,12196.668897671932,17339.487723941667
Vsnl1,12215.871482124461,17308.80358010784
Vsnl1,12202.571429244601,17321.577141184196
Vsnl1,12246.265638180872,17375.67586321365
Vsnl1,12256.395935432905,17373.286625502333
Vsnl1,12262.330115205825,17368.334350309706
Vsnl1,12249.573373590372,16950.505219801766
Vsnl1,12263.246129690777,17353.105443361743
Vsnl1,12254.425288556347,17329.496238700885
Vsnl1,12249.830939669608,17340.26519061419
Vsnl1,12253.164707287593,17300.740947793747
Vsnl1,12270.80765603701,17288.79728014198
Vsnl1,12262.256429491346,17312.32553292446
Vsnl1,12279.538569862785,16543.321557094714
Vsnl1,12277.939478377897,16544.553310902902
Vsnl1,12271.405599210586,16558.56115324641
Vsnl1,12267.380204165122,17153.78986580506
Vsnl1,12264.794306290843,16290.480319020558
Vsnl1,12265.586225017634,16282.723870395701
Vsnl1,12270.67744801006,16284.35421921126
Vsnl1,12277.97983568,17469.45910695638
Vsnl1,12282.548646660332,17351.358396475123
Vsnl1,12296.304943800029,17348.886028086807
Vsnl1,12283.14617661839,17347.486807169782
Vsnl1,12286.854906182867,16401.956627941763
Vsnl1,12309.361888245607,17252.77832879569
Vsnl1,12282.330262853086,17230.95230096949
Vsnl1,12286.103638001126,17217.563648741296
Vsnl1,12303.687501977894,17721.49280259862
Vsnl1,12309.18543851458,17717.980191680563
Vsnl1,12295.15870330348,17721.24734723975
Vsnl1,12305.056853969863,17533.931073091022
Vsnl1,12325.156700735637,17529.374826492833
Vsnl1,12328.119269515575,17148.695769200316
Vsnl1,12300.666127823763,17148.53464222919
Vsnl1,12319.204355795913,17152.576303675734
Vsnl1,12328.673068054304,16362.338478392237
Vsnl1,12326.79267290733,16372.827773219518
Vsnl1,12324.824127714288,17433.310918241714
Vsnl1,12378.048139146054,17265.788561049314
Vsnl1,12374.393867975567,17285.299928836368
Vsnl1,12349.03742124681,17281.15224953904
Vsnl1,12364.62785289079,17161.376637333135
Vsnl1,12381.192244345753,16322.253672979903
Vsnl1,12378.876214494381,17244.55531398215
Vsnl1,12392.174116410573,17243.25029069423
Vsnl1,12393.946721869825,17644.471644152378
Vsnl1,12385.722557719948,17661.48931761338
Vsnl1,12377.664718766213,17654.934259948906
Vsnl1,12375.990352193676,17089.948096114997
Vsnl1,12388.452210851072,17104.53922763047
Vsnl1,12363.559404549529,17100.660576301656
Vsnl1,12380.733438620788,17083.373891219857
Vsnl1,12414.187506627477,17117.200645577814
Vsnl1,12387.72722925194,17121.194835324506
Vsnl1,12395.027118324546,17127.993774427283
Vsnl1,12390.920763484315,17122.881150072473
Vsnl1,12417.943366101137,17072.74229884142
Vsnl1,12415.85687540864,17069.68332402547
Vsnl1,12434.644440935906,17194.868641764842
Vsnl1,12427.770739275868,17095.673056479685
Vsnl1,12421.775676485659,17102.56314312351
Vsnl1,12476.921087678333,16992.35527176465
Vsnl1,12501.099025135327,16965.716697733125
Vsnl1,12496.937849695647,16952.76851992213
Vsnl1,12488.039476243204,16957.441000486917
Vsnl1,12510.20795275552,17097.293472624693
Vsnl1,12502.874812217096,17159.543143051083
Vsnl1,12467.525432376937,17614.48847833008
Vsnl1,12508.000799263105,15846.03632188333
Vsnl1,12521.726251259068,17006.904061271653
Vsnl1,12539.932489623414,17101.11424441591
Vsnl1,12519.186684961263,17048.673009153452
Vsnl1,12521.452710627933,17078.436616096187
Vsnl1,12552.35109720535,17001.53501418735
Vsnl1,12563.345539359398,17011.41438569348
Vsnl1,12556.027889787498,17018.483829688234
Vsnl1,12576.31093603956,17512.422882009614
Vsnl1,12574.314844914306,16928.698797486195
Vsnl1,12574.81436253198,16980.465985268143
Vsnl1,12564.378586285973,16966.964575550137
Vsnl1,12603.600031500644,17595.302024167
Vsnl1,12598.758518288554,16899.520532955252
Vsnl1,12587.273736335648,16935.07045754254
Vsnl1,12583.85218682442,16933.724544504174
Vsnl1,12582.620875631495,16931.981033492142
Vsnl1,12625.067696717933,16915.080825187946
Vsnl1,12596.787638566931,16941.436449573415
Vsnl1,12627.00917284871,17533.558771129527
Vsnl1,12634.306625345242,17525.078532632033
Vsnl1,12645.426716416485,17534.417159842502
Vsnl1,12625.697512308321,17523.73980203661
Vsnl1,12627.606229396666,17527.09177390345
Vsnl1,12634.844693354651,17526.314916846408
Vsnl1,12648.814977812955,17473.530426231926
Vsnl1,12645.17836858019,17480.77783618619
Vsnl1,12640.54449737681,17455.058929354676
Vsnl1,12644.649922503528,16748.96350625551
Vsnl1,12658.86488073883,16742.180502616608
Vsnl1,12657.30679656432,16863.91332869264
Vsnl1,12666.361239644173,16863.552351715265
Vsnl1,12655.45318193383,16847.194082140242
Vsnl1,12667.439459389463,16828.72185033842
Vsnl1,12662.33510694253,17069.967804188174
Vsnl1,12702.365378541164,16755.9116232205
Vsnl1,12703.209696736529,16752.799274491947
Vsnl1,12712.77137233336,16821.611363950306
Vsnl1,12695.102023420106,16832.70691430029
Vsnl1,12702.957288971507,16832.256606199233
Vsnl1,12700.269532595707,16824.010160171027
Vsnl1,12706.438951839564,16674.680041628035
Vsnl1,12698.484357996045,16672.460794258728
Vsnl1,12714.698726755154,16785.424042657163
Vsnl1,12715.086658517814,16802.924907463963
Vsnl1,12736.677432276385,16909.548602007948
Vsnl1,12745.679629189053,16019.412212554986
Vsnl1,12742.214669807854,16023.854548864014
Vsnl1,12733.701188556865,16013.821904844497
Vsnl1,12733.96185349942,16013.407768908472
Vsnl1,12753.511774893113,16662.144038624632
Vsnl1,12755.772189537263,16668.65843176764
Vsnl1,12748.263740805416,16663.36938842304
Vsnl1,12756.951248308173,17363.50536547527
Vsnl1,12765.840990040397,16723.499815160754
Vsnl1,12762.828241855821,16713.983769356342
Vsnl1,12784.18307650871,16006.053476585752
Vsnl1,12759.121845549515,15983.765385473673
Vsnl1,12795.599096772421,15988.73720759657
Vsnl1,12776.677664761984,16627.519427038664
Vsnl1,12817.312036785737,16569.85501296095
Vsnl1,12799.31786727412,16588.684058192073
Vsnl1,12796.11769094281,16591.773044143767
Vsnl1,12798.087132470804,16569.079163562394
Vsnl1,12802.655458715692,16667.69499243376
Vsnl1,12818.63754820305,16671.539267657485
Vsnl1,12815.36929094617,16662.756063088204
Vsnl1,12833.536663157609,16664.97857457169
Vsnl1,12804.550362927159,16666.74350260164
Vsnl1,12815.121794764886,16672.282022188334
Vsnl1,12823.995893433706,16609.361988537647
Vsnl1,12848.867312934002,16558.94970351241
Vsnl1,12860.420946105445,16713.41484985923
Vsnl1,12839.044263619011,16718.10717799703
Vsnl1,12855.44122481909,16859.190043356393
Vsnl1,12846.507710627873,16847.53994936371
Vsnl1,12868.648828705771,16668.076020719145
Vsnl1,12853.654653197602,16683.94135162586
Vsnl1,12861.878383286132,16678.56670609065
Vsnl1,12865.166576830903,16624.069359155754
Vsnl1,12885.367229835378,16605.603054114123
Vsnl1,12868.867640382647,16618.35755966977
Vsnl1,12916.689183705568,17153.549646364983
Vsnl1,12921.235948676638,16636.03124618961
Vsnl1,12902.931448178904,17228.29999657274
Vsnl1,12909.330084465088,17221.489231033123
Vsnl1,12923.22180210761,17222.349017447097
Vsnl1,12920.734963711406,17214.86913952969
Vsnl1,12905.87861537626,17213.64147419419
Vsnl1,12915.06778198877,17206.966525122334
Vsnl1,12915.167976708213,16772.77957654252
Vsnl1,12911.096438778206,16773.401866653123
Vsnl1,12938.39346258252,16717.918127282872
Vsnl1,12940.646125272173,16711.250111543803
Vsnl1,12931.220622874713,16704.10947946163
Vsnl1,12922.078187093612,16734.18698356691
Vsnl1,12916.792103409503,16714.719134999974
Vsnl1,12933.942924069199,17107.083798032174
Vsnl1,12948.973876387263,17114.52428172756
Vsnl1,12931.706672651493,17100.40530268116
Vsnl1,12964.887254243853,16532.850279087397
Vsnl1,12956.43043846972,16523.538174170913
Vsnl1,12945.356563221125,16516.22232911267
Vsnl1,12933.637816238257,16508.347089665513
Vsnl1,12939.54066926798,16527.547969519183
Vsnl1,12943.900245906156,16653.25822562039
Vsnl1,12949.758849266784,16659.928174010292
Vsnl1,12953.387705564812,16656.424484392854
Vsnl1,12948.266090696181,17157.250361657705
Vsnl1,12961.633967178823,16481.853762870942
Vsnl1,12961.966769260313,16470.8251280105
Vsnl1,12975.992179365448,17057.241355517803
Vsnl1,12975.63717183754,17053.72583651313
Vsnl1,12954.367421231398,17063.11573747204
Vsnl1,12985.800556876791,17064.811431914914
Vsnl1,13007.888236602252,16681.031305723478
Vsnl1,13008.399587943923,16678.697246429198
Vsnl1,13005.383076076256,16603.806725867744
Vsnl1,12996.058119733509,16608.76661490477
Vsnl1,13003.22769254101,16609.575183476747
Vsnl1,13033.620309728356,16438.68567633953
Vsnl1,13068.439796271516,17006.849968757804
Vsnl1,13048.476473768209,17000.794809858053
Vsnl1,13050.382472653777,17005.45189465339
Vsnl1,13051.95170248293,17020.142053233674
Vsnl1,13041.027916196948,17007.3585412868
Vsnl1,13048.77990009172,17022.530158202295
Vsnl1,13065.801145606652,17013.596736699554
Vsnl1,13046.684341638389,17025.975089144238
Vsnl1,13073.58026618131,16391.434938956954
Vsnl1,13077.501895604793,16371.316721203522
Vsnl1,13062.068168327629,16400.222491306806
Vsnl1,13092.04040528279,16384.817737588037
Vsnl1,13064.98710733086,16430.298372922516
Vsnl1,13085.744985859226,16520.792324895265
Vsnl1,13062.096968595375,16531.91318796734
Vsnl1,13094.356047838599,16608.917646087157
Vsnl1,13081.113536212406,16606.899186844978
Vsnl1,13094.39837825555,16594.041771405213
Vsnl1,13089.807945965635,16595.107963733484
Vsnl1,13091.754442672556,16585.086092760786
Vsnl1,13098.904268001144,16579.794608246182
Vsnl1,13090.2358317718,16585.19956734949
Vsnl1,13094.229451831345,16589.063906746866
Vsnl1,13091.48847273827,16573.83789867816
Vsnl1,13093.064016199489,16589.297501177552
Vsnl1,13084.657589360426,16424.440700511164
Vsnl1,13101.039920512769,16405.626889297342
Vsnl1,13102.266278941339,16975.057352961852
Vsnl1,13093.507564641415,16985.257428844467
Vsnl1,13130.278702409812,16457.19435445433
Vsnl1,13113.187662276849,16369.694391780635
Vsnl1,13119.96148722831,16386.07013240934
Vsnl1,13150.237897686633,16332.019400527346
Vsnl1,13153.67780734302,16348.43744094254
Vsnl1,13159.672777449798,16327.05653584897
Vsnl1,13149.424475465948,16900.06701830066
Vsnl1,13143.679846030345,16908.060434208524
Vsnl1,13154.304089698979,16375.543301997452
Vsnl1,13196.487796611487,16876.126712550038
Vsnl1,13161.871665047329,16879.440621019377
Vsnl1,13185.444986209277,16397.391471152194
Vsnl1,13169.212886137544,16389.11413524219
Vsnl1,13181.467167392084,16386.794614223672
Vsnl1,13186.335733643413,16393.336108868527
Vsnl1,13200.012661575442,16393.46270895644
Vsnl1,13191.089789393396,16386.44431523244
Vsnl1,13182.148559040219,16389.70618737051
Vsnl1,13184.022809709784,16386.511312128743
Vsnl1,13183.518373385157,16415.27184626184
Vsnl1,13182.59306390863,16396.439514814312
Vsnl1,13188.786508971478,16392.641342225314
Vsnl1,13194.580748661092,16408.59492446638
Vsnl1,13211.115051371798,16615.289909727737
Vsnl1,13192.333190419622,16624.341730387583
Vsnl1,13220.672937918105,16924.001444078753
Vsnl1,13224.08241551024,16831.448180007374
Vsnl1,13255.266141634562,16817.953411993785
Vsnl1,13248.818746479563,16818.193761386538
Vsnl1,13260.309826419805,16820.87564106028
Vsnl1,13300.474443634419,16813.718828375248
Vsnl1,13305.34866461239,16814.63893485716
Vsnl1,13310.730194776961,16821.296461414844
Vsnl1,13309.274455326347,16798.057486346755
Vsnl1,13291.100125210209,16786.308068123606
Vsnl1,13324.793066282647,16869.44774865021
Vsnl1,13322.611422416949,16867.499845439517
Vsnl1,13321.926153134258,16869.60018309428
Vsnl1,13332.468387509332,16859.449561282614
Vsnl1,13312.759106608635,16870.122420445652
Vsnl1,13419.668403227279,16748.33541464708
Vsnl1,13397.796381452748,16752.372351695045
Vsnl1,13418.85850917694,16746.323754779904
Vsnl1,13409.806974744344,16733.63514611271
Wfs1,6647.69458675965,13791.28462353394
Wfs1,6829.943526878346,13783.136315213595
Wfs1,6906.934886004918,14842.510300333635
Wfs1,6880.100777529802,14837.841037113261
Wfs1,6909.080897594705,13978.765560308606
Wfs1,6917.695006684111,14570.563610694751
Wfs1,6955.527603415167,14455.508148504627
Wfs1,6929.591610591789,14542.269831374706
Wfs1,6941.11755239493,13766.645411167989
Wfs1,6946.891939238791,13753.069424475061
Wfs1,6950.169040726447,13762.57885772128
Wfs1,6962.025000809466,14047.855539893259
Wfs1,6953.513464467207,14036.69074225969
Wfs1,6944.46181787054,14028.2100672585
Wfs1,6945.744636817475,14035.942297503781
Wfs1,6956.563788949194,14872.877057526295
Wfs1,6951.837717852303,14890.968359881626
Wfs1,6970.059351456343,14869.631076851983
Wfs1,6969.922331622722,14312.366373833926
Wfs1,6975.727321186167,14318.975458564302
Wfs1,6983.7824455505015,14307.29630351317
Wfs1,6983.410232153831,14310.101334650473
Wfs1,6977.172869357152,13750.363501312895
Wfs1,6966.792891113042,13841.011719257973
Wfs1,6968.880100967506,13829.735120489833
Wfs1,6966.859358735952,13831.144118869444
Wfs1,6951.422007125456,13884.88903306695
Wfs1,6962.883842655496,13867.279648155903
Wfs1,6962.076443457877,13872.192959075972
Wfs1,6969.6562007891625,13897.62756516168
Wfs1,6988.392601254503,13882.28421646937
Wfs1,6972.55916327171,13877.691319873444
Wfs1,6988.778812517796,14977.646552433178
Wfs1,6997.494839141002,14965.519562277457
Wfs1,6981.185187954942,13865.085832437768
Wfs1,6983.435380800979,13689.21231224188
Wfs1,7001.568862026181,13909.252567097823
Wfs1,6994.375741649237,13925.327469462774
Wfs1,7001.174355810364,14806.767143336072
Wfs1,6992.4319746871,14815.061336914156
Wfs1,7009.37932275858,14185.41340508701
Wfs1,7030.270620282341,14193.790869571661
Wfs1,7005.936219601214,14203.346652566914
Wfs1,6982.701822786682,14063.770228249621
Wfs1,6998.874979211839,14029.036328769142
Wfs1,7024.451969339522,14045.526533447068
Wfs1,7005.140136305551,14040.403623957265
Wfs1,6998.159332284231,14037.918126266344
Wfs1,7014.923573432554,14056.591036354945
Wfs1,7015.902775988761,14744.63405296083
Wfs1,7044.239256038254,13771.99712950834
Wfs1,7044.823076340866,13789.767776935034
Wfs1,7093.022529778945,14633.730373262666
Wfs1,7108.119556030216,13721.537669907584
Wfs1,7098.961404423432,13795.871370992823
Wfs1,7096.093017874968,13803.046820225725
Wfs1,7102.952767692959,13807.490810124742
Wfs1,7108.605379194984,14804.183645042514
Wfs1,7107.515841309157,14816.680793666237
Wfs1,7108.447778306453,13781.583220919563
Wfs1,7127.360455886618,13789.178098487964
Wfs1,7101.0399516788175,13759.490871467013
Wfs1,7105.441915480843,13763.753266530473
Wfs1,7121.472115640834,15020.233266221516
Wfs1,7122.846665119576,13858.07181459344
Wfs1,7165.485821260007,13818.388995344929
Wfs1,7174.465876664509,13829.60007940915
Wfs1,7178.586941126779,13959.033380700423
Wfs1,7169.044567347572,13947.20775175483
Wfs1,7165.22213126274,13943.532887528003
Wfs1,7170.476523924577,14129.160190758532
Wfs1,7184.834891417847,14121.770523059855
Wfs1,7234.148310226312,14889.966393796465
Wfs1,7211.096695164291,15437.48252448953
Wfs1,7207.225052091443,15436.608237742375
Wfs1,7212.6834785326855,15447.011502604346
Wfs1,7242.410038143827,15131.577157229041
Wfs1,7243.38043384587,15318.404373720681
Wfs1,7248.175404998366,15199.057364577706
Wfs1,7292.837890124474,15265.636430932782
Wfs1,7292.0021681439575,15338.327958662832
Wfs1,7300.517433897908,15342.731397688003
Wfs1,7296.167295964806,15391.47181736706
Wfs1,7292.247601583448,15373.49291806822
Wfs1,7292.822333511608,15369.538668033236
Wfs1,7310.385602126148,15360.012921174217
Wfs1,7298.418360414634,15374.673504415421
Wfs1,7308.406560567419,15417.331695839504
Wfs1,7311.602276245173,15574.566053087547
Wfs1,7311.664975605626,15560.310603434744
Wfs1,7316.915991893712,15561.815866196064
Wfs1,7329.202680138618,15316.217864329472
Wfs1,7331.8588995151395,15330.279062114074
Wfs1,7334.901014698785,15641.04002099696
Wfs1,7336.640679247987,15468.048217361133
Wfs1,7338.345094035175,15556.713091486032
Wfs1,7368.073830556707,15490.769181745778
Wfs1,7361.007044777651,15502.330656910379
Wfs1,7375.640252789791,15506.942457917497
Wfs1,7383.302190446726,14237.855844921605
Wfs1,7377.366132320663,15655.369357950742
Wfs1,7387.238915882941,15643.891216042965
Wfs1,7372.684021943585,15644.39607343021
Wfs1,7363.724880348839,15644.098126661902
Wfs1,7369.084148630229,15652.502797023959
Wfs1,7388.784311794764,15645.724310185986
Wfs1,7401.376493685953,15561.650886568064
Wfs1,7394.320560986079,15562.673957620023
Wfs1,7396.190607786738,15482.568031839046
Wfs1,7404.469347996392,15494.30119893883
Wfs1,7403.3733066508585,15475.844299834225
Wfs1,7397.979900338277,15489.62543783723
Wfs1,7390.519931174215,15483.579919857102
Wfs1,7402.474548130103,15476.013888422838
Wfs1,7416.294973224307,15758.007580235995
Wfs1,7436.337341091936,15681.933154524455
Wfs1,7410.312576240578,15695.69342236774
Wfs1,7420.534331271112,15686.686881076563
Wfs1,7431.316548040898,15843.720426360516
Wfs1,7443.730950745068,15559.258936243546
Wfs1,7444.649464738476,15568.216304708521
Wfs1,7426.2157822756535,15616.786324583809
Wfs1,7449.95150673567,15634.770982064701
Wfs1,7432.11398432304,15804.21683264179
Wfs1,7437.288084696307,15815.860056464531
Wfs1,7424.755299983156,15418.86176002198
Wfs1,7432.584220658733,15419.26580595783
Wfs1,7440.725715504088,15424.295698290263
Wfs1,7430.24758426819,15426.82238391744
Wfs1,7438.233235840263,15407.974031891272
Wfs1,7468.240117756277,15692.24949462141
Wfs1,7456.35352107947,15726.672608040428
Wfs1,7444.678133743932,15705.749711143053
Wfs1,7463.416647002885,15715.454787240846
Wfs1,7457.887615951677,15714.938954361085
Wfs1,7454.708817529267,15714.16632207896
Wfs1,7458.283803840739,15891.764921604778
Wfs1,7454.008723767511,15890.295181735477
Wfs1,7457.055951186645,15882.333751820042
Wfs1,7474.535610295849,15852.674862588741
Wfs1,7469.289411460725,15861.66771189188
Wfs1,7467.69858024386,15845.388700251724
Wfs1,7476.3666064067365,15851.088119096086
Wfs1,7465.0645640103585,15857.97638571332
Wfs1,7464.284802400112,15752.408300480121
Wfs1,7464.306458682346,15920.913540434158
Wfs1,7455.800790374092,15574.994246642345
Wfs1,7458.736997590382,15647.892108682177
Wfs1,7461.549826167232,15829.947321534733
Wfs1,7473.711542397504,15833.132514922741
Wfs1,7477.429329316146,15894.703535506278
Wfs1,7503.4269554549,15893.562271442308
Wfs1,7484.12656104105,15892.12845415239
Wfs1,7491.627744859201,15932.092781193276
Wfs1,7496.94999502541,15794.930279577698
Wfs1,7498.49022225595,15794.190045808919
Wfs1,7536.1335915188965,15981.063622858808
Wfs1,7529.0715370504495,15972.114080519774
Wfs1,7519.36564240993,15787.964104214332
Wfs1,7525.760070547623,15794.754726819305
Wfs1,7515.272647952678,15686.118900306192
Wfs1,7551.167440234195,15814.40931305741
Wfs1,7545.9488361710055,15822.877237262857
Wfs1,7526.393652863736,15831.177109776845
Wfs1,7530.249518607373,15896.0096354674
Wfs1,7576.779006008841,15902.536409950448
Wfs1,7571.706505388028,15888.470923219149
Wfs1,7582.4180840962,15724.529248948204
Wfs1,7573.687018595587,15729.224465541785
Wfs1,7586.979341341903,15717.874355129381
Wfs1,7564.118475576752,15734.10308086671
Wfs1,7566.570939373779,15730.110848572229
Wfs1,7586.33961525355,15900.378564224526
Wfs1,7598.104855455586,16000.802788958199
Wfs1,7614.940044258683,15993.696681664382
Wfs1,7603.0134314082115,15979.526500660459
Wfs1,7601.93077267728,15885.91143670405
Wfs1,7630.796524526005,15860.112527637202
Wfs1,7610.03759396773,15865.439749848669
Wfs1,7616.152580263988,16112.397709285919
Wfs1,7601.949045343314,16109.686755566478
Wfs1,7685.682523296883,16083.879715457084
Wfs1,7688.617527202728,16158.452016552998
Wfs1,7714.154230702528,16267.499079082503
Wfs1,7696.400741285017,16130.256508114624
Wfs1,7703.618139740635,16114.028863286421
Wfs1,7699.898202890329,16110.027814289619
Wfs1,7733.298845889933,16184.418877582128
Wfs1,7712.81989458079,16182.125108298162
Wfs1,7718.380172175429,16183.24771112599
Wfs1,7723.9639966496325,16178.808886729024
Wfs1,7760.445772987827,16172.410410481381
Wfs1,7771.460573566708,16181.75078377476
Wfs1,7755.565773156958,16245.213691705694
Wfs1,7753.987839111676,16240.8486631657
Wfs1,7765.659475107392,16240.019389262668
Wfs1,7774.136166360703,16051.35249320902
Wfs1,7759.109590977171,16041.25513147544
Wfs1,7767.406406228836,16040.205830103352
Wfs1,7771.932326238717,16044.586595066943
Wfs1,7761.677095059968,16035.26196893785
Wfs1,7782.8568757493595,16235.567565014793
Wfs1,7797.916493059052,16129.09499511371
Wfs1,7793.504557148304,16127.181138418535
Wfs1,7812.498796740042,16141.377491767995
Wfs1,7804.9421155718965,16172.102200727648
Wfs1,7807.213538605682,16167.59226377832
Wfs1,7798.231745772216,16174.333900272955
Wfs1,7816.065927845556,16175.085236444927
Wfs1,7831.50580395346,16384.537778538728
Wfs1,7848.3096595843035,16200.44408520512
Wfs1,7849.196970521151,16186.402878901928
Wfs1,7847.90399440119,16180.362522019972
Wfs1,7829.941686202359,16197.733419792721
Wfs1,7833.790855786435,16212.654117699703
Wfs1,7828.0097349529715,16185.722989503665
Wfs1,7842.381351760817,16192.434115805834
Wfs1,7836.125672775252,16422.79601808068
Wfs1,7857.646252372905,16426.22457567438
Wfs1,7855.776860290939,16423.357153155346
Wfs1,7854.7210844642805,16278.491324851953
Wfs1,7854.555086894002,16271.4923862542
Wfs1,7861.794990934782,16280.269067943449
Wfs1,7864.340864630104,16278.490725466663
Wfs1,7865.279521014196,16281.997478024155
Wfs1,7855.645849362225,16275.867808850924
Wfs1,7881.441339353076,16455.73887474042
Wfs1,7881.330435044435,16450.917579472785
Wfs1,7873.055546799516,16461.692473778206
Wfs1,7883.804668506054,16244.501554560953
Wfs1,7882.89528624127,16249.068066912727
Wfs1,7871.533223708605,16265.579622692423
Wfs1,7901.69902838548,16519.614861344704
Wfs1,7899.032625835281,16512.27952771675
Wfs1,7880.845486987134,16503.119799313707
Wfs1,7897.365818083529,16392.387183752544
Wfs1,7894.0597062381685,16390.665956042296
Wfs1,7886.625676451735,16376.833621788835
Wfs1,7885.135691755763,16296.20855290492
Wfs1,7896.7351860588815,16296.326485028805
Wfs1,7886.148032790936,16312.36585302221
Wfs1,7936.955585551122,16336.128853939072
Wfs1,7930.41614217208,16327.754281048565
Wfs1,7936.758641907462,16332.923208024264
Wfs1,7932.793579218569,16473.40278834326
Wfs1,7924.080515949007,16481.077596053554
Wfs1,7927.379782305379,16469.038915657686
Wfs1,8009.739286557627,16547.19975535682
Wfs1,7991.88175130462,16556.186043239715
Wfs1,7995.022757127276,16587.415645345074
Wfs1,8022.176479885789,16588.210144080072
Wfs1,8001.650334998768,16590.79302470117
Wfs1,8025.680849988781,16586.490193657002
Wfs1,8009.5525918667745,16586.671679926447
Wfs1,8018.127751365494,16444.519556776024
Wfs1,8040.682469584453,16561.996202422288
Wfs1,8043.028545245656,16383.906744432246
Wfs1,8031.857458332365,16600.56391612441
Wfs1,8044.756654146562,16617.65173023441
Wfs1,8043.815062478142,16607.593890877517
Wfs1,8064.41573271117,16551.995618939516
Wfs1,8087.469396570845,16441.220926963808
Wfs1,8083.230660397497,16607.896305343394
Wfs1,8080.262490340192,16624.00150426197
Wfs1,8085.744770900269,16606.98386138777
Wfs1,8103.871589609974,16571.688696840552
Wfs1,8091.8501522142005,16570.370834482746
Wfs1,8089.564843743053,16586.59152861754
Wfs1,8096.008220258297,16800.499198125333
Wfs1,8093.99952939728,16798.93475117876
Wfs1,8087.446849473557,16786.107421644483
Wfs1,8078.151671702637,16792.377663565112
Wfs1,8105.568284847055,16516.44258722378
Wfs1,8134.32451524941,16615.265770656388
Wfs1,8153.794657098088,16619.926542566252
Wfs1,8163.156156534299,16552.40257679989
Wfs1,8184.051842125865,16610.500176889676
Wfs1,8198.647373487649,16598.47206776964
Wfs1,8215.613928332308,16565.59467590973
Wfs1,8195.326351446101,16560.82404997857
Wfs1,8214.560144891993,16568.138213896138
Wfs1,8189.730169488332,16565.464736894774
Wfs1,8194.181580074057,16695.670908738237
Wfs1,8215.206828135528,16706.67168681547
Wfs1,8208.885228738192,16679.563977623144
Wfs1,8229.878708033551,16650.709618033285
Wfs1,8224.56105569964,16619.949620452797
Wfs1,8209.964486346533,16633.315794599413
Wfs1,8221.789863151651,16733.454593499853
Wfs1,8233.980609621454,16729.50515547337
Wfs1,8243.794342296429,16733.16437318635
Wfs1,8271.770457808174,16708.83018150501
Wfs1,8261.932172707428,16790.846937264967
Wfs1,8283.929439869482,16744.535885332927
Wfs1,8254.000915029177,16675.198498957885
Wfs1,8280.413959180101,16660.92065890871
Wfs1,8278.025952281609,16943.129769822506
Wfs1,8319.118259563616,16939.729649984725
Wfs1,8302.523066564667,16692.3318519074
Wfs1,8302.814117142445,16704.707037600263
Wfs1,8290.420626604911,16685.60661085491
Wfs1,8298.512279322837,16698.497062307222
Wfs1,8300.827056135398,16751.15404221221
Wfs1,8300.340715912105,16737.441946210944
Wfs1,8316.21843760907,16727.55640724541
Wfs1,8310.697283505666,16747.40556422975
Wfs1,8328.14281095088,16795.782436830286
Wfs1,8307.085734309536,16748.546798022453
Wfs1,8317.943709243158,16766.064429211438
Wfs1,8337.413649259432,16716.004937383164
Wfs1,8347.351673276455,16730.562604142608
Wfs1,8337.313944239344,16728.878577997162
Wfs1,8366.698624548144,16840.964374475887
Wfs1,8381.052917806963,16788.91824835603
Wfs1,8393.957248796216,16792.175633361927
Wfs1,8359.422957654415,16781.868745920983
Wfs1,8392.76998163065,16795.012547338367
Wfs1,8376.715799415455,16783.33491712215
Wfs1,8390.188681968948,16773.48723980482
Wfs1,8404.25339192261,16746.162969658286
Wfs1,8396.621179709726,16730.23224454049
Wfs1,8383.174102575498,16743.861944078133
Wfs1,8394.22652635607,16737.011850916228
Wfs1,8392.528307869867,16760.023477932384
Wfs1,8396.037299770338,16749.001311052478
Wfs1,8392.14250237389,16748.87891784231
Wfs1,8390.373575671794,16753.589912479998
Wfs1,8386.742487981319,16736.5670804908
Wfs1,8431.548726987094,16836.02407803001
Wfs1,8429.001770685134,16837.29396519683
Wfs1,8418.845475568525,16840.83846460717
Wfs1,8429.563205492057,17002.709441606363
Wfs1,8454.415654635828,16802.346111659917
Wfs1,8423.903159051071,16804.932886369865
Wfs1,8441.084174847938,16795.897698986537
Wfs1,8444.417190334578,16848.247308041835
Wfs1,8432.89910920373,16855.799843913737
Wfs1,8456.85630948026,16711.624672271984
Wfs1,8469.117316755768,16830.086336086686
Wfs1,8467.445936152117,16914.16437155006
Wfs1,8472.30927340434,16921.747628007244
Wfs1,8470.373599829307,16920.05284119007
Wfs1,8535.046492862473,17027.388601588304
Wfs1,8527.264997942728,17029.411535694082
Wfs1,8524.457750822528,17020.364817886006
Wfs1,8522.778095528744,17036.146811975104
Wfs1,8515.620847469323,17026.124000746106
Wfs1,8529.049660058163,16945.324451085442
Wfs1,8538.590849059348,16924.416910881344
Wfs1,8536.071971625195,16937.33873411399
Wfs1,8522.96888528905,17067.67425662111
Wfs1,8514.561590907237,17066.840166396236
Wfs1,8534.871002068276,17104.73878517175
Wfs1,8562.82699150036,16998.971483603345
Wfs1,8570.334407074575,17000.363518706694
Wfs1,8557.571714216152,16990.14039669581
Wfs1,8551.364342333363,17027.756388284248
Wfs1,8576.447962759612,17043.146726992283
Wfs1,8577.148766354107,16901.217868240237
Wfs1,8567.235188953819,16906.166655530837
Wfs1,8586.865276237291,17000.35624403828
Wfs1,8589.157417770657,16982.36131876926
Wfs1,8576.68010492556,17011.618014885367
Wfs1,8587.719664545615,17031.63826785329
Wfs1,8613.038688932182,16954.196103476785
Wfs1,8615.917425243208,16968.875567470175
Wfs1,8621.963327728276,16983.70096706107
Wfs1,8618.274097504995,16987.654916033785
Wfs1,8609.213423785639,16978.638300623028
Wfs1,8615.000932779192,17110.561293953055
Wfs1,8614.624551748666,16808.30742440425
Wfs1,8650.162865452094,17064.783552831326
Wfs1,8658.7945329747,17070.15360133698
Wfs1,8680.812164858791,17146.012404612804
Wfs1,8669.51799560368,17085.036214704636
Wfs1,8671.779765945841,17085.278393603698
Wfs1,8676.049460999617,17083.723650458207
Wfs1,8680.17379859722,17080.31365809106
Wfs1,8672.101349044524,17081.52996359076
Wfs1,8691.395059363931,17223.355889646413
Wfs1,8683.833863962209,17221.60822625364
Wfs1,8702.492227443423,17112.310740258177
Wfs1,8684.192579483512,17104.73171600537
Wfs1,8700.114949055785,17107.532279635063
Wfs1,8685.850963076855,17115.559229176288
Wfs1,8701.696366592125,17636.37715893454
Wfs1,8703.175186410543,17173.405128208495
Wfs1,8706.420321897762,17176.64745928521
Wfs1,8724.464521306467,16987.671756181553
Wfs1,8704.898219599934,17006.677970356104
Wfs1,8728.245519683167,17048.50145932985
Wfs1,8713.11405439328,17056.885154788626
Wfs1,8713.732319834087,17055.91834285767
Wfs1,8719.460497441069,17082.67186815466
Wfs1,8713.978442602289,17057.350815874634
Wfs1,8711.526240749847,17050.74316875397
Wfs1,8727.877658517336,17067.418332595862
Wfs1,8731.821683990558,17064.201909362942
Wfs1,8727.05970177576,17133.539686064087
Wfs1,8743.176030036184,17067.99337524426
Wfs1,8724.743061422552,17084.166682966643
Wfs1,8753.751022913493,17096.09315113758
Wfs1,8768.48388687163,17113.62272704078
Wfs1,8773.60044862823,17105.168757741863
Wfs1,8764.728799711922,17123.465775130986
Wfs1,8750.945215727,17183.62406021162
Wfs1,8751.054742445847,17184.45590059783
Wfs1,8750.764932459513,17206.691510898294
Wfs1,8770.372511479518,17163.018086700886
Wfs1,8768.710138345647,17153.87109050919
Wfs1,8768.602792535212,17166.8998344317
Wfs1,8760.867310887348,17165.224733883555
Wfs1,8747.443579760818,17177.10162993004
Wfs1,8788.019976025356,17155.44384913821
Wfs1,8759.708177685397,17160.582528256993
Wfs1,8795.83951199096,17132.28387889926
Wfs1,8816.26200472309,17178.349582133866
Wfs1,8817.1986205801,17200.98786826398
Wfs1,8821.3083443864,17194.741070795735
Wfs1,8836.426615650375,17321.722124822616
Wfs1,8823.535848770183,17328.79531837684
Wfs1,8817.182373595135,17140.155786931908
Wfs1,8828.765511964999,17287.5787354157
Wfs1,8847.216682690445,17284.81492696376
Wfs1,8861.093652832584,17188.193324370972
Wfs1,8844.80318456651,17191.803628505233
Wfs1,8885.602509080092,17338.630954699634
Wfs1,8875.76412210108,17348.396718890115
Wfs1,8874.546613264203,17351.462948727396
Wfs1,8889.232830846442,17222.78013950359
Wfs1,8880.731970896553,17247.595587692416
Wfs1,8911.533413163233,17350.497080424433
Wfs1,8941.969794118635,17261.73483734895
Wfs1,8956.258773750053,17252.558933062035
Wfs1,8960.301682888326,17268.169456193766
Wfs1,8957.819592383396,17316.49287522354
Wfs1,8984.824015613147,17289.540416983782
Wfs1,8972.31155436261,17286.0044488335
Wfs1,8978.428204525922,17290.285349412665
Wfs1,8982.601183234654,17293.710523505215
Wfs1,8997.554860870187,17264.539968305133
Wfs1,8996.9856967649,17439.641055584987
Wfs1,9011.519147271782,17439.946044297536
Wfs1,9002.57792048039,17206.112435557054
Wfs1,9012.98546925049,17162.11204737458
Wfs1,9027.497362764918,17247.234699771423
Wfs1,9020.031089443197,17227.02538622515
Wfs1,9028.127480095243,17243.29977469356
Wfs1,9017.647497236501,17364.922626153668
Wfs1,9019.235456861978,17361.409657957753
Wfs1,9002.833611624435,17359.8568001474
Wfs1,9054.889465494232,17361.17091972305
Wfs1,9072.305973211938,17368.116870001842
Wfs1,9076.559719504432,17351.521346533184
Wfs1,9093.866972311327,17360.99284815309
Wfs1,9090.11377796519,17410.117416689
Wfs1,9110.907894347332,17381.959062113005
Wfs1,9112.825223156611,17417.19593360407
Wfs1,9093.02850532309,17403.209795288065
Wfs1,9106.499653686491,17405.956663173794
Wfs1,9107.661150315937,17393.63288975037
Wfs1,9154.235247472208,17334.16538226246
Wfs1,9162.470786788028,17437.912163009536
Wfs1,9160.077870233252,17437.535424088197
Wfs1,9185.922921224665,17384.0318806966
Wfs1,9174.42083819716,17399.96963832734
Wfs1,9242.383852398136,17370.352251303502
Wfs1,9232.567691020471,17379.560053529498
Wfs1,9273.730520906589,17429.62126768116
Wfs1,9287.510378856747,17438.15485999329
Wfs1,9283.41046666229,17431.4582625092
Wfs1,9268.060079718085,17442.53813269964
Wfs1,9264.789693910194,17435.76781822956
Wfs1,9275.896504138092,17441.959882723484
Wfs1,9282.904682109282,17374.56899159911
Wfs1,9282.971917837474,17470.84397104635
Wfs1,9277.914217558515,17603.965689878252
Wfs1,9283.122821435465,17595.57442286044
Wfs1,9302.180693310373,17382.795739465117
Wfs1,9296.855655718458,17369.075250652455
Wfs1,9318.730601616042,17397.51189308301
Wfs1,9344.620806881921,17447.673518400024
Wfs1,9362.81811549226,17431.160877233175
Wfs1,9410.093139248433,17589.3101358305
Wfs1,9417.417450987848,17616.643734937752
Wfs1,9419.350191920525,17561.70339337649
Wfs1,9428.707136549643,17558.781841881908
Wfs1,9424.300264756315,17419.13328763314
Wfs1,9426.763351207039,17425.783890235572
Wfs1,9434.447081986904,17439.417774253972
Wfs1,9445.49368311516,17415.363689129765
Wfs1,9449.341496285891,17412.45003737753
Wfs1,9434.968720974177,17415.51805770231
Wfs1,9464.90345160414,17536.44326427733
Wfs1,9462.289071007153,17529.355872179716
Wfs1,9438.530365003104,17550.4385223808
Wfs1,9438.8018973485,17553.307506238238
Wfs1,9475.80157555823,17532.57476262337
Wfs1,9451.57605513765,17538.980436565955
Wfs1,9541.841891256348,17629.607457213617
Wfs1,9554.466771609783,17641.969946272297
Wfs1,9550.901168828104,17628.184913101875
Wfs1,9548.41876082803,17631.880555931995
Wfs1,9527.576574033274,17488.04543046071
Wfs1,9555.948683344628,17471.977037442583
Wfs1,9539.13572716172,17595.12648856804
Wfs1,9619.536042438836,17615.471331803867
Wfs1,9622.342982361539,17608.88145040596
Wfs1,9650.28811694125,17514.278898988807
Wfs1,9728.602780418087,17706.457544995337
Wfs1,9742.055421155266,17539.654368107276
Wfs1,9745.672825648613,17770.80550548536
Wfs1,9745.483044603017,17756.467606594415
Wfs1,9753.106948597544,17764.812631195535
Wfs1,9752.20069817696,17682.63863984069
Wfs1,9767.280815288319,17618.99577101564
Wfs1,9763.79585996836,17619.33145120368
Wfs1,9770.9332454425,17556.583365918133
Wfs1,9791.883481392068,17690.58688626889
Wfs1,9825.215043257875,17631.363984331172
Wfs1,9820.224995095708,17655.092563561044
Wfs1,9837.354557319468,17598.459526748302
Wfs1,9840.217317080005,17781.05799875697
Wfs1,9832.086475885131,17793.24089268718
Wfs1,9815.497364844126,17775.158893545362
Wfs1,9832.233556875619,17795.71966083038
Wfs1,9843.807046366715,17769.03846588752
Wfs1,9850.255432803715,17722.11141379905
Wfs1,9812.11565794181,17737.951976199947
Wfs1,9842.333922230182,17629.572289268533
Wfs1,9842.126876204007,17623.498105149694
Wfs1,9848.464764016258,17607.862905018723
Wfs1,9866.775824569031,17705.327604501486
Wfs1,9886.043785519492,17694.404799611882
Wfs1,9887.769692531387,17705.703108355883
Wfs1,9918.990881233492,17637.985039838888
Wfs1,9918.446103709337,17744.092214765424
Wfs1,9909.871065677471,17729.850734873933
Wfs1,9934.741728965731,17763.30052944999
Wfs1,9949.316867373067,17733.285030465096
Wfs1,9973.316815915316,17730.736494399673
Wfs1,9958.177857387791,17725.390987658753
Wfs1,10060.581029040868,17781.97246367256
Wfs1,10059.34232782573,17762.180177575854
Wfs1,10078.034934816795,17763.42067550824
Wfs1,10106.086254817177,17785.36386958491
Wfs1,10108.812994153532,17787.453477478455
Wfs1,10117.894938476424,17755.041999235294
Wfs1,10113.684912312328,17808.14023191766
Wfs1,10119.727716312364,17812.203767500632
Wfs1,10161.198701233472,17807.153342359212
Wfs1,10161.482314015038,17878.976118729297
Wfs1,10185.830209346626,17707.71427348101
Wfs1,10161.047266064857,17708.342241350365
Wfs1,10162.739028056241,17710.081646472838
Wfs1,10185.325649099299,17708.688889280926
Wfs1,10183.983189108918,17883.354342779614
Wfs1,10182.805226638893,17892.01291949742
Wfs1,10190.613526804274,17894.733624971886
Wfs1,10217.358832172458,17774.428473691256
Wfs1,10199.797446040755,17777.126883398785
Wfs1,10230.627122017935,17744.770941096966
Wfs1,10237.843347559046,17799.564168691457
Wfs1,10228.88142089007,17719.137686114143
Wfs1,10237.668342005663,17709.346500364158
Wfs1,10239.698344935117,17726.443498845092
Wfs1,10221.999638206402,17722.787075545206
Wfs1,10232.76997290874,17715.20962141663
Wfs1,10216.656521022285,17724.865903756116
Wfs1,10271.828257591334,17739.397268079767
Wfs1,10255.004455768662,17728.952186256476
Wfs1,10282.562561508383,17868.67344337044
Wfs1,10267.026998328389,17900.85876203789
Wfs1,10282.848477705198,17888.580862864415
Wfs1,10273.662595312358,17884.15773968868
Wfs1,10279.493195811083,17900.939755524952
Wfs1,10287.089281907596,17897.370269752664
Wfs1,10295.245105186334,17898.755863682723
Wfs1,10291.037804533926,17888.639495564228
Wfs1,10283.264323974026,17890.794160465863
Wfs1,10298.50366172573,17770.249128197443
Wfs1,10301.032788616461,17768.698022366545
Wfs1,10296.790244674588,17759.1929550162
Wfs1,10334.775899316475,17899.82017250215
Wfs1,10316.302994713433,17891.95249266151
Wfs1,10318.379362060168,17896.638156123958
Wfs1,10332.48824434386,17902.52988254822
Wfs1,10336.73628521205,17898.26447168176
Wfs1,10324.957545258101,17891.481663894738
Wfs1,10325.423173950787,17905.352195600542
Wfs1,10344.582476287578,17787.822765292356
Wfs1,10339.810334142107,17776.15918882409
Wfs1,10337.64898154083,17793.135614267598
Wfs1,10344.108802079156,17827.08063123134
Wfs1,10340.772146871393,17830.656419161656
Wfs1,10397.52754856834,17850.113567152086
Wfs1,10396.630959778717,17857.014124351095
Wfs1,10403.662052850774,17859.830867720502
Wfs1,10446.53651284318,17928.663515091186
Wfs1,10442.259573340361,17933.986583184374
Wfs1,10441.520530823898,17848.823356386485
Wfs1,10465.010193790436,17847.65792822525
Wfs1,10460.928539882558,17839.44520872981
Wfs1,10447.764007894526,17916.09471245167
Wfs1,10464.377486382551,17916.324972459603
Wfs1,10463.878851467942,17921.773960288774
Wfs1,10458.17260488565,17927.019313605575
Wfs1,10477.375633421927,17917.011195140873
Wfs1,10494.346875814297,17927.255564371186
Wfs1,10473.407467485054,17928.021869717806
Wfs1,10472.567619234242,17937.588140595395
Wfs1,10483.92882873316,17902.2083564622
Wfs1,10483.773013681975,17887.34318583084
Wfs1,10522.852131848334,17852.691314092568
Wfs1,10531.559849565198,17855.854133495355
Wfs1,10516.188153818239,17849.10361684013
Wfs1,10540.570130735607,17800.17346402795
Wfs1,10543.625733043535,17886.604050102782
Wfs1,10584.13249891596,17835.823160113756
Wfs1,10580.60815943673,17828.432348146755
Wfs1,10584.405849111981,17813.95872858677
Wfs1,10584.820167010865,17830.03998604018
Wfs1,10587.104109020167,17829.218669870796
Wfs1,10584.700268345265,17822.384466978518
Wfs1,10576.740200690741,17881.36740438112
Wfs1,10567.694102366599,17884.340253081347
Wfs1,10587.355703094734,17953.03884367344
Wfs1,10585.975290024273,17956.013897563436
Wfs1,10584.128378363135,17951.528980052004
Wfs1,10575.6090656064,17950.826099457954
Wfs1,10590.485023084577,17922.175050337475
Wfs1,10619.016875027291,17864.275242964784
Wfs1,10608.310462056736,17941.46710632903
Wfs1,10638.513692263848,17951.639817076848
Wfs1,10655.55131039835,17899.46360061102
Wfs1,10653.905392715209,17885.698509304053
Wfs1,10656.914987832755,17889.754108308654
Wfs1,10678.56150487705,17815.68403589087
Wfs1,10673.337893402257,17842.18743807957
Wfs1,10675.999531711333,17818.32043899736
Wfs1,10661.770762063796,17831.235216770667
Wfs1,10748.535175937248,17833.85314854051
Wfs1,10732.155167442348,17957.765433655935
Wfs1,10759.242268163545,17848.50995773365
Wfs1,10755.041038871941,17876.371326977845
Wfs1,10810.281897253672,17845.65303366405
Wfs1,10802.384786059863,17847.53798551304
Wfs1,10828.424119062804,17861.90874948342
Wfs1,10810.886235964239,17839.14091922526
Wfs1,10798.321989414853,17849.650038665306
Wfs1,10810.618533232722,17840.722085481015
Wfs1,10824.983309646052,17863.864218326213
Wfs1,10799.009204008942,17863.472389090588
Wfs1,10816.315967777082,17901.659783207066
Wfs1,10830.534901078652,17844.334314501546
Wfs1,10837.521069008382,17841.98692903691
Wfs1,10874.58053632673,17846.266198339727
Wfs1,10858.566491149748,17970.462514291485
Wfs1,10864.03135712117,17973.413065398094
Wfs1,10882.327855801248,17943.552105547697
Wfs1,10874.65982977228,17928.729135180878
Wfs1,10878.978216619531,17916.518489164202
Wfs1,10874.641830357628,17909.360569173856
Wfs1,10886.397458109657,17989.441623341816
Wfs1,10889.365804880588,17961.352771201895
Wfs1,10894.312757295467,17972.531097368268
Wfs1,10932.573706551038,17933.055334494882
Wfs1,10919.244187533819,18000.58828584228
Wfs1,10923.204854026802,17985.58169852748
Wfs1,10943.37345355505,17920.36853545358
Wfs1,10957.57994392353,17875.51065830099
Wfs1,10981.481849924794,17874.20827723963
Wfs1,10981.091820680276,17875.009148433717
Wfs1,10976.239494101437,17982.15140394032
Wfs1,11009.97536220805,17981.410057287034
Wfs1,11003.630247263867,17986.180090935766
Wfs1,11016.875603809272,17852.352640851084
Wfs1,11008.238390763076,17836.00120734966
Wfs1,11047.450749940126,17911.081449260964
Wfs1,11037.280107426566,17920.758729022615
Wfs1,11048.224048889346,17913.223758428005
Wfs1,11039.044816264259,17918.87246794285
Wfs1,11036.634411692814,17900.32866647792
Wfs1,11023.551308666312,17914.839073523945
Wfs1,11032.339100713183,17858.473292249437
Wfs1,11051.080654915091,17895.056220055725
Wfs1,11040.00336968729,17886.85823044892
Wfs1,11045.863682032428,17899.444684252874
Wfs1,11075.874050137443,17897.59797929752
Wfs1,11091.043855057063,17925.33651135829
Wfs1,11079.86924127183,17964.409686126786
Wfs1,11098.61304700319,17870.927272282133
Wfs1,11088.10862240405,17825.949013709156
Wfs1,11125.420408137645,17900.14224812543
Wfs1,11124.754695748521,17894.777310443536
Wfs1,11107.626702172545,17906.575593245896
Wfs1,11132.725787454316,17914.39115044898
Wfs1,11126.990200267846,17913.616667020837
Wfs1,11149.125548552873,17819.70625881036
Wfs1,11109.527327663622,17855.01485475458
Wfs1,11122.663001511224,17854.06258271599
Wfs1,11139.998051412093,17850.910720009786
Wfs1,11144.177707891606,17853.334088517637
Wfs1,11143.38589454838,17851.60443764224
Wfs1,11136.472991667686,17857.44827500164
Wfs1,11199.669270856959,17816.089560468503
Wfs1,11195.400623320536,17781.34530654226
Wfs1,11195.884082882934,17798.455133483374
Wfs1,11231.495564108312,17883.474532556967
Wfs1,11244.539457545034,17832.926735754714
Wfs1,11307.959745259217,17798.96635386621
Wfs1,11299.170133256168,17773.899697601126
Wfs1,11313.552704997735,17799.403202763406
Wfs1,11345.21991293422,17811.6092881337
Wfs1,11334.970248038997,17816.013502429563
Wfs1,11343.935033802798,17816.68754548827
Wfs1,11333.663610978774,17820.625212749143
Wfs1,11343.288854643195,17819.213437269827
Wfs1,11343.961924557627,17809.21787920798
Wfs1,11335.573604822182,17775.07206551203
Wfs1,11347.875433319989,17775.726095954677
Wfs1,11346.782196978496,17782.26091747422
Wfs1,11377.694175160806,17894.48467391253
Wfs1,11358.131142680817,17898.47714815282
Wfs1,11403.627475271818,17726.985452301218
Wfs1,11390.540212848075,17737.481519715293
Wfs1,11396.806724480355,17717.138308020614
Wfs1,11375.18106759824,17813.593070086394
Wfs1,11411.412419976732,17747.06552249573
Wfs1,11427.03338867734,17738.093574867828
Wfs1,11420.259764704631,17768.424146637517
Wfs1,11419.675258676216,17776.44755637654
Wfs1,11432.924725227782,17768.636954713926
Wfs1,11419.162027182809,17793.256115279462
Wfs1,11442.757370334311,17771.745056450018
Wfs1,11410.414490973419,17800.563100482377
Wfs1,11452.528440893577,17725.46918378686
Wfs1,11458.042354993831,17728.185064073652
Wfs1,11498.024744095967,17766.727592328974
Wfs1,11516.417228071214,17726.987902039014
Wfs1,11511.735654593329,17715.735105194668
Wfs1,11562.374071500062,17794.561367990253
Wfs1,11569.93599520189,17795.29324027609
Wfs1,11558.69922237611,17785.863424395808
Wfs1,11561.093219715565,17802.836619235484
Wfs1,11595.700823801622,17680.91621393723
Wfs1,11591.512755744458,17689.29197232885
Wfs1,11583.080713134912,17696.307792206037
Wfs1,11600.294538934002,17762.355842707017
Wfs1,11594.140466552177,17762.587644269315
Wfs1,11587.866517896926,17633.795105030084
Wfs1,11687.805026023321,17698.63517010909
Wfs1,11667.113705392137,17696.347354949092
Wfs1,11669.045196165338,17698.194937542554
Wfs1,11669.399641925162,17696.436685634846
Wfs1,11680.086419043913,17697.01511692652
Wfs1,11696.121384709308,17769.45964176552
Wfs1,11720.26401145784,17685.785353220763
Wfs1,11723.684826277973,17673.189970427826
Wfs1,11772.195613461938,17630.518793890056
Wfs1,11770.295130907869,17622.98646083897
Wfs1,11767.063370537788,17627.624232209877
Wfs1,11786.106241923786,17806.79390739928
Wfs1,11782.699039644916,17824.67054805042
Wfs1,11822.494768831346,18084.802314658755
Wfs1,11800.022154432372,18090.34080271329
Wfs1,11825.067426483427,17615.460769722875
Wfs1,11843.311721943852,17574.100765452557
Wfs1,11841.408443644093,17577.10362364993
Wfs1,11839.581899323739,17680.167129855992
Wfs1,11831.52101326155,17669.254708096094
Wfs1,11853.757304199791,17678.469854816223
Wfs1,11895.966119756114,17702.50724721931
Wfs1,11900.437244397817,17701.687788749845
Wfs1,11945.635463143806,17583.826171310946
Wfs1,11964.171483161797,17588.533780703587
Wfs1,11955.789599628843,17584.972959503677
Wfs1,11947.19316060724,17517.185601176996
Wfs1,11966.199705503177,17661.240501210494
Wfs1,11996.64792528889,17655.523873874274
Wfs1,11990.497965656088,17456.317967585856
Wfs1,12019.649605214267,17474.85977671877
Wfs1,12017.115888601706,17559.369700260464
Wfs1,12013.463000852675,17553.28716343868
Wfs1,12032.133594045792,17552.877989229786
Wfs1,12027.978493374958,17556.41378328138
Wfs1,12017.639403923065,17454.766443491186
Wfs1,12047.104042081688,17463.319414731828
Wfs1,12059.2689986207,17481.05591536594
Wfs1,12058.255968715835,17478.476512135414
Wfs1,12061.868430801193,17487.838519076715
Wfs1,12052.800068029706,17484.910665822445
Wfs1,12042.48928699222,17431.291800196646
Wfs1,12038.589675321708,17416.923958581974
Wfs1,12054.991352329125,17424.679796583776
Wfs1,12082.395629798975,17458.938290435388
Wfs1,12084.076845255147,17449.614706935914
Wfs1,12098.569500493524,17451.149393350926
Wfs1,12071.91503158322,17444.756421591097
Wfs1,12082.48449024277,17460.86799234047
Wfs1,12085.238695838723,17434.729946336476
Wfs1,12097.693302106421,17503.300201697795
Wfs1,12078.623038271931,17505.112477952986
Wfs1,12094.027292026962,17509.7356302556
Wfs1,12087.83831921211,17562.801577997037
Wfs1,12112.205615056098,17556.569851442786
Wfs1,12116.605202092915,17427.90940685916
Wfs1,12117.799782619857,17416.382284338724
Wfs1,12117.499872732613,17422.215999697102
Wfs1,12112.12711295924,17464.78736315625
Wfs1,12112.08155040067,17453.777076380185
Wfs1,12098.015310299263,17479.09982572868
Wfs1,12105.825138861514,17366.21825453245
Wfs1,12104.321298444118,17348.661095491545
Wfs1,12107.149427998673,17348.97851444995
Wfs1,12102.285404501064,17355.785335367727
Wfs1,12119.488675345936,17345.870448692105
Wfs1,12134.989059536714,17401.09585094095
Wfs1,12150.443027942409,17395.610992964626
Wfs1,12145.417652239383,17394.376828544468
Wfs1,12155.990658077573,17458.355320099028
Wfs1,12196.493884757365,17594.39818217434
Wfs1,12188.637942943966,17573.314626812746
Wfs1,12181.238038498208,17575.638146323672
Wfs1,12193.182138124985,17351.77028788912
Wfs1,12204.566407510238,17643.761197287073
Wfs1,12189.823519494315,17646.673592546864
Wfs1,12198.857861749038,17477.28367884729
Wfs1,12204.165965325656,17468.990427838904
Wfs1,12195.94061210866,17486.827626913153
Wfs1,12219.24592685468,17263.04668649384
Wfs1,12200.663249706131,17260.672620843827
Wfs1,12220.975329613673,17240.89306534179
Wfs1,12224.013087549005,17588.36096651982
Wfs1,12215.823150169923,17577.97995329062
Wfs1,12223.729653613516,17582.983669874433
Wfs1,12256.461316534085,17385.675667007945
Wfs1,12266.984708070742,17370.091778105307
Wfs1,12244.895246332899,17374.54931949459
Wfs1,12255.129391300552,17164.85899291625
Wfs1,12282.939960327665,17467.195710616117
Wfs1,12253.034028589607,17461.408655087467
Wfs1,12273.592785927054,17471.23438336563
Wfs1,12294.646672457491,17243.205571610768
Wfs1,12290.312746090302,17230.865431199894
Wfs1,12296.309227734328,17249.007716929398
Wfs1,12286.155921662368,17243.165750054915
Wfs1,12288.70372377154,17250.422586518707
Wfs1,12320.889658205895,17261.981139467833
Wfs1,12316.315582111387,17289.430544616178
Wfs1,12368.185771531222,17278.116728555608
Wfs1,12354.010554072845,17269.813202633406
Wfs1,12363.83959040258,17194.493520188833
Wfs1,12384.303650215505,17192.790008615906
Wfs1,12380.282516947711,17191.605663342038
Wfs1,12382.473738819974,17111.83104565384
Wfs1,12402.60257337276,17117.063206935367
Wfs1,12399.189395226604,17136.80310984479
Wfs1,12390.360385822501,17111.259257572838
Wfs1,12402.625166332533,17068.028740108788
Wfs1,12400.3568856722,17052.120952323537
Wfs1,12411.645680958942,17068.351466329445
Wfs1,12390.518946472826,16970.683218288854
Wfs1,12415.334400579934,16990.206269780472
Wfs1,12393.813624332319,16985.766221835573
Wfs1,12410.954764904309,17102.445942573475
Wfs1,12399.74515625053,17108.706569484762
Wfs1,12378.09221936367,17103.04091986198
Wfs1,12409.871040525397,17276.959920378067
Wfs1,12431.90801026981,17208.033682473844
Wfs1,12453.435723819372,17210.804139706994
Wfs1,12448.761866711333,17238.72299187852
Wfs1,12445.629031612261,17212.16106248724
Wfs1,12432.64472358114,17212.27165090942
Wfs1,12454.101147731499,17194.43389899647
Wfs1,12436.87876008762,17152.268808549143
Wfs1,12473.79131900637,17047.67223749097
Wfs1,12470.109037375845,17003.53107679704
Wfs1,12460.01141480865,17001.390649609897
Wfs1,12472.164219741037,16997.019245983887
Wfs1,12470.70813177826,16985.24838061443
Wfs1,12477.092043698927,17076.545278290916
Wfs1,12479.649866216992,17090.664007894586
Wfs1,12470.484961543441,17075.753013276044
Wfs1,12508.690951834313,16981.901921005687
Wfs1,12519.468407354654,17012.673774666986
Wfs1,12526.50483191195,17055.521794323144
Wfs1,12527.727160355476,17068.589447345203
Wfs1,12534.880550177226,17044.01136337309
Wfs1,12572.346869672752,17009.18812173563
Wfs1,12562.04955578627,17064.24463751814
Wfs1,12568.439391725688,17060.82675760124
Wfs1,12564.978113478659,17069.372383076432
Wfs1,12572.033517119691,17095.00831310239
Wfs1,12566.285210413229,17069.251451204207
Wfs1,12567.352031586937,17075.528488474312
Wfs1,12566.982901243062,17078.82232775347
Wfs1,12571.13373528066,16933.188185380845
Wfs1,12553.115314283266,16934.968691580252
Wfs1,12566.67231607004,16937.57653902247
Wfs1,12550.025359447132,16910.877640615927
Wfs1,12550.617451578777,16933.506226541474
Wfs1,12598.837306660345,16937.759310521877
Wfs1,12597.174653729713,17063.85726996999
Wfs1,12595.572039191746,17042.02300392621
Wfs1,12613.632640495704,17067.973090146934
Wfs1,12609.329355359494,17330.522784549878
Wfs1,12619.519789017606,17322.920182991686
Wfs1,12637.763463919679,16848.515676588635
Wfs1,12610.822482484407,16840.900430428064
Wfs1,12652.360806977193,17042.44816140416
Wfs1,12644.622885697883,16918.672429932838
Wfs1,12650.569220958945,16928.596547329867
Wfs1,12663.009631083522,17138.088623341446
Wfs1,12654.814226816105,17127.604985446265
Wfs1,12645.49728155169,17486.72548918878
Wfs1,12653.029369206164,16985.556213429216
Wfs1,12650.755040185983,16993.889282602788
Wfs1,12637.940508582113,16990.806728283227
Wfs1,12637.607571409479,16740.15389067472
Wfs1,12657.208141360208,16831.337043428004
Wfs1,12671.322077472343,16817.920684765697
Wfs1,12675.302986787661,16900.50068986929
Wfs1,12656.77693401745,16897.4520278308
Wfs1,12659.495910147525,16899.482072336832
Wfs1,12654.672513681711,16895.207860252933
Wfs1,12663.79368096854,16907.26338628086
Wfs1,12653.757000155327,16890.38934475717
Wfs1,12664.537055606086,16897.723655987764
Wfs1,12668.846677796668,16895.098684719418
Wfs1,12667.543371127662,16789.678074242842
Wfs1,12698.369875589064,16881.914472451303
Wfs1,12709.39710125718,16764.319173806827
Wfs1,12721.087570427468,16717.93780031905
Wfs1,12707.658954767518,16728.59489251386
Wfs1,12701.922009374972,16741.55939222441
Wfs1,12699.754159072818,16824.203553752595
Wfs1,12697.829340915496,16828.229872524418
Wfs1,12700.736255681508,16837.23416234958
Wfs1,12714.263180600734,16687.82619222475
Wfs1,12691.852020154187,16672.923257777285
Wfs1,12726.953656145444,16795.134121403946
Wfs1,12723.339722555475,16800.597461871308
Wfs1,12729.508455935209,16801.747919040045
Wfs1,12738.409647181477,16889.929822919432
Wfs1,12752.324342803204,16739.261435611927
Wfs1,12748.049024537415,16736.890668095577
Wfs1,12756.248971562754,16649.722311745347
Wfs1,12757.705059090114,16672.989496067774
Wfs1,12778.107735002295,16761.643259524793
Wfs1,12768.587410381335,16763.42438731125
Wfs1,12851.211781475273,16636.591479308157
Wfs1,12853.59084782615,16638.235865908573
Wfs1,12859.086273542278,16663.01954227808
Wfs1,12864.126855794675,16675.36036291276
Wfs1,12860.777545670686,16667.0140191563
Wfs1,12881.994332306169,16799.24673260133
Wfs1,12890.390148032238,16561.630269731664
Wfs1,12899.596736345007,16558.25797403969
Wfs1,12889.791105471582,16553.634590940324
Wfs1,12952.763868456792,16567.28081087071
Wfs1,12977.108507118632,16491.966151130542
Wfs1,12964.935506742766,16455.414125064253
Wfs1,12965.105411467166,16481.00500232801
Wfs1,12962.875555884886,16477.49776544649
Wfs1,12951.17853908376,16613.606044036456
Wfs1,12971.60693965347,16446.81722602399
Wfs1,13002.863786951739,16437.643023739183
Wfs1,12984.696589649579,16437.374986021645
Wfs1,12983.966050013158,16449.830801260676
Wfs1,12995.166220813318,16463.431833098188
Wfs1,12994.59738282978,16439.88447224026
Wfs1,12986.790708223076,16444.38830123383
Wfs1,12995.494676123808,16453.22320326668
Wfs1,12978.561626075609,16436.359865951687
Wfs1,12966.812884437117,16457.582336358064
Wfs1,12993.436329467188,16447.19804385123
Wfs1,13034.618324584946,16594.273483229797
Wfs1,13062.32141270852,16543.92133919208
Wfs1,13035.632807653436,16520.257327618434
Wfs1,13039.394308120345,16527.565251337386
Wfs1,13060.046817869774,16500.244786873438
Wfs1,13048.86005123668,16546.489130396687
Wfs1,13038.385190462623,16518.041749529628
Wfs1,13066.596896740679,16468.915724107035
Wfs1,13060.354900496302,16489.18302861256
Wfs1,13071.7827870137,16476.272462549816
Wfs1,13079.557896140539,16476.40713967845
Wfs1,13065.392468229173,16480.08244425721
Wfs1,13070.590923606405,16483.951318370346
Wfs1,13057.055969160849,16440.10960020072
Wfs1,13111.092961616627,16496.73684423004
Wfs1,13102.20411067296,16486.490122104104
Wfs1,13121.660236310921,16493.681364063254
Wfs1,13122.835670974291,16576.453828026242
Wfs1,13140.745985888057,16600.20551714618
Wfs1,13129.902239446474,16590.19607609985
Wfs1,13129.044009902243,16343.387007278647
Wfs1,13147.423858216654,16340.673128633523
Wfs1,13150.003277180036,16352.018801127346
Wfs1,13151.59097648675,16338.444219435904
Wfs1,13177.754401329792,16479.835663008264
Yjefn3,6959.6453504137335,14128.029640790297
Yjefn3,6980.856321566255,14463.456729048103
Yjefn3,6978.680224084051,14818.708353210714
Yjefn3,7030.465571644183,14357.104945343981
Yjefn3,7028.717045635998,14361.904765510359
Yjefn3,8684.85537910083,17115.35963534643
Yjefn3,9142.321356007851,17337.714958859877
Yjefn3,9189.472354104293,17401.808464266363
Yjefn3,9516.155688081968,17575.041558770685
Yjefn3,9547.890549694443,17616.292471928355
Yjefn3,10799.525913939893,17904.38168783285
Yjefn3,12186.73973295316,17645.52771374993
Yjefn3,12354.56082017683,17314.438749507393
Yjefn3,12755.59556887869,16024.29855640823
Yjefn3,12865.778561325173,16671.850672503235
Zcchc12,6955.80678407887,14874.189037052125
Zcchc12,7133.363580114744,15060.770300518292
Zcchc12,8037.801415590304,16431.314989144445
Zcchc12,8097.450080807304,16712.36211109631
Zcchc12,8195.306007565943,16751.155205895055
Zcchc12,8347.975365621094,16784.908996459166
Zcchc12,8705.726040487105,17700.74333428305
Zcchc12,9046.789226326793,18015.608936908186
Zcchc12,9057.502752273773,18043.216191170348
Zcchc12,9638.022207402979,17559.388140235937
Zcchc12,11910.42860068352,18275.50286128203
Zcchc12,11919.504688347766,18272.639923412476
Zcchc12,12028.482067507723,17549.313142974504
Zcchc12,12266.64354229418,17888.48645790117
Zcchc12,12476.552930630674,17078.441451168605
Zcchc12,13146.085049323754,16564.5094427659
Zcchc12,13251.08215527148,16820.14400264882
